&CONTROL
  calculation = 'scf'
  prefix = 'slab__atomic'
  outdir = '/anvil/projects/x-che260157/sts_arm_c_2026-10-07/runs/hea/arm_c_2026-10-07/Ni34Fe6Cu29Co31__s29_site1/tmp_slab__atomic'
  pseudo_dir = '/anvil/projects/x-che260157/pseudo'
  tprnfor = .true.
  forc_conv_thr = 2.0d-3
  nstep = 200
  max_seconds = 165000
/
&SYSTEM
  ibrav = 0
  nat = 72
  ntyp = 5
  ecutwfc = 80.0
  ecutrho = 640.0
  occupations = 'smearing'
  smearing = 'mv'
  degauss = 0.01
  nosym = .true.
  noinv = .true.
  nspin = 2
  starting_magnetization(1) = 0.4
  starting_magnetization(2) = 0.2
  starting_magnetization(3) = 0.5
  starting_magnetization(4) = 0.3
  starting_magnetization(5) = 0.0
/
&ELECTRONS
  conv_thr = 1.0d-6
  mixing_mode = 'local-TF'
  mixing_beta = 0.3
  electron_maxstep = 300
/
&IONS
  ion_dynamics = 'bfgs'
/
ATOMIC_SPECIES
  Co  58.933  Co_pbe_v1.2.uspp.F.UPF
  Cu  63.546  Cu.paw.z_11.ld1.psl.v1.0.0-low.upf
  Fe  55.845  Fe.pbe-spn-kjpaw_psl.0.2.1.UPF
  Ni  58.693  ni_pbe_v1.4.uspp.F.UPF
  O  15.999  O.pbe-n-kjpaw_psl.0.1.UPF
CELL_PARAMETERS angstrom
  5.9836890966162155  0.0  3.663952849631983e-16
  2.027953248454331e-15  12.610687678965995  7.721819150546336e-16
  0.0  0.0  25.221375357931993
ATOMIC_POSITIONS angstrom
  Fe  7.604824681703743e-16  4.729007879612248  9.4580157592245  0 0 0
  Ni  1.7744590923975398e-15  11.034351719095245  9.4580157592245  0 0 0
  Cu  2.9918445483081086  4.729007879612248  9.4580157592245  0 0 0
  Ni  2.9918445483081095  11.034351719095245  9.458015759224498  0 0 0
  Ni  1.495922274154054  1.5763359598707491  9.4580157592245  0 0 0
  Cu  1.4959222741540554  7.881679799353747  9.4580157592245  0 0 0
  Co  4.487766822462162  1.5763359598707491  9.4580157592245  0 0 0
  Cu  4.487766822462162  7.881679799353747  9.458015759224498  0 0 0
  Co  0.005367490594510797  1.6047182604291947  12.543040212830434  1 1 1
  Ni  -0.002155473222790545  7.85827873142715  12.538242812792243  1 1 1
  Ni  2.9950356250072017  1.6133398274900312  12.58070420711823  1 1 1
  Co  2.988667911788025  7.869931470809423  12.466492716049215  1 1 1
  Cu  1.5001264765543627  4.735833014835192  12.573277790876528  1 1 1
  Cu  1.4979598013993791  11.036940543453928  12.576791362752537  1 1 1
  Ni  4.479676712137511  4.742707523243946  12.53760342226304  1 1 1
  Cu  4.486668891953714  11.028812625848738  12.584569944265377  1 1 1
  Ni  0.0022834761646999837  4.723354427895285  15.664069495569855  1 1 1
  Ni  0.0015240615067760325  11.033133112835449  15.73479652210444  1 1 1
  Cu  2.9961187735832033  4.732107072383093  15.710301271382326  1 1 1
  Fe  2.9922670216027103  11.030772365915645  15.656583538256882  1 1 1
  Co  1.5171088462460451  1.619395694894197  15.726088853316847  1 1 1
  Co  1.4980885566943136  7.839119655071576  15.684894652662795  1 1 1
  Co  4.471848120038615  1.6206578723877416  15.730654071736579  1 1 1
  Co  4.498779380591925  7.836134702236543  15.685559662299344  1 1 1
  O  2.534941560567914e-16  1.5763359598707491  10.687557807923683  0 0 0
  O  1.2674707802839571e-15  7.881679799353747  10.687557807923683  0 0 0
  O  2.9918445483081086  1.5763359598707491  10.687557807923683  0 0 0
  O  2.991844548308109  7.881679799353747  10.687557807923683  0 0 0
  O  2.534941560567914e-16  1.5763359598707491  8.228473710525313  0 0 0
  O  1.2674707802839571e-15  7.881679799353747  8.228473710525313  0 0 0
  O  2.9918445483081086  1.5763359598707491  8.228473710525313  0 0 0
  O  2.991844548308109  7.881679799353747  8.228473710525313  0 0 0
  O  1.4959222741540548  3.4994658309130626  9.4580157592245  0 0 0
  O  1.4959222741540557  9.804809670396061  9.4580157592245  0 0 0
  O  4.487766822462163  3.4994658309130626  9.4580157592245  0 0 0
  O  4.487766822462163  9.804809670396061  9.458015759224498  0 0 0
  O  1.4959222741540548  5.958549928311433  9.4580157592245  0 0 0
  O  1.495922274154056  12.263893767794428  9.458015759224498  0 0 0
  O  4.487766822462163  5.958549928311433  9.4580157592245  0 0 0
  O  4.487766822462163  12.263893767794428  9.4580157592245  0 0 0
  O  -0.021503752913779855  4.7490919351130865  13.759880208900206  1 1 1
  O  0.003337507004175787  11.020589905005743  13.777198848922472  1 1 1
  O  3.0288241410852375  4.759231737103765  13.695828768922745  1 1 1
  O  2.99036718336809  11.025465126824937  13.818389031473393  1 1 1
  O  7.604824681703743e-16  4.729007879612248  11.381145630266811  0 0 0
  O  1.7744590923975398e-15  11.034351719095245  11.381145630266811  0 0 0
  O  2.9918445483081086  4.729007879612248  11.381145630266811  0 0 0
  O  2.9918445483081095  11.034351719095245  11.38114563026681  0 0 0
  O  1.4691436947614869  0.4433545977824467  12.610242876975338  1 1 1
  O  1.5347258246821185  6.695131782071199  12.60122115442477  1 1 1
  O  4.533812861189309  0.45087818616233694  12.578879110901633  1 1 1
  O  4.458874911411481  6.691006057168238  12.57097154397649  1 1 1
  O  1.479046880955012  2.791763167099245  12.630726087954669  1 1 1
  O  1.525514469054191  9.029538921804686  12.563313632849674  1 1 1
  O  4.513302970572854  2.800671649058054  12.567660915333676  1 1 1
  O  4.441912040083761  9.022673170098805  12.565173163910096  1 1 1
  O  0.006443472301945701  1.5482950259134125  16.75156617091923  1 1 1
  O  0.007081040985831271  7.9128369817911715  16.75099403556938  1 1 1
  O  2.990464716203433  1.5444826593647822  16.796039977367922  1 1 1
  O  3.001351023643031  7.9040976735206145  16.73144797573667  1 1 1
  O  -0.005024234332329701  1.6236917208195643  14.414687706898835  1 1 1
  O  -0.012749963907177574  7.840797583693958  14.474586068011135  1 1 1
  O  3.003754936657181  1.5568532251044087  14.526105762942807  1 1 1
  O  2.994780378753487  7.901076508759556  14.409828399152088  1 1 1
  O  1.5658473703088134  3.4417815032028614  15.89083754570981  1 1 1
  O  1.503410620521459  9.746343390512715  15.932305707249157  1 1 1
  O  4.426213461244873  3.4419398097333205  15.918776684339315  1 1 1
  O  4.483067204838062  9.752548129416306  15.9306320816477  1 1 1
  O  1.5600865025365254  6.023752313142927  15.864236583657236  1 1 1
  O  1.5093215027757638  12.306160912237813  15.94766554579017  1 1 1
  O  4.433317369411546  6.019461419920561  15.895146161342167  1 1 1
  O  4.476181886101431  12.30498492930093  15.950646354505693  1 1 1
K_POINTS automatic
  4 2 1 0 0 0
HUBBARD (atomic)
U Co-3d 3.3200
U Fe-3d 5.3000
U Ni-3d 6.2000
