&CONTROL
  calculation = 'scf'
  prefix = 'OH__atomic_ndim16'
  outdir = './tmp'
  pseudo_dir = '/usr/share/espresso/pseudo'
  tprnfor = .true.
  forc_conv_thr = 2.0d-3
  nstep = 200
  max_seconds = 165000
/
&SYSTEM
  ibrav = 0
  nat = 74
  ntyp = 6
  ecutwfc = 80.0
  ecutrho = 640.0
  occupations = 'smearing'
  smearing = 'mv'
  degauss = 0.01
  nosym = .true.
  noinv = .true.
  nspin = 2
  starting_magnetization(1) = 0.4
  starting_magnetization(2) = 0.6
  starting_magnetization(3) = 0.2
  starting_magnetization(4) = 0.3
  starting_magnetization(5) = 0.0
  starting_magnetization(6) = 0.0
/
&ELECTRONS
  conv_thr = 1.0d-6
  mixing_mode = 'local-TF'
  mixing_beta = 0.3
  mixing_ndim = 16
  electron_maxstep = 300
/
&IONS
  ion_dynamics = 'bfgs'
/
ATOMIC_SPECIES
  Co  58.933  Co_pbe_v1.2.uspp.F.UPF
  Cr  51.996  cr_pbe_v1.5.uspp.F.UPF
  Cu  63.546  Cu.paw.z_11.ld1.psl.v1.0.0-low.upf
  Ni  58.693  ni_pbe_v1.4.uspp.F.UPF
  O  15.999  O.pbe-n-kjpaw_psl.0.1.UPF
  H  1.008  H.pbe-rrkjus_psl.1.0.0.UPF
CELL_PARAMETERS angstrom
  5.937647166200523  0.0  3.6357602982769114e-16
  2.0233485575117938e-15  12.582053725309144  7.704285910699937e-16
  0.0  0.0  25.164107450618296
ATOMIC_POSITIONS angstrom
  Cu  2.5291856968897417e-16  1.5727567156636428  9.43654029398186  0 0 0
  Ni  1.2645928484448713e-15  7.863783578318215  9.43654029398186  0 0 0
  Cu  2.9688235831002623  1.5727567156636428  9.43654029398186  0 0 0
  Cu  2.9688235831002627  7.863783578318215  9.43654029398186  0 0 0
  Co  1.4844117915501316  4.718270146990929  9.43654029398186  0 0 0
  Co  1.4844117915501327  11.0092970096455  9.43654029398186  0 0 0
  Co  4.453235374650393  4.718270146990929  9.43654029398186  0 0 0
  Cr  4.453235374650394  11.0092970096455  9.436540293981862  0 0 0
  Co  -0.02055760053743665  4.694351290051078  12.633009907985942  1 1 1
  Cr  -0.03704312201672747  11.000637036958139  12.652842154932499  1 1 1
  Cr  2.928560024927804  4.6750318197447225  12.640852822199223  1 1 1
  Cr  2.9327918100135166  11.003752025159514  12.617943796859635  1 1 1
  Co  1.550642975956058  1.5556190087699624  12.472210342640249  1 1 1
  Ni  1.47468058647297  7.817406662390029  12.54673986543061  1 1 1
  Cu  4.464369271908336  1.5823743702078443  12.5545193905491  1 1 1
  Cu  4.511009289474073  7.817056821783959  12.57307540933677  1 1 1
  Cr  0.014673925788979955  1.5261312499176272  15.631772030351893  1 1 1
  Cr  0.02304501797385293  7.765873582441292  15.928365315832588  1 1 1
  Cu  2.9715509241097053  1.5452548790969576  15.912179766954948  1 1 1
  Cr  2.9862195970820453  7.77870952746875  15.557087267351575  1 1 1
  Co  1.5108536671235449  4.608337224869203  15.832694705238556  1 1 1
  Cr  1.52668330541865  10.97751909229257  15.920546228095711  1 1 1
  Co  4.473237971523549  4.622716923103421  15.844537613669372  1 1 1
  Co  4.424242655337127  11.003965876184635  15.902053319752705  1 1 1
  O  7.587557090669226e-16  4.718270146990929  10.663290532199504  0 0 0
  O  1.7704299878228195e-15  11.0092970096455  10.663290532199504  0 0 0
  O  2.9688235831002623  4.718270146990929  10.663290532199504  0 0 0
  O  2.968823583100263  11.0092970096455  10.663290532199504  0 0 0
  O  7.587557090669229e-16  4.718270146990931  8.209790055764218  0 0 0
  O  1.7704299878228197e-15  11.009297009645502  8.209790055764218  0 0 0
  O  2.9688235831002623  4.718270146990931  8.209790055764218  0 0 0
  O  2.968823583100263  11.009297009645502  8.209790055764218  0 0 0
  O  1.484411791550131  0.3460064774460025  9.43654029398186  0 0 0
  O  1.484411791550132  6.637033340100575  9.43654029398186  0 0 0
  O  4.453235374650392  0.3460064774460025  9.43654029398186  0 0 0
  O  4.453235374650393  6.637033340100575  9.43654029398186  0 0 0
  O  1.4844117915501314  2.7995069538812856  9.43654029398186  0 0 0
  O  1.4844117915501325  9.090533816535856  9.43654029398186  0 0 0
  O  4.453235374650393  2.7995069538812856  9.43654029398186  0 0 0
  O  4.453235374650394  9.090533816535856  9.43654029398186  0 0 0
  O  0.049119125030337184  1.4882235582685397  13.948320573989434  1 1 1
  O  0.029740470871459562  7.879682265220753  14.10010064418323  1 1 1
  O  2.918672790111008  1.558843328226899  13.718252862955964  1 1 1
  O  3.0127867545221956  7.81191124825581  13.855544973507433  1 1 1
  O  2.529185696889745e-16  1.5727567156636444  11.355303487091508  0 0 0
  O  1.2645928484448713e-15  7.863783578318215  11.355303487091508  0 0 0
  O  2.9688235831002623  1.5727567156636444  11.355303487091508  0 0 0
  O  2.9688235831002627  7.863783578318215  11.355303487091508  0 0 0
  O  1.4658877986568033  3.410372713647996  12.561106129053387  1 1 1
  O  1.5403581003820659  9.821366353779393  12.603638895184591  1 1 1
  O  4.510386192467166  3.5078445137245615  12.519992650979919  1 1 1
  O  4.488224848762944  9.765348105236056  12.66397900392616  1 1 1
  O  1.4793420822309982  5.855920077969149  12.616519056894766  1 1 1
  O  1.4704531055729904  12.295547270281263  12.553257676820415  1 1 1
  O  4.498943327306246  5.902793771223567  12.583411981923925  1 1 1
  O  4.442025619828358  12.202241609402712  12.614802787481649  1 1 1
  O  -0.016748900364585578  4.709744828248211  16.86793557239096  1 1 1
  O  0.008919690145951854  10.795720755192425  16.928099034543006  1 1 1
  O  3.0101734299994996  4.599227303973959  16.866828942807665  1 1 1
  O  2.909496673176096  11.046686686384408  17.0071750345317  1 1 1
  O  -0.033438728076798194  4.6414787153230455  14.482735148495479  1 1 1
  O  0.11983402354185002  11.040179992997492  14.485443287573045  1 1 1
  O  3.0310852947079834  4.631152871841123  14.45242243498279  1 1 1
  O  2.9180964146857855  11.028005885110693  14.554850074856633  1 1 1
  O  1.409912182843308  0.3949851485988188  16.127643963354476  1 1 1
  O  1.5853325323957181  6.538827305988075  15.880018864146653  1 1 1
  O  4.480566247037257  0.27886473278652796  16.02541671404114  1 1 1
  O  4.354801860927053  6.602022485580841  15.936343669139422  1 1 1
  O  1.4754790619020566  2.7933425736247597  15.991063383348006  1 1 1
  O  1.6379746473609538  8.994232002178418  15.92152337551259  1 1 1
  O  4.537422651040871  2.692446279502688  16.03026300021783  1 1 1
  O  4.3860012734822105  9.096908041979823  15.847473246424311  1 1 1
  O  0.01177674876343001  8.022368261330598  17.743223176336542  1 1 1
  H  0.12859358079479563  8.97971544781286  17.93339087967164  1 1 1
K_POINTS automatic
  4 2 1 0 0 0
HUBBARD (atomic)
U Co-3d 3.3200
U Cr-3d 3.7000
U Ni-3d 6.2000
