&CONTROL
  calculation = 'scf'
  prefix = 'slab__atomic_ndim16'
  outdir = '/anvil/projects/x-che260157/sts_arm_c_2026-10-07_rerun/runs/hea/arm_c_2026-10-07_rerun/Cu26Ni9Cr31Co33__s5_site2/tmp_slab__atomic_ndim16'
  pseudo_dir = '/anvil/projects/x-che260157/pseudo'
  tprnfor = .true.
  forc_conv_thr = 2.0d-3
  nstep = 200
  max_seconds = 165000
/
&SYSTEM
  ibrav = 0
  nat = 72
  ntyp = 5
  ecutwfc = 80.0
  ecutrho = 640.0
  occupations = 'smearing'
  smearing = 'mv'
  degauss = 0.01
  nosym = .true.
  noinv = .true.
  nspin = 2
  starting_magnetization(1) = 0.4
  starting_magnetization(2) = 0.6
  starting_magnetization(3) = 0.2
  starting_magnetization(4) = 0.3
  starting_magnetization(5) = 0.0
/
&ELECTRONS
  conv_thr = 1.0d-6
  mixing_mode = 'local-TF'
  mixing_beta = 0.3
  mixing_ndim = 16
  electron_maxstep = 300
/
&IONS
  ion_dynamics = 'bfgs'
/
ATOMIC_SPECIES
  Co  58.933  Co_pbe_v1.2.uspp.F.UPF
  Cr  51.996  cr_pbe_v1.5.uspp.F.UPF
  Cu  63.546  Cu.paw.z_11.ld1.psl.v1.0.0-low.upf
  Ni  58.693  ni_pbe_v1.4.uspp.F.UPF
  O  15.999  O.pbe-n-kjpaw_psl.0.1.UPF
CELL_PARAMETERS angstrom
  5.937647166200523  0.0  3.6357602982769114e-16
  2.0233485575117938e-15  12.582053725309144  7.704285910699937e-16
  0.0  0.0  25.164107450618296
ATOMIC_POSITIONS angstrom
  Co  2.5291856968897417e-16  1.5727567156636428  9.43654029398186  0 0 0
  Co  1.2645928484448713e-15  7.863783578318215  9.43654029398186  0 0 0
  Cr  2.9688235831002623  1.5727567156636428  9.43654029398186  0 0 0
  Cu  2.9688235831002627  7.863783578318215  9.43654029398186  0 0 0
  Cr  1.4844117915501316  4.718270146990929  9.43654029398186  0 0 0
  Ni  1.4844117915501327  11.0092970096455  9.43654029398186  0 0 0
  Ni  4.453235374650393  4.718270146990929  9.43654029398186  0 0 0
  Co  4.453235374650394  11.0092970096455  9.436540293981862  0 0 0
  Cu  0.0037446364328337246  4.735092531145402  12.55394381071574  1 1 1
  Co  -0.007854189820248719  11.005967606975375  12.442366124644153  1 1 1
  Cr  2.984184520456583  4.729489449512458  12.793805632324718  1 1 1
  Co  2.9598536277395593  11.007290623394704  12.69977489623919  1 1 1
  Co  1.5043704336266304  1.5692531027304177  12.544152184489771  1 1 1
  Cu  1.4890666648027353  7.886887931458777  12.567079226791448  1 1 1
  Cu  4.481520177647453  1.571118292592405  12.608712846007078  1 1 1
  Co  4.361201197398112  7.881102605747694  12.497045681614102  1 1 1
  Cr  0.03284493469039273  1.580902799709543  15.724073126002585  1 1 1
  Cr  -0.011515224068355812  7.821907875857753  15.690451533028199  1 1 1
  Cr  3.0001715733723735  1.5707819503364875  15.726755904871553  1 1 1
  Cu  2.9901327954446364  7.884452990850146  16.02294144667821  1 1 1
  Cu  1.536876458947066  4.757729823352517  15.988191998049182  1 1 1
  Co  1.530983151561889  10.961113565148693  15.86182635279533  1 1 1
  Cr  4.644745938289946  4.651541451745127  16.526427240638697  1 1 1
  Cr  4.653717335272138  10.982287760643064  15.900366807110144  1 1 1
  O  7.587557090669226e-16  4.718270146990929  10.663290532199504  0 0 0
  O  1.7704299878228195e-15  11.0092970096455  10.663290532199504  0 0 0
  O  2.9688235831002623  4.718270146990929  10.663290532199504  0 0 0
  O  2.968823583100263  11.0092970096455  10.663290532199504  0 0 0
  O  7.587557090669229e-16  4.718270146990931  8.209790055764218  0 0 0
  O  1.7704299878228197e-15  11.009297009645502  8.209790055764218  0 0 0
  O  2.9688235831002623  4.718270146990931  8.209790055764218  0 0 0
  O  2.968823583100263  11.009297009645502  8.209790055764218  0 0 0
  O  1.484411791550131  0.3460064774460025  9.43654029398186  0 0 0
  O  1.484411791550132  6.637033340100575  9.43654029398186  0 0 0
  O  4.453235374650392  0.3460064774460025  9.43654029398186  0 0 0
  O  4.453235374650393  6.637033340100575  9.43654029398186  0 0 0
  O  1.4844117915501314  2.7995069538812856  9.43654029398186  0 0 0
  O  1.4844117915501325  9.090533816535856  9.43654029398186  0 0 0
  O  4.453235374650393  2.7995069538812856  9.43654029398186  0 0 0
  O  4.453235374650394  9.090533816535856  9.43654029398186  0 0 0
  O  0.05479001958601962  1.6174540519494855  13.971950812631256  1 1 1
  O  -0.027288869005115686  7.818429132768713  14.01779058662826  1 1 1
  O  2.984719361592748  1.6061955964347077  13.92273812858338  1 1 1
  O  3.0110589447675142  7.867954484810992  13.723097298072322  1 1 1
  O  2.529185696889745e-16  1.5727567156636444  11.355303487091508  0 0 0
  O  1.2645928484448713e-15  7.863783578318215  11.355303487091508  0 0 0
  O  2.9688235831002623  1.5727567156636444  11.355303487091508  0 0 0
  O  2.9688235831002627  7.863783578318215  11.355303487091508  0 0 0
  O  1.5112169842458674  3.438287983823502  12.663991101362434  1 1 1
  O  1.4430581041376331  9.85351364755784  12.623875884074241  1 1 1
  O  4.470670800592893  3.5389994387490034  12.613239373762392  1 1 1
  O  4.448691399670359  9.745976120261254  12.595785207570527  1 1 1
  O  1.4869693632616638  5.912890316690324  12.709635213247054  1 1 1
  O  1.4718889895610519  12.289803613049902  12.639583607949218  1 1 1
  O  4.433204506618689  6.013674965312624  12.625085697655152  1 1 1
  O  4.490574646182294  12.177348727631799  12.588834459507375  1 1 1
  O  -0.4096045797501807  4.670785669231449  17.853631968621826  1 1 1
  O  0.010282354766434321  11.021986435644314  17.05668367323682  1 1 1
  O  3.029650550607333  4.802381670757941  17.060934612167507  1 1 1
  O  2.991189553963605  10.96674767294238  16.845778038436205  1 1 1
  O  -0.13887383757402152  4.776671283895568  15.189547976257591  1 1 1
  O  -0.04721421612537334  10.94944660801345  14.608370382191751  1 1 1
  O  3.0542042746500435  4.684303284718591  14.457969475924779  1 1 1
  O  3.032729975234912  10.992121513478908  14.485002554236688  1 1 1
  O  1.5112962655858344  0.3192699127995778  15.989725359624178  1 1 1
  O  1.4737932286181235  6.698431566359812  16.1854762227802  1 1 1
  O  4.5119031838384664  0.37262314753401865  16.01995901225683  1 1 1
  O  4.572451072866441  6.708233966684358  16.247534889312607  1 1 1
  O  1.5171977681770394  2.770418131726462  16.164147431843926  1 1 1
  O  1.4545133057086226  9.073071539771249  16.027108879197495  1 1 1
  O  4.512962631495541  2.791828143446382  16.192539962136408  1 1 1
  O  4.545047401175341  9.058641894582108  16.108263168086605  1 1 1
K_POINTS automatic
  4 2 1 0 0 0
HUBBARD (atomic)
U Co-3d 3.3200
U Cr-3d 3.7000
U Ni-3d 6.2000
