&CONTROL
  calculation = 'scf'
  prefix = 'O__atomic'
  outdir = './tmp'
  pseudo_dir = '/usr/share/espresso/pseudo'
  tprnfor = .true.
  forc_conv_thr = 2.0d-3
  nstep = 200
  max_seconds = 165000
/
&SYSTEM
  ibrav = 0
  nat = 73
  ntyp = 5
  ecutwfc = 80.0
  ecutrho = 640.0
  occupations = 'smearing'
  smearing = 'mv'
  degauss = 0.01
  nosym = .true.
  noinv = .true.
  nspin = 2
  starting_magnetization(1) = 0.4
  starting_magnetization(2) = 0.2
  starting_magnetization(3) = 0.5
  starting_magnetization(4) = 0.3
  starting_magnetization(5) = 0.0
/
&ELECTRONS
  conv_thr = 1.0d-6
  mixing_mode = 'local-TF'
  mixing_beta = 0.3
  electron_maxstep = 300
/
&IONS
  ion_dynamics = 'bfgs'
/
ATOMIC_SPECIES
  Co  58.933  Co_pbe_v1.2.uspp.F.UPF
  Cu  63.546  Cu.paw.z_11.ld1.psl.v1.0.0-low.upf
  Fe  55.845  Fe.pbe-spn-kjpaw_psl.0.2.1.UPF
  Ni  58.693  ni_pbe_v1.4.uspp.F.UPF
  O  15.999  O.pbe-n-kjpaw_psl.0.1.UPF
CELL_PARAMETERS angstrom
  5.9836890966162155  0.0  3.663952849631983e-16
  2.027953248454331e-15  12.610687678965995  7.721819150546336e-16
  0.0  0.0  25.221375357931993
ATOMIC_POSITIONS angstrom
  Ni  7.604824681703743e-16  4.729007879612248  9.4580157592245  0 0 0
  Co  1.7744590923975398e-15  11.034351719095245  9.4580157592245  0 0 0
  Co  2.9918445483081086  4.729007879612248  9.4580157592245  0 0 0
  Ni  2.9918445483081095  11.034351719095245  9.458015759224498  0 0 0
  Ni  1.495922274154054  1.5763359598707491  9.4580157592245  0 0 0
  Cu  1.4959222741540554  7.881679799353747  9.4580157592245  0 0 0
  Ni  4.487766822462162  1.5763359598707491  9.4580157592245  0 0 0
  Cu  4.487766822462162  7.881679799353747  9.458015759224498  0 0 0
  Cu  0.007776191518454883  1.5657073849564953  12.664151265095967  1 1 1
  Co  0.003203866835684165  7.922075108341639  12.443244461642783  1 1 1
  Ni  2.9845435267488662  1.560023699010694  12.647604931444622  1 1 1
  Co  2.9882501108901844  7.915421766604467  12.45285792918109  1 1 1
  Ni  1.4805759203823408  4.724467645530222  12.606579266814105  1 1 1
  Cu  1.5011225157489605  11.045555618117163  12.585464187690828  1 1 1
  Fe  4.516923183805404  4.738622533856079  12.579771691962314  1 1 1
  Cu  4.491355274905616  11.05245495604681  12.588043263868041  1 1 1
  Ni  0.1289166400035082  4.996632519312625  15.723034430428584  1 1 1
  Cu  0.027581752505346238  11.023485542040092  15.815241325826904  1 1 1
  Fe  2.956995298193345  4.9718261537594985  15.667619226761557  1 1 1
  Co  3.0136794221094414  11.055091747036952  15.593617916616695  1 1 1
  Cu  1.5197293323737728  1.618083009609056  15.823739514886624  1 1 1
  Co  1.551260390927978  8.053228164957586  15.704995413029955  1 1 1
  Ni  4.5153223457640985  1.4430617592084307  15.788273713016723  1 1 1
  Co  4.541367803996876  7.981189395661313  15.624090177478035  1 1 1
  O  2.534941560567914e-16  1.5763359598707491  10.687557807923683  0 0 0
  O  1.2674707802839571e-15  7.881679799353747  10.687557807923683  0 0 0
  O  2.9918445483081086  1.5763359598707491  10.687557807923683  0 0 0
  O  2.991844548308109  7.881679799353747  10.687557807923683  0 0 0
  O  2.534941560567914e-16  1.5763359598707491  8.228473710525313  0 0 0
  O  1.2674707802839571e-15  7.881679799353747  8.228473710525313  0 0 0
  O  2.9918445483081086  1.5763359598707491  8.228473710525313  0 0 0
  O  2.991844548308109  7.881679799353747  8.228473710525313  0 0 0
  O  1.4959222741540548  3.4994658309130626  9.4580157592245  0 0 0
  O  1.4959222741540557  9.804809670396061  9.4580157592245  0 0 0
  O  4.487766822462163  3.4994658309130626  9.4580157592245  0 0 0
  O  4.487766822462163  9.804809670396061  9.458015759224498  0 0 0
  O  1.4959222741540548  5.958549928311433  9.4580157592245  0 0 0
  O  1.495922274154056  12.263893767794428  9.458015759224498  0 0 0
  O  4.487766822462163  5.958549928311433  9.4580157592245  0 0 0
  O  4.487766822462163  12.263893767794428  9.4580157592245  0 0 0
  O  -0.016541427436723107  4.743551532046544  13.840806220557106  1 1 1
  O  0.010929542115586768  11.068333368185538  13.754439756574563  1 1 1
  O  3.0272292984484452  4.767026808752435  13.819544912874022  1 1 1
  O  3.0008185464379995  11.01575644404051  13.898833902748944  1 1 1
  O  7.604824681703743e-16  4.729007879612248  11.381145630266811  0 0 0
  O  1.7744590923975398e-15  11.034351719095245  11.381145630266811  0 0 0
  O  2.9918445483081086  4.729007879612248  11.381145630266811  0 0 0
  O  2.9918445483081095  11.034351719095245  11.38114563026681  0 0 0
  O  1.5203781467058561  0.3696216730006895  12.692340819621194  1 1 1
  O  1.4991813590672924  6.766296940732324  12.58434902995453  1 1 1
  O  4.474620182522844  0.38621602261518373  12.689162113733579  1 1 1
  O  4.482163990413002  6.731453938953903  12.576197722084448  1 1 1
  O  1.529467697475837  2.7475497757619256  12.677948340099952  1 1 1
  O  1.4958551402987845  9.073941252555867  12.555511633835138  1 1 1
  O  4.459252371148022  2.7762243483977893  12.658410304240553  1 1 1
  O  4.494647227748873  9.079687138937144  12.539461104503568  1 1 1
  O  0.021498467065562167  1.4517765593521705  16.944011428114624  1 1 1
  O  -0.00895009833024297  8.005760472308326  16.722800058036544  1 1 1
  O  3.009783511212843  1.5366352639691734  16.958994416253276  1 1 1
  O  3.0934046679588225  8.003357055082207  16.725314222851217  1 1 1
  O  0.01524159874538647  1.6464452946865684  14.636652638374693  1 1 1
  O  0.007697203518098275  8.006039283498804  14.395737543552373  1 1 1
  O  3.0320705852033685  1.627793438305926  14.636380103466513  1 1 1
  O  3.0130947364442022  8.000544746886149  14.384135599021977  1 1 1
  O  1.55488462441606  3.7836143606229857  16.001534770792617  1 1 1
  O  1.542406526973103  9.85881777369702  15.92512909878852  1 1 1
  O  4.232865838889173  3.417962774526602  16.3975388084691  1 1 1
  O  4.4863121855065256  9.830675292631259  15.929206670018077  1 1 1
  O  1.5715893838852664  6.260180234014474  16.01711472296739  1 1 1
  O  1.5695971014102186  12.138064318357234  16.03469473459447  1 1 1
  O  4.512989952351816  6.048238032257137  15.821021717687087  1 1 1
  O  4.474199947610604  12.128227522059687  16.008388292884124  1 1 1
  O  -0.8249777919534097  3.919302128125047  17.20388220957962  1 1 1
K_POINTS automatic
  4 2 1 0 0 0
HUBBARD (atomic)
U Co-3d 3.3200
U Fe-3d 5.3000
U Ni-3d 6.2000
