&CONTROL
  calculation = 'scf'
  prefix = 'OH__atomic'
  outdir = './tmp'
  pseudo_dir = '/usr/share/espresso/pseudo'
  tprnfor = .true.
  forc_conv_thr = 2.0d-3
  nstep = 200
  max_seconds = 165000
/
&SYSTEM
  ibrav = 0
  nat = 74
  ntyp = 6
  ecutwfc = 80.0
  ecutrho = 640.0
  occupations = 'smearing'
  smearing = 'mv'
  degauss = 0.01
  nosym = .true.
  noinv = .true.
  nspin = 2
  starting_magnetization(1) = 0.4
  starting_magnetization(2) = 0.2
  starting_magnetization(3) = 0.5
  starting_magnetization(4) = 0.3
  starting_magnetization(5) = 0.0
  starting_magnetization(6) = 0.0
/
&ELECTRONS
  conv_thr = 1.0d-6
  mixing_mode = 'local-TF'
  mixing_beta = 0.3
  electron_maxstep = 300
/
&IONS
  ion_dynamics = 'bfgs'
/
ATOMIC_SPECIES
  Co  58.933  Co_pbe_v1.2.uspp.F.UPF
  Cu  63.546  Cu.paw.z_11.ld1.psl.v1.0.0-low.upf
  Fe  55.845  Fe.pbe-spn-kjpaw_psl.0.2.1.UPF
  Ni  58.693  ni_pbe_v1.4.uspp.F.UPF
  O  15.999  O.pbe-n-kjpaw_psl.0.1.UPF
  H  1.008  H.pbe-rrkjus_psl.1.0.0.UPF
CELL_PARAMETERS angstrom
  5.9836890966162155  0.0  3.663952849631983e-16
  2.027953248454331e-15  12.610687678965995  7.721819150546336e-16
  0.0  0.0  25.221375357931993
ATOMIC_POSITIONS angstrom
  Ni  7.604824681703743e-16  4.729007879612248  9.4580157592245  0 0 0
  Co  1.7744590923975398e-15  11.034351719095245  9.4580157592245  0 0 0
  Co  2.9918445483081086  4.729007879612248  9.4580157592245  0 0 0
  Ni  2.9918445483081095  11.034351719095245  9.458015759224498  0 0 0
  Ni  1.495922274154054  1.5763359598707491  9.4580157592245  0 0 0
  Cu  1.4959222741540554  7.881679799353747  9.4580157592245  0 0 0
  Ni  4.487766822462162  1.5763359598707491  9.4580157592245  0 0 0
  Cu  4.487766822462162  7.881679799353747  9.458015759224498  0 0 0
  Cu  0.009756723786291215  1.5789085328314452  12.655118487857878  1 1 1
  Co  0.006587439967310131  7.937229164142446  12.443002624554039  1 1 1
  Ni  2.9879574679902428  1.5711760158938937  12.63391122945  1 1 1
  Co  2.9888140244188683  7.932702480103646  12.449987260643674  1 1 1
  Ni  1.474644882964922  4.747755947526574  12.60476260295378  1 1 1
  Cu  1.5002052241130481  11.058555320032726  12.5872392121037  1 1 1
  Fe  4.518369930213617  4.74595488319054  12.583270005796425  1 1 1
  Cu  4.49152572766572  11.06458380081704  12.590958215399965  1 1 1
  Ni  0.044796217856366956  4.872522759091295  15.823959667622173  1 1 1
  Cu  0.017168979348321782  11.053631468926529  15.806272057349252  1 1 1
  Fe  3.0351742604438376  4.86062663249827  15.66736735263952  1 1 1
  Co  3.0165598150782484  11.095811319312293  15.603924009564073  1 1 1
  Cu  1.5314819742703945  1.6160894965337018  15.823000386114488  1 1 1
  Co  1.5348493703669643  7.996693761437782  15.650911694519197  1 1 1
  Ni  4.537814841941361  1.6358582630735803  15.7616826582997  1 1 1
  Co  4.51455144404614  7.987781389847709  15.63684800997755  1 1 1
  O  2.534941560567914e-16  1.5763359598707491  10.687557807923683  0 0 0
  O  1.2674707802839571e-15  7.881679799353747  10.687557807923683  0 0 0
  O  2.9918445483081086  1.5763359598707491  10.687557807923683  0 0 0
  O  2.991844548308109  7.881679799353747  10.687557807923683  0 0 0
  O  2.534941560567914e-16  1.5763359598707491  8.228473710525313  0 0 0
  O  1.2674707802839571e-15  7.881679799353747  8.228473710525313  0 0 0
  O  2.9918445483081086  1.5763359598707491  8.228473710525313  0 0 0
  O  2.991844548308109  7.881679799353747  8.228473710525313  0 0 0
  O  1.4959222741540548  3.4994658309130626  9.4580157592245  0 0 0
  O  1.4959222741540557  9.804809670396061  9.4580157592245  0 0 0
  O  4.487766822462163  3.4994658309130626  9.4580157592245  0 0 0
  O  4.487766822462163  9.804809670396061  9.458015759224498  0 0 0
  O  1.4959222741540548  5.958549928311433  9.4580157592245  0 0 0
  O  1.495922274154056  12.263893767794428  9.458015759224498  0 0 0
  O  4.487766822462163  5.958549928311433  9.4580157592245  0 0 0
  O  4.487766822462163  12.263893767794428  9.4580157592245  0 0 0
  O  -0.010362998746235953  4.818082484938072  13.831717248098347  1 1 1
  O  0.010349101402575207  11.100787224283788  13.759403758006883  1 1 1
  O  3.009154910883093  4.8321192918991125  13.781068670811313  1 1 1
  O  3.001135512592404  11.043653049938147  13.90841280785938  1 1 1
  O  7.604824681703743e-16  4.729007879612248  11.381145630266811  0 0 0
  O  1.7744590923975398e-15  11.034351719095245  11.381145630266811  0 0 0
  O  2.9918445483081086  4.729007879612248  11.381145630266811  0 0 0
  O  2.9918445483081095  11.034351719095245  11.38114563026681  0 0 0
  O  1.5256075421663993  0.387266318404389  12.667252934684559  1 1 1
  O  1.4978518853426037  6.784177612700053  12.562736163585676  1 1 1
  O  4.474219593709112  0.39513659134492174  12.634236478428907  1 1 1
  O  4.4819988134361575  6.742968696446761  12.561845601280627  1 1 1
  O  1.535174804666639  2.7614786609877187  12.711259870614173  1 1 1
  O  1.492403651918665  9.09256672023463  12.546085794626535  1 1 1
  O  4.46100574448059  2.79211022126926  12.661152626138868  1 1 1
  O  4.501588239100414  9.095015887678787  12.544200082739033  1 1 1
  O  0.004186147464817198  1.7410279990515904  16.942651323288906  1 1 1
  O  0.017126376781351163  7.952516819457899  16.692173038549257  1 1 1
  O  3.061972743383679  1.6786711503399276  16.90647958002982  1 1 1
  O  3.011009830976827  7.966543054749378  16.708096591572584  1 1 1
  O  0.025534000103311565  1.5416978587373555  14.62739902999881  1 1 1
  O  0.02262463425420894  8.022331148685574  14.388009503991876  1 1 1
  O  3.04728551562474  1.5506716059105887  14.617903601376623  1 1 1
  O  3.0070974567979647  8.033211411072852  14.366328635431593  1 1 1
  O  1.6295290758170056  3.694056177787795  15.956669963246732  1 1 1
  O  1.5358523645255477  9.861902580764966  15.931557390899473  1 1 1
  O  4.45006351437967  3.670451538219189  15.876027440835424  1 1 1
  O  4.490785961634427  9.85191003773516  15.944986597472138  1 1 1
  O  1.5818774837563851  6.141597836190403  15.89266764515238  1 1 1
  O  1.548517794010424  12.180433148956926  16.038386876992863  1 1 1
  O  4.471994345331647  6.132584611690681  15.8872268354308  1 1 1
  O  4.462747692561867  12.19730500648818  16.023674612326694  1 1 1
  O  0.1475043918306743  4.501448148734584  17.695177036886523  1 1 1
  H  0.07382652467667498  3.5188664388641366  17.7879911897688  1 1 1
K_POINTS automatic
  4 2 1 0 0 0
HUBBARD (atomic)
U Co-3d 3.3200
U Fe-3d 5.3000
U Ni-3d 6.2000
