&CONTROL
  calculation = 'scf'
  prefix = 'OOH__atomic'
  outdir = './tmp'
  pseudo_dir = '/usr/share/espresso/pseudo'
  tprnfor = .true.
  forc_conv_thr = 2.0d-3
  nstep = 200
  max_seconds = 165000
/
&SYSTEM
  ibrav = 0
  nat = 75
  ntyp = 6
  ecutwfc = 80.0
  ecutrho = 640.0
  occupations = 'smearing'
  smearing = 'mv'
  degauss = 0.01
  nosym = .true.
  noinv = .true.
  nspin = 2
  starting_magnetization(1) = 0.4
  starting_magnetization(2) = 0.2
  starting_magnetization(3) = 0.5
  starting_magnetization(4) = 0.3
  starting_magnetization(5) = 0.0
  starting_magnetization(6) = 0.0
/
&ELECTRONS
  conv_thr = 1.0d-6
  mixing_mode = 'local-TF'
  mixing_beta = 0.3
  electron_maxstep = 300
/
&IONS
  ion_dynamics = 'bfgs'
/
ATOMIC_SPECIES
  Co  58.933  Co_pbe_v1.2.uspp.F.UPF
  Cu  63.546  Cu.paw.z_11.ld1.psl.v1.0.0-low.upf
  Fe  55.845  Fe.pbe-spn-kjpaw_psl.0.2.1.UPF
  Ni  58.693  ni_pbe_v1.4.uspp.F.UPF
  O  15.999  O.pbe-n-kjpaw_psl.0.1.UPF
  H  1.008  H.pbe-rrkjus_psl.1.0.0.UPF
CELL_PARAMETERS angstrom
  5.9836890966162155  0.0  3.663952849631983e-16
  2.027953248454331e-15  12.610687678965995  7.721819150546336e-16
  0.0  0.0  25.221375357931993
ATOMIC_POSITIONS angstrom
  Ni  7.604824681703743e-16  4.729007879612248  9.4580157592245  0 0 0
  Co  1.7744590923975398e-15  11.034351719095245  9.4580157592245  0 0 0
  Co  2.9918445483081086  4.729007879612248  9.4580157592245  0 0 0
  Ni  2.9918445483081095  11.034351719095245  9.458015759224498  0 0 0
  Ni  1.495922274154054  1.5763359598707491  9.4580157592245  0 0 0
  Cu  1.4959222741540554  7.881679799353747  9.4580157592245  0 0 0
  Ni  4.487766822462162  1.5763359598707491  9.4580157592245  0 0 0
  Cu  4.487766822462162  7.881679799353747  9.458015759224498  0 0 0
  Cu  -0.0011447034149571526  1.5503514030105405  12.671534671223984  1 1 1
  Co  0.0023825465715375214  7.908885628617747  12.446689525425136  1 1 1
  Ni  2.98089510138135  1.545442307799146  12.650062897915989  1 1 1
  Co  2.9859142744761598  7.905266863143931  12.4513716169606  1 1 1
  Ni  1.468948197833172  4.720271769423711  12.609147483799594  1 1 1
  Cu  1.4951998350012388  11.033962478814095  12.589820019351347  1 1 1
  Fe  4.518700762547056  4.717686888831596  12.582151365617392  1 1 1
  Cu  4.4859631804306  11.038511596140818  12.593020626410633  1 1 1
  Ni  0.018569670174409074  4.824130725863365  15.859067544344313  1 1 1
  Cu  -0.0038728162766262526  10.996277858004287  15.808693142803879  1 1 1
  Fe  3.0004357766500767  4.757330373860044  15.667820849088857  1 1 1
  Co  2.9980661390034142  11.035840465136625  15.605968850313955  1 1 1
  Cu  1.50765764384281  1.5631997591151456  15.839432032876449  1 1 1
  Co  1.4923033925620068  7.938506419331382  15.633098391236691  1 1 1
  Ni  4.517223522575232  1.5781769517743145  15.798926079163115  1 1 1
  Co  4.470677336778034  7.9201629313297595  15.65286010119432  1 1 1
  O  2.534941560567914e-16  1.5763359598707491  10.687557807923683  0 0 0
  O  1.2674707802839571e-15  7.881679799353747  10.687557807923683  0 0 0
  O  2.9918445483081086  1.5763359598707491  10.687557807923683  0 0 0
  O  2.991844548308109  7.881679799353747  10.687557807923683  0 0 0
  O  2.534941560567914e-16  1.5763359598707491  8.228473710525313  0 0 0
  O  1.2674707802839571e-15  7.881679799353747  8.228473710525313  0 0 0
  O  2.9918445483081086  1.5763359598707491  8.228473710525313  0 0 0
  O  2.991844548308109  7.881679799353747  8.228473710525313  0 0 0
  O  1.4959222741540548  3.4994658309130626  9.4580157592245  0 0 0
  O  1.4959222741540557  9.804809670396061  9.4580157592245  0 0 0
  O  4.487766822462163  3.4994658309130626  9.4580157592245  0 0 0
  O  4.487766822462163  9.804809670396061  9.458015759224498  0 0 0
  O  1.4959222741540548  5.958549928311433  9.4580157592245  0 0 0
  O  1.495922274154056  12.263893767794428  9.458015759224498  0 0 0
  O  4.487766822462163  5.958549928311433  9.4580157592245  0 0 0
  O  4.487766822462163  12.263893767794428  9.4580157592245  0 0 0
  O  -0.02841036787511277  4.757930595034667  13.798539407090438  1 1 1
  O  0.0017279341167233345  11.063230531258428  13.76131376309512  1 1 1
  O  3.009087544687778  4.793759810030008  13.787412279399172  1 1 1
  O  2.9885009853347477  11.000729390942759  13.91040713114042  1 1 1
  O  7.604824681703743e-16  4.729007879612248  11.381145630266811  0 0 0
  O  1.7744590923975398e-15  11.034351719095245  11.381145630266811  0 0 0
  O  2.9918445483081086  4.729007879612248  11.381145630266811  0 0 0
  O  2.9918445483081095  11.034351719095245  11.38114563026681  0 0 0
  O  1.5148992395634935  0.36096269658065844  12.691379398375911  1 1 1
  O  1.4937809154198358  6.761341250030575  12.561203088697466  1 1 1
  O  4.463942966366732  0.36857505945805646  12.656691495582692  1 1 1
  O  4.4763292449760055  6.720890972458093  12.556619096225248  1 1 1
  O  1.526658772814984  2.731409789256733  12.725422977887083  1 1 1
  O  1.488979258273425  9.065939932586511  12.561724865705251  1 1 1
  O  4.45094368957369  2.7614254431594327  12.658951776548541  1 1 1
  O  4.493783354752033  9.066824634806462  12.562728504366692  1 1 1
  O  -0.013287801307902655  1.6161941248762879  16.953391273018763  1 1 1
  O  0.017876567018711036  7.912465457757528  16.701331808958397  1 1 1
  O  3.0387561550758884  1.628266263715579  16.93469480428844  1 1 1
  O  3.0216600900235155  7.901043327745855  16.716218540543004  1 1 1
  O  -0.006945853754716237  1.475017431231374  14.649960483583259  1 1 1
  O  -0.010968701138232437  7.955904663889238  14.39233852301214  1 1 1
  O  3.0399424463627853  1.524848130311409  14.643134615069815  1 1 1
  O  2.9834085052668686  7.969468169252353  14.380048369805086  1 1 1
  O  1.5677640157877686  3.623489033634644  15.967814562498782  1 1 1
  O  1.5170622083687415  9.799856333791674  15.926827663671759  1 1 1
  O  4.450209938020329  3.6142721298454656  15.992151878598204  1 1 1
  O  4.459324394203764  9.809156603655904  15.942161954064783  1 1 1
  O  1.5511351555648105  6.060383752612978  15.892684625215766  1 1 1
  O  1.5347076899274055  12.120760129666577  16.032825742218602  1 1 1
  O  4.4434664755639774  6.046248520789063  15.933840550920083  1 1 1
  O  4.436984331671862  12.141054950814512  16.024616463978237  1 1 1
  O  0.017775617046111938  4.803147962416249  17.922771752681268  1 1 1
  O  1.2554238227890497  4.634858612972399  18.40133357635461  1 1 1
  H  1.0878182215188266  4.762480226148982  19.37858458580165  1 1 1
K_POINTS automatic
  4 2 1 0 0 0
HUBBARD (atomic)
U Co-3d 3.3200
U Fe-3d 5.3000
U Ni-3d 6.2000
