&CONTROL
  calculation = 'scf'
  prefix = 'slab__atomic_ndim16'
  outdir = '/anvil/projects/x-che260157/sts_arm_c_2026-10-07_rerun/runs/hea/arm_c_2026-10-07_rerun/Ni34Fe6Cu29Co31__s22_site0/tmp_slab__atomic_ndim16'
  pseudo_dir = '/anvil/projects/x-che260157/pseudo'
  tprnfor = .true.
  forc_conv_thr = 2.0d-3
  nstep = 200
  max_seconds = 165000
/
&SYSTEM
  ibrav = 0
  nat = 72
  ntyp = 5
  ecutwfc = 80.0
  ecutrho = 640.0
  occupations = 'smearing'
  smearing = 'mv'
  degauss = 0.01
  nosym = .true.
  noinv = .true.
  nspin = 2
  starting_magnetization(1) = 0.4
  starting_magnetization(2) = 0.2
  starting_magnetization(3) = 0.5
  starting_magnetization(4) = 0.3
  starting_magnetization(5) = 0.0
/
&ELECTRONS
  conv_thr = 1.0d-6
  mixing_mode = 'local-TF'
  mixing_beta = 0.3
  mixing_ndim = 16
  electron_maxstep = 300
/
&IONS
  ion_dynamics = 'bfgs'
/
ATOMIC_SPECIES
  Co  58.933  Co_pbe_v1.2.uspp.F.UPF
  Cu  63.546  Cu.paw.z_11.ld1.psl.v1.0.0-low.upf
  Fe  55.845  Fe.pbe-spn-kjpaw_psl.0.2.1.UPF
  Ni  58.693  ni_pbe_v1.4.uspp.F.UPF
  O  15.999  O.pbe-n-kjpaw_psl.0.1.UPF
CELL_PARAMETERS angstrom
  5.9836890966162155  0.0  3.663952849631983e-16
  2.027953248454331e-15  12.610687678965995  7.721819150546336e-16
  0.0  0.0  25.221375357931993
ATOMIC_POSITIONS angstrom
  Ni  7.604824681703743e-16  4.729007879612248  9.4580157592245  0 0 0
  Co  1.7744590923975398e-15  11.034351719095245  9.4580157592245  0 0 0
  Co  2.9918445483081086  4.729007879612248  9.4580157592245  0 0 0
  Ni  2.9918445483081095  11.034351719095245  9.458015759224498  0 0 0
  Ni  1.495922274154054  1.5763359598707491  9.4580157592245  0 0 0
  Cu  1.4959222741540554  7.881679799353747  9.4580157592245  0 0 0
  Ni  4.487766822462162  1.5763359598707491  9.4580157592245  0 0 0
  Cu  4.487766822462162  7.881679799353747  9.458015759224498  0 0 0
  Cu  -0.002766161952820458  1.5541064515379222  12.651485164119832  1 1 1
  Co  -0.0013044165806845292  7.905734448233958  12.445997209420227  1 1 1
  Ni  2.9772515061134497  1.5467690596862682  12.63095952853884  1 1 1
  Co  2.982605019739482  7.898009402631096  12.455263050654988  1 1 1
  Ni  1.474467884204084  4.7188272002337035  12.597831594822573  1 1 1
  Cu  1.4975768524461686  11.032880142238094  12.589208940491963  1 1 1
  Fe  4.505771860139593  4.712655435713677  12.577340462387477  1 1 1
  Cu  4.48366601989168  11.038621183465017  12.59145223734229  1 1 1
  Ni  0.0067457673277384386  4.797766771103407  15.760893443795892  1 1 1
  Cu  -0.008798574993643685  10.980052818928952  15.799255679807336  1 1 1
  Fe  2.990742178414263  4.736910254834554  15.700271445933694  1 1 1
  Co  2.9913462003427824  11.018681566011727  15.604269685762757  1 1 1
  Cu  1.5093778579446566  1.564376298321116  15.808702033450292  1 1 1
  Co  1.4937420384317386  7.904890384744826  15.670633524567139  1 1 1
  Ni  4.512541550162341  1.5814964814554413  15.764330589678487  1 1 1
  Co  4.492172308029493  7.8947007007592305  15.664850325569743  1 1 1
  O  2.534941560567914e-16  1.5763359598707491  10.687557807923683  0 0 0
  O  1.2674707802839571e-15  7.881679799353747  10.687557807923683  0 0 0
  O  2.9918445483081086  1.5763359598707491  10.687557807923683  0 0 0
  O  2.991844548308109  7.881679799353747  10.687557807923683  0 0 0
  O  2.534941560567914e-16  1.5763359598707491  8.228473710525313  0 0 0
  O  1.2674707802839571e-15  7.881679799353747  8.228473710525313  0 0 0
  O  2.9918445483081086  1.5763359598707491  8.228473710525313  0 0 0
  O  2.991844548308109  7.881679799353747  8.228473710525313  0 0 0
  O  1.4959222741540548  3.4994658309130626  9.4580157592245  0 0 0
  O  1.4959222741540557  9.804809670396061  9.4580157592245  0 0 0
  O  4.487766822462163  3.4994658309130626  9.4580157592245  0 0 0
  O  4.487766822462163  9.804809670396061  9.458015759224498  0 0 0
  O  1.4959222741540548  5.958549928311433  9.4580157592245  0 0 0
  O  1.495922274154056  12.263893767794428  9.458015759224498  0 0 0
  O  4.487766822462163  5.958549928311433  9.4580157592245  0 0 0
  O  4.487766822462163  12.263893767794428  9.4580157592245  0 0 0
  O  -0.02675650552449763  4.739483954572467  13.796957363479258  1 1 1
  O  0.0004506158541584704  11.06294210147477  13.758231440899712  1 1 1
  O  3.002308062853028  4.780858719314187  13.793233465465676  1 1 1
  O  2.989388530260059  10.989457631693424  13.908983550890143  1 1 1
  O  7.604824681703743e-16  4.729007879612248  11.381145630266811  0 0 0
  O  1.7744590923975398e-15  11.034351719095245  11.381145630266811  0 0 0
  O  2.9918445483081086  4.729007879612248  11.381145630266811  0 0 0
  O  2.9918445483081095  11.034351719095245  11.38114563026681  0 0 0
  O  1.515104901889008  0.3569138228305315  12.672427503874944  1 1 1
  O  1.4918859776893973  6.752067068148892  12.557078456826828  1 1 1
  O  4.459764666212505  0.3624040282663754  12.630995637156868  1 1 1
  O  4.475289143192861  6.714061395564077  12.556901598974985  1 1 1
  O  1.531271240539797  2.740596676686627  12.688854440098893  1 1 1
  O  1.4853392363594005  9.06280124418588  12.559287833603735  1 1 1
  O  4.442529904697398  2.763542946430075  12.630536318955775  1 1 1
  O  4.493472257380035  9.067213731566754  12.557772157246436  1 1 1
  O  -0.008940410307504974  1.5847975851048235  16.923437255305686  1 1 1
  O  -0.008212777888752893  7.900678742910018  16.716898122093976  1 1 1
  O  3.0313554170549475  1.5881459392327644  16.904462996291887  1 1 1
  O  2.9835950205793766  7.891123505061268  16.715935079799895  1 1 1
  O  -0.0035623914802123203  1.5163789537215617  14.61073701995543  1 1 1
  O  0.007040881859674155  7.920737065811437  14.404228760186966  1 1 1
  O  3.0256345245698  1.560883422773305  14.608483564726393  1 1 1
  O  2.9913549631221334  7.933340377121065  14.37704559232873  1 1 1
  O  1.5319565496108083  3.6288051096979697  16.057245624984798  1 1 1
  O  1.5162752497650243  9.78416734246334  15.935164774354215  1 1 1
  O  4.466649364372313  3.600169186438156  16.002984239016975  1 1 1
  O  4.457300881127555  9.782288353195623  15.944260161519827  1 1 1
  O  1.5259866224259429  6.0467819873255495  15.942768966179399  1 1 1
  O  1.526813689752812  12.106555576701254  16.015460421624777  1 1 1
  O  4.461122189625412  6.047074196195203  15.951608037030478  1 1 1
  O  4.434162068341265  12.133441742418594  15.995874223453022  1 1 1
K_POINTS automatic
  4 2 1 0 0 0
HUBBARD (atomic)
U Co-3d 3.3200
U Fe-3d 5.3000
U Ni-3d 6.2000
