0.8760740112343246
0.0015541715263599496
-0.0014854677752625027
0.014710286694197537
-0.0016421600869572157
0.0015541715263599496
0.9770346324000156
0.0010186190572003772
-0.00011785055755342154
0.0014966511064045914
-0.0014854677752625027
0.0010186190572003772
0.9878361487900977
0.00012377247765243924
0.0002773009574838735
0.014710286694197537
-0.00011785055755342154
0.00012377247765243924
0.9902346722640849
-0.0007117774897834979
-0.0016421600869572157
0.0014966511064045914
0.0002773009574838735
-0.0007117774897834979
0.7126694553706259
0.256606409099238
0.0007463820745955674
-0.0013442281165613377
-0.022022546719926456
0.0002393330688942139
0.0007463820745955674
0.13420476176606932
0.00022289831439210604
-9.468386582267658e-05
-0.00013727413338415618
-0.0013442281165613377
0.00022289831439210604
0.12390054532468041
0.0004146134093899801
-0.0003473567516618312
-0.022022546719926456
-9.468386582267658e-05
0.0004146134093899801
0.11058286169797767
-0.001310900208057549
0.0002393330688942139
-0.00013727413338415618
-0.0003473567516618312
-0.001310900208057549
0.38687210623988955
0.9558511012880642
-0.003961560236509906
0.0012343656031174185
0.007479103062430011
-0.0004717486104540796
-0.003961560236509906
0.9791062379070814
0.00010425701394045253
8.834292234686677e-05
-0.001779816295416505
0.0012343656031174185
0.00010425701394045253
0.9952910396362529
3.154109118402761e-05
-0.0002368579816988287
0.007479103062430011
8.834292234686677e-05
3.154109118402761e-05
0.9920415157951651
0.001214025864106543
-0.0004717486104540796
-0.001779816295416505
-0.0002368579816988287
0.001214025864106543
0.7013615538019247
0.3361072888370439
0.020345392796099537
0.0009126387107913765
0.1782533106415526
-0.0017195804735808927
0.020345392796099537
0.9890343292242947
-0.01882154297416162
-0.00590873503037169
-0.00046309609383188337
0.0009126387107913765
-0.01882154297416162
0.1605228817118015
-0.006938547961088024
-0.0005734690013610186
0.1782533106415526
-0.00590873503037169
-0.006938547961088024
0.9428765475288249
-0.006121901716748685
-0.0017195804735808927
-0.00046309609383188337
-0.0005734690013610186
-0.006121901716748685
0.427487477505811
0.0
0.0
0.0
0.0
0.0
0.0
0.0
0.0
0.0
0.0
0.0
0.0
0.0
0.0
0.0
0.0
0.0
0.0
0.0
0.0
0.0
0.0
0.0
0.0
0.0
0.0
0.0
0.0
0.0
0.0
0.0
0.0
0.0
0.0
0.0
0.0
0.0
0.0
0.0
0.0
0.0
0.0
0.0
0.0
0.0
0.0
0.0
0.0
0.0
0.0
0.5386814509652079
0.021613706122464035
-0.030379030236777436
0.028658170608002593
-0.0015210606858548654
0.021613706122464035
0.8551630351635539
0.000883950325596321
-0.00016654606168644537
-0.0028387889855491237
-0.030379030236777436
0.000883950325596321
0.8756574270730175
-0.0050455859271646315
-0.001149506166731946
0.028658170608002593
-0.00016654606168644537
-0.0050455859271646315
0.9723115918616121
0.0012354650063763225
-0.0015210606858548654
-0.0028387889855491237
-0.001149506166731946
0.0012354650063763225
0.4980063229424371
0.2537623431775849
0.0007908765578850792
0.002346359696769866
-0.018121232397234822
0.00018411243152594099
0.0007908765578850792
0.11830043605083569
0.00021115369476295445
-0.00012618537547517077
0.0008660819476124321
0.002346359696769866
0.00021115369476295445
0.10225861326160729
-0.0002024147236025113
-0.00024218002213959513
-0.018121232397234822
-0.00012618537547517077
-0.0002024147236025113
0.0927608425214537
-0.0010792085232518198
0.00018411243152594099
0.0008660819476124321
-0.00024218002213959513
-0.0010792085232518198
0.36010709599589574
0.9090467097195958
0.0001016366075823981
0.007099704356106828
-0.15482515463286717
-0.009854381178762936
0.0001016366075823981
0.5492601612030388
-0.0010998212728848976
-0.0033536686455712707
0.0008764036799872524
0.007099704356106828
-0.0010998212728848976
0.6587915450773653
0.000960737829621515
0.0069899499469154285
-0.15482515463286717
-0.0033536686455712707
0.000960737829621515
0.6306061891853886
-0.0015058479884976737
-0.009854381178762936
0.0008764036799872524
0.0069899499469154285
-0.0015058479884976737
0.8168059847840873
0.165879166033908
-0.0007490548354525111
0.00010988938075093416
0.09728129164322172
0.001696259324438353
-0.0007490548354525111
0.40624179924461556
0.00020151532202724882
-0.0015175937595274577
-0.00014947063408404936
0.00010988938075093416
0.00020151532202724882
0.14230814129213254
0.0003947017025569022
-0.0023792837913491137
0.09728129164322172
-0.0015175937595274577
0.0003947017025569022
0.34309379710219723
0.0027691191202838332
0.001696259324438353
-0.00014947063408404936
-0.0023792837913491137
0.0027691191202838332
0.1399167381169981
0.9394934666527809
0.00032332770601663365
0.000905732629630248
-0.10587259069324581
-0.0009377993455807858
0.00032332770601663365
0.7033994155280715
-0.0010316954502678094
2.6764317818142856e-05
0.00014258126305117296
0.000905732629630248
-0.0010316954502678094
0.9784255432045543
0.0004973420435823415
-0.0024319973311121316
-0.10587259069324581
2.6764317818142856e-05
0.0004973420435823415
0.7582792658125358
-0.0022204966355856576
-0.0009377993455807858
0.00014258126305117296
-0.0024319973311121316
-0.0022204966355856576
0.9632844564552977
0.17199129205086255
-8.635492289379935e-05
-0.0005744255561140753
0.11098621704875955
-0.0005459332015906477
-8.635492289379935e-05
0.44176580876631977
-0.00046878615060585245
0.0006334416126115841
-0.0004384968301675621
-0.0005744255561140753
-0.00046878615060585245
0.1590233054065916
-0.0007516964050642496
8.878136372549836e-05
0.11098621704875955
0.0006334416126115841
-0.0007516964050642496
0.37551861418122484
-0.0001568494783161363
-0.0005459332015906477
-0.0004384968301675621
8.878136372549836e-05
-0.0001568494783161363
0.17361066680577925
0.9071596555204009
-0.0004522973244830803
0.003909728477581153
-0.1544339643391304
0.00927987679201594
-0.0004522973244830803
0.549366207446364
0.000572697585088816
0.003355441069172961
0.0005571113018262725
0.003909728477581153
0.000572697585088816
0.6633868274058679
0.000988938313908078
-0.007860482873608654
-0.1544339643391304
0.003355441069172961
0.000988938313908078
0.628389977850166
0.0020220118159558157
0.00927987679201594
0.0005571113018262725
-0.007860482873608654
0.0020220118159558157
0.8191101471001652
0.16554295551052375
0.0007695819152041764
0.00020656381458667794
0.09689007586550683
-0.001572371147076078
0.0007695819152041764
0.40616621707037454
-1.7190191105084675e-05
0.0014691526332016177
-0.00034146252159779713
0.00020656381458667794
-1.7190191105084675e-05
0.141277709153937
0.0004770786881903115
0.0023180639642846695
0.09689007586550683
0.0014691526332016177
0.0004770786881903115
0.3423235418488745
-0.002746211358995087
-0.001572371147076078
-0.00034146252159779713
0.0023180639642846695
-0.002746211358995087
0.13975805991466328
0.9616902229364285
0.000659781932574442
0.0010696532323321098
-0.07572094901677544
0.0033501924231062554
0.000659781932574442
0.697443310504994
-7.0941343258944e-05
0.0017645776144517944
0.0009965251146674132
0.0010696532323321098
-7.0941343258944e-05
0.9939794831742101
0.0012623693006973853
0.0019158756663392082
-0.07572094901677544
0.0017645776144517944
0.0012623693006973853
0.7868401251943994
0.009054772138312552
0.0033501924231062554
0.0009965251146674132
0.0019158756663392082
0.009054772138312552
0.9594363869556615
0.9393406653020521
-0.0002841569794003859
-0.0027412878576523973
-0.16421629335126675
-0.009163631368155869
-0.0002841569794003859
0.4861636009719457
0.0003107158460520008
0.0004939543530769194
-0.0012678322084590666
-0.0027412878576523973
0.0003107158460520008
0.23284152527573052
-0.0010287299312367424
-0.01786308860516648
-0.16421629335126675
0.0004939543530769194
-0.0010287299312367424
0.5156974201172506
-0.028528671729650106
-0.009163631368155869
-0.0012678322084590666
-0.01786308860516648
-0.028528671729650106
0.9827905681040869
0.5392078227238477
-0.0010226920678798263
-0.002695237913556263
0.020763867460216797
0.007015714626946405
-0.0010226920678798263
0.8065560033818946
0.062299757843926336
0.001599839817603294
0.0013989396944623896
-0.002695237913556263
0.062299757843926336
0.7557129710144863
0.00649525098024384
0.004486453535700219
0.020763867460216797
0.001599839817603294
0.00649525098024384
0.9698530866891174
0.015895674669082527
0.007015714626946405
0.0013989396944623896
0.004486453535700219
0.015895674669082527
0.5128164094369967
0.3815785574540721
-0.0019320285140667797
0.008978372355606317
-0.019495211996344176
0.0094244856960526
-0.0019320285140667797
0.14385707290557856
-0.00781709723648925
-0.0005309426370546215
-0.0026585598229014284
0.008978372355606317
-0.00781709723648925
0.14684600303185463
-0.0029405117617178123
-0.0011587548532065032
-0.019495211996344176
-0.0005309426370546215
-0.0029405117617178123
0.0881520380991949
-0.014537427169087931
0.0094244856960526
-0.0026585598229014284
-0.0011587548532065032
-0.014537427169087931
0.3648757362436569
0.7071372710567533
-0.005291382258921302
-0.0012644566762073611
0.010329347783735779
0.007339119793663034
-0.005291382258921302
0.9928040676559886
0.0003403377193770666
0.00037133953967698397
-0.0010791109301695105
-0.0012644566762073611
0.0003403377193770666
0.9908438596583418
-0.0003547096262550932
0.0012011883335719974
0.010329347783735779
0.00037133953967698397
-0.0003547096262550932
0.9885749326596605
-0.0037235962604265835
0.007339119793663034
-0.0010791109301695105
0.0012011883335719974
-0.0037235962604265835
0.7069327853440144
0.38758290472661006
0.003822275105386923
-4.3237781842752066e-05
-0.019388206075432336
-0.004247495858364281
0.003822275105386923
0.15547663813148066
0.0037467624333123485
0.0005616746782872128
0.001115815724545563
-4.3237781842752066e-05
0.0037467624333123485
0.1511424293834271
-0.0003448872590361555
-0.0020138755606193617
-0.019388206075432336
0.0005616746782872128
-0.0003448872590361555
0.10949187752371309
0.009645597210211871
-0.004247495858364281
0.001115815724545563
-0.0020138755606193617
0.009645597210211871
0.41596969355847124
0.7023205639660401
-0.0023596772119488787
-0.017037351764049975
0.023320942194338164
0.0068692998839400025
-0.0023596772119488787
0.9633241945055575
-0.0016958285518036645
3.3523222518911355e-05
0.007457953216987098
-0.017037351764049975
-0.0016958285518036645
0.9932701721804428
0.0011425665108693792
-0.0008404997918300787
0.023320942194338164
3.3523222518911355e-05
0.0011425665108693792
0.9858545218820007
-0.006726739737024367
0.0068692998839400025
0.007457953216987098
-0.0008404997918300787
-0.006726739737024367
0.650892906418959
0.4892285374625986
-0.00014715203876593136
0.011153041535944954
0.06170309491832057
-0.008733470594047204
-0.00014715203876593136
0.9727312314025098
-0.04069240246033363
0.003567946911869208
0.019890858199778164
0.011153041535944954
-0.04069240246033363
0.4385177756954684
0.02738810250131234
0.0005309904857952474
0.06170309491832057
0.003567946911869208
0.02738810250131234
0.978970406024468
-0.029819172438180292
-0.008733470594047204
0.019890858199778164
0.0005309904857952474
-0.029819172438180292
0.4651617157983449
0.7086156346511009
0.007021043704518991
0.003227778560654232
0.011807630849483658
-0.005794800458833843
0.007021043704518991
0.993765284867841
-0.00022819009694307664
-0.0004921604298891252
-0.00160639281852816
0.003227778560654232
-0.00022819009694307664
0.9917726718520742
-0.00015213629820481691
-0.0012871488139990183
0.011807630849483658
-0.0004921604298891252
-0.00015213629820481691
0.9892999642072193
0.0038936690891981976
-0.005794800458833843
-0.00160639281852816
-0.0012871488139990183
0.0038936690891981976
0.7102728367549163
0.3763978467328508
-0.0037127910410659024
-0.0025128587941212893
-0.019600744596360475
0.0033036772648315565
-0.0037127910410659024
0.15394818419325412
-0.003056807370317972
-7.212692399666612e-05
0.0008591017427564813
-0.0025128587941212893
-0.003056807370317972
0.14931980708493942
0.0004372216872834299
0.002326725015090153
-0.019600744596360475
-7.212692399666612e-05
0.0004372216872834299
0.110058522090656
-0.009765893285629596
0.0033036772648315565
0.0008591017427564813
0.002326725015090153
-0.009765893285629596
0.4151941639612854
0.9400645563997593
0.007154368429075486
0.0005520349913629215
-0.10780986719189456
0.0023992215227974386
0.007154368429075486
0.7310154212590523
0.0009886943950058336
0.00048247392100186193
0.0008317513242659983
0.0005520349913629215
0.0009886943950058336
0.9845643747099618
0.0025091654103614534
-0.004383141084305499
-0.10780986719189456
0.00048247392100186193
0.0025091654103614534
0.7506548108246792
0.005506408543894638
0.0023992215227974386
0.0008317513242659983
-0.004383141084305499
0.005506408543894638
0.9692657352501317
0.16041723348159106
-0.013199081632851772
-0.0005434807634550627
0.10617407181943114
-0.002056467661861959
-0.013199081632851772
0.4211370822309128
-0.001850937833352818
0.013113653183053233
-0.0016401603136056266
-0.0005434807634550627
-0.001850937833352818
0.15592351702661866
-0.0035914339505944397
-0.0027681972974136783
0.10617407181943114
0.013113653183053233
-0.0035914339505944397
0.3608998063745165
-0.005935468296583418
-0.002056467661861959
-0.0016401603136056266
-0.0027681972974136783
-0.005935468296583418
0.1734718920086051
0.980676985159117
0.007856251560061029
-0.00017555974170614455
-0.0345039094344996
0.00011606865034393856
0.007856251560061029
0.8692132760717304
-0.0027779212586560493
0.043775881134842765
-0.0029518435152208543
-0.00017555974170614455
-0.0027779212586560493
0.9988235110539255
0.00012810378019132148
2.453217556559226e-06
-0.0345039094344996
0.043775881134842765
0.00012810378019132148
0.9098489511498107
0.0004341204065089513
0.00011606865034393856
-0.0029518435152208543
2.453217556559226e-06
0.0004341204065089513
0.9964071937590089
0.8646321657343666
-0.007191025105649276
0.004287432189036189
-0.20780481862232644
-0.026329901643138004
-0.007191025105649276
0.43821707388317277
-0.0046727767727671385
-0.02068738834539402
0.004000646006137525
0.004287432189036189
-0.0046727767727671385
0.4132976124071235
-0.003220641655764754
-0.03899266668597823
-0.20780481862232644
-0.02068738834539402
-0.003220641655764754
0.6245521720788569
0.01197614741361387
-0.026329901643138004
0.004000646006137525
-0.03899266668597823
0.01197614741361387
0.3282572371919637
0.9518072984627188
0.001324836804149758
-0.0018736075294900755
-0.09050513231930613
-0.0016843136364135133
0.001324836804149758
0.7127328732872278
-0.0020955947777535535
0.0005479915477323777
0.0011445160641923176
-0.0018736075294900755
-0.0020955947777535535
0.9962952751137194
-0.0014220360277227863
0.0018387576249461635
-0.09050513231930613
0.0005479915477323777
-0.0014220360277227863
0.7489384521254783
-0.002463728485475491
-0.0016843136364135133
0.0011445160641923176
0.0018387576249461635
-0.002463728485475491
0.9549465309721333
0.9317847433543697
-0.025327208771455594
-0.0002548800876739763
-0.16882924919111914
-0.006081977199444095
-0.025327208771455594
0.48451034470642856
0.0021175070290395
-0.020524445439866847
0.0010148006662812114
-0.0002548800876739763
0.0021175070290395
0.29609839356396567
6.269759594648175e-05
0.08881924365942122
-0.16882924919111914
-0.020524445439866847
6.269759594648175e-05
0.5412970800844664
-0.018544337195882606
-0.006081977199444095
0.0010148006662812114
0.08881924365942122
-0.018544337195882606
0.9772234816408907
0.9315279756816659
0.015612804801932325
-0.0011487680362413358
-0.11086358410912789
0.0027556189743135205
0.015612804801932325
0.7344886498227862
0.0026017205632129525
-0.02311819464278572
-0.005287012559358199
-0.0011487680362413358
0.0026017205632129525
0.9901136183206618
-0.002255824062383716
0.0016179729636183456
-0.11086358410912789
-0.02311819464278572
-0.002255824062383716
0.7683609270775638
0.0046739651997426
0.0027556189743135205
-0.005287012559358199
0.0016179729636183456
0.0046739651997426
0.9900315641208914
0.15944004042960447
-0.0034949849815759273
0.00034783174390665844
0.1199226158485029
-0.00294176463702542
-0.0034949849815759273
0.39119357882399775
-0.00023070569926119544
0.014427786979160091
0.0033559061990554736
0.00034783174390665844
-0.00023070569926119544
0.15519003066688855
0.00011959918833442503
0.005909504923488116
0.1199226158485029
0.014427786979160091
0.00011959918833442503
0.3294242792044794
-0.0032217520930048187
-0.00294176463702542
0.0033559061990554736
0.005909504923488116
-0.0032217520930048187
0.1461356059575035
0.0
0.0
0.0
0.0
0.0
0.0
0.0
0.0
0.0
0.0
0.0
0.0
0.0
0.0
0.0
0.0
0.0
0.0
0.0
0.0
0.0
0.0
0.0
0.0
0.0
0.0
0.0
0.0
0.0
0.0
0.0
0.0
0.0
0.0
0.0
0.0
0.0
0.0
0.0
0.0
0.0
0.0
0.0
0.0
0.0
0.0
0.0
0.0
0.0
0.0
0.5822277903652051
0.014642399053793541
0.06759980955336191
0.026564370082513375
0.004779228199759023
0.014642399053793541
0.6148865339234855
0.07227736828130163
-0.0017072017933868137
-0.009626859957757224
0.06759980955336191
0.07227736828130163
0.8484430716680749
-0.00869543532263513
-0.006920502171862189
0.026564370082513375
-0.0017072017933868137
-0.00869543532263513
0.9804801886209509
0.014422526601969847
0.004779228199759023
-0.009626859957757224
-0.006920502171862189
0.014422526601969847
0.4965916685303716
0.40436038906747895
0.0066314640074025075
-0.05559988605195833
-0.040231594582516586
0.005566958662668887
0.0066314640074025075
0.17346942001413782
-0.010367749475159138
-4.3097986538376785e-05
0.0017352891249476671
-0.05559988605195833
-0.010367749475159138
0.15156082338165497
0.01152629034634712
-0.0013645152510990965
-0.040231594582516586
-4.3097986538376785e-05
0.01152629034634712
0.08305477457046524
-0.0069377978052813545
0.005566958662668887
0.0017352891249476671
-0.0013645152510990965
-0.0069377978052813545
0.3545560285235382
0.9481693222181365
0.001284930871233621
-0.003492630378544875
0.009850555502659852
0.0021210172050813176
0.001284930871233621
0.9900026214222164
0.000297225930554771
-0.0005409262974723484
-0.006590740197294391
-0.003492630378544875
0.000297225930554771
0.9882099877201906
0.0011099395347721724
0.0026193862994677896
0.009850555502659852
-0.0005409262974723484
0.0011099395347721724
0.9910513052250314
0.00010350837126004351
0.0021210172050813176
-0.006590740197294391
0.0026193862994677896
0.00010350837126004351
0.7144387446344816
0.17809900578315832
0.0030372550780401047
0.005109887791647867
-0.021035898459333312
0.0005697133158449494
0.0030372550780401047
0.11143523940354931
-0.0005208408137318701
-0.0007157734091552044
0.005856500157559711
0.005109887791647867
-0.0005208408137318701
0.0944541614928896
9.695783762770515e-05
-0.003801565787915882
-0.021035898459333312
-0.0007157734091552044
9.695783762770515e-05
0.09492632125948472
-0.0010489816340196142
0.0005697133158449494
0.005856500157559711
-0.003801565787915882
-0.0010489816340196142
0.35110679047437976
0.973535796311967
-0.0009238353649448556
-0.001201662277802634
0.005305253041497995
0.00992275839786138
-0.0009238353649448556
0.9943119121015186
-0.000532121901360869
-0.0010349593771668134
-0.004791305398364842
-0.001201662277802634
-0.000532121901360869
0.9987434459959492
-3.7763674779261266e-05
-0.002478625036494704
0.005305253041497995
-0.0010349593771668134
-3.7763674779261266e-05
0.9911854913008329
-0.008056473910722143
0.00992275839786138
-0.004791305398364842
-0.002478625036494704
-0.008056473910722143
0.7379194861664273
0.4027098236346187
0.009813572060704925
-0.010381668342498986
0.008080231782232546
-0.003810063943548657
0.009813572060704925
0.46289566636147483
0.01726069158537391
0.019424266280393326
0.0016787197701959617
-0.010381668342498986
0.01726069158537391
0.43617734888542214
0.021415727846832478
-0.010904111004049904
0.008080231782232546
0.019424266280393326
0.021415727846832478
0.9843809268310089
-0.013391936088578743
-0.003810063943548657
0.0016787197701959617
-0.010904111004049904
-0.013391936088578743
0.497418651672873
0.9590834523145222
0.016709177395399413
0.007126081251493482
-0.07985158031682014
0.002711135973038814
0.016709177395399413
0.681311347195642
0.0008194096613547266
0.006344663227084536
0.021756687213489515
0.007126081251493482
0.0008194096613547266
0.9941992710292997
0.010755496647059585
0.0009793695179540042
-0.07985158031682014
0.006344663227084536
0.010755496647059585
0.755176496173014
0.008951969218367873
0.002711135973038814
0.021756687213489515
0.0009793695179540042
0.008951969218367873
0.9909975667396544
0.8376578116460771
-0.009240888340885635
-0.206235752134144
-0.12608547183801486
-0.01859824099349572
-0.009240888340885635
0.5061194593039999
-0.0011291685684076624
0.007588641297355259
0.03326343619844756
-0.206235752134144
-0.0011291685684076624
0.49816277235991846
0.05323819579714833
-0.03728690398155125
-0.12608547183801486
0.007588641297355259
0.05323819579714833
0.5813259322894366
0.047403088581963196
-0.01859824099349572
0.03326343619844756
-0.03728690398155125
0.047403088581963196
0.8105806958139178
0.9530172055753646
0.005099852992766185
-0.008793336177736453
-0.08872154520194594
-0.0014949752720665802
0.005099852992766185
0.717195988452914
-0.00944796443313103
-0.00833993202214048
-0.023618576085451547
-0.008793336177736453
-0.00944796443313103
0.9871642254214612
-0.02255192926274011
-0.002509173477817488
-0.08872154520194594
-0.00833993202214048
-0.02255192926274011
0.7966706478343486
-0.008032834109227158
-0.0014949752720665802
-0.023618576085451547
-0.002509173477817488
-0.008032834109227158
0.9812914835212947
0.14781442823272414
-0.004208659731846285
0.008359425992868357
0.09257341312268602
0.004981507413332442
-0.004208659731846285
0.39089110688208184
0.009588582379935501
0.007154705099098171
0.023359619100434586
0.008359425992868357
0.009588582379935501
0.13585591985648093
0.02503268081669326
0.0024667928316349378
0.09257341312268602
0.007154705099098171
0.02503268081669326
0.3283495948752691
0.014946760667463792
0.004981507413332442
0.023359619100434586
0.0024667928316349378
0.014946760667463792
0.1413574013602322
0.9603953346903036
-0.014855977627793537
0.00666884188619221
-0.07809004495621877
-0.0027644785702124345
-0.014855977627793537
0.6795249667638892
-0.0038658397065000675
-0.0024138671420666537
0.016244415532569615
0.00666884188619221
-0.0038658397065000675
0.9948222510357784
0.014392377122232458
-0.000991403276891414
-0.07809004495621877
-0.0024138671420666537
0.014392377122232458
0.743100805783505
-0.008150327819982095
-0.0027644785702124345
0.016244415532569615
-0.000991403276891414
-0.008150327819982095
0.9905784035712941
0.9124842855033664
0.01072526591879469
-0.117674909769017
-0.1356125285335682
0.002664712725792824
0.01072526591879469
0.49211243626643986
0.002668063934759992
-0.0141060881456
0.021086122824317467
-0.117674909769017
0.002668063934759992
0.37607194962301943
0.027009651098173767
0.0658259188767029
-0.1356125285335682
-0.0141060881456
0.027009651098173767
0.5841558919574081
-0.0410193341014989
0.002664712725792824
0.021086122824317467
0.0658259188767029
-0.0410193341014989
0.8709909780111045
0.7815594210009921
0.012771556719085322
0.08305286482906808
-0.12355838610391369
-0.03111554697060567
0.012771556719085322
0.5664665017448506
0.003127320888200775
-0.0013560963648955252
-0.022757742667273352
0.08305286482906808
0.003127320888200775
0.7133444368787708
-0.05651810928225331
-0.0467148307088157
-0.12355838610391369
-0.0013560963648955252
-0.05651810928225331
0.6383633015941823
0.035186671874275634
-0.03111554697060567
-0.022757742667273352
-0.0467148307088157
0.035186671874275634
0.7080059744885142
0.2182651867654028
0.004061768474878038
0.005215427730316073
0.07831632057249079
-0.0009879847140627934
0.004061768474878038
0.45227010700831183
-0.008195146100805116
0.01141943725590896
0.021886386135436076
0.005215427730316073
-0.008195146100805116
0.18279980350138283
0.03414797612082783
0.010678829740333963
0.07831632057249079
0.01141943725590896
0.03414797612082783
0.3748540258707372
-0.015378013969380431
-0.0009879847140627934
0.021886386135436076
0.010678829740333963
-0.015378013969380431
0.1929742449952017
0.0
0.0
0.0
0.0
0.0
0.0
0.0
0.0
0.0
0.0
0.0
0.0
0.0
0.0
0.0
0.0
0.0
0.0
0.0
0.0
0.0
0.0
0.0
0.0
0.0
0.0
0.0
0.0
0.0
0.0
0.0
0.0
0.0
0.0
0.0
0.0
0.0
0.0
0.0
0.0
0.0
0.0
0.0
0.0
0.0
0.0
0.0
0.0
0.0
0.0
0.0
0.0
0.0
0.0
0.0
0.0
0.0
0.0
0.0
0.0
0.0
0.0
0.0
0.0
0.0
0.0
0.0
0.0
0.0
0.0
0.0
0.0
0.0
0.0
0.0
0.0
0.0
0.0
0.0
0.0
0.0
0.0
0.0
0.0
0.0
0.0
0.0
0.0
0.0
0.0
0.0
0.0
0.0
0.0
0.0
0.0
0.0
0.0
0.0
0.0
0.0
0.0
0.0
0.0
0.0
0.0
0.0
0.0
0.0
0.0
0.0
0.0
0.0
0.0
0.0
0.0
0.0
0.0
0.0
0.0
0.0
0.0
0.0
0.0
0.0
0.0
0.0
0.0
0.0
0.0
0.0
0.0
0.0
0.0
0.0
0.0
0.0
0.0
0.0
0.0
0.0
0.0
0.0
0.0
0.0
0.0
0.0
0.0
0.0
0.0
0.0
0.0
0.0
0.0
0.0
0.0
0.0
0.0
0.0
0.0
0.0
0.0
0.0
0.0
0.0
0.0
0.0
0.0
0.0
0.0
0.0
0.0
0.0
0.0
0.0
0.0
0.0
0.0
0.0
0.0
0.0
0.0
0.0
0.0
0.0
0.0
0.0
0.0
0.0
0.0
0.0
0.0
0.0
0.0
0.0
0.0
0.0
0.0
0.0
0.0
0.0
0.0
0.0
0.0
0.0
0.0
0.0
0.0
0.0
0.0
0.0
0.0
0.0
0.0
0.0
0.0
0.0
0.0
0.0
0.0
0.0
0.0
0.0
0.0
0.0
0.0
0.0
0.0
0.0
0.0
0.0
0.0
0.0
0.0
0.0
0.0
0.0
0.0
0.0
0.0
0.0
0.0
0.0
0.0
0.0
0.0
0.0
0.0
0.0
0.0
0.0
0.0
0.0
0.0
0.0
0.0
0.0
0.0
0.0
0.0
0.0
0.0
0.0
0.0
0.0
0.0
0.0
0.0
0.0
0.0
0.0
0.0
0.0
0.0
0.0
0.0
0.0
0.0
0.0
0.0
0.0
0.0
0.0
0.0
0.0
0.0
0.0
0.0
0.0
0.0
0.0
0.0
0.0
0.0
0.0
0.0
0.0
0.0
0.0
0.0
0.0
0.0
0.0
0.0
0.0
0.0
0.0
0.0
0.0
0.0
0.0
0.0
0.0
0.0
0.0
0.0
0.0
0.0
0.0
0.0
0.0
0.0
0.0
0.0
0.0
0.0
0.0
0.0
0.0
0.0
0.0
0.0
0.0
0.0
0.0
0.0
0.0
0.0
0.0
0.0
0.0
0.0
0.0
0.0
0.0
0.0
0.0
0.0
0.0
0.0
0.0
0.0
0.0
0.0
0.0
0.0
0.0
0.0
0.0
0.0
0.0
0.0
0.0
0.0
0.0
0.0
0.0
0.0
0.0
0.0
0.0
0.0
0.0
0.0
0.0
0.0
0.0
0.0
0.0
0.0
0.0
0.0
0.0
0.0
0.0
0.0
0.0
0.0
0.0
0.0
0.0
0.0
0.0
0.0
0.0
0.0
0.0
0.0
0.0
0.0
0.0
0.0
0.0
0.0
0.0
0.0
0.0
0.0
0.0
0.0
0.0
0.0
0.0
0.0
0.0
0.0
0.0
0.0
0.0
0.0
0.0
0.0
0.0
0.0
0.0
0.0
0.0
0.0
0.0
0.0
0.0
0.0
0.0
0.0
0.0
0.0
0.0
0.0
0.0
0.0
0.0
0.0
0.0
0.0
0.0
0.0
0.0
0.0
0.0
0.0
0.0
0.0
0.0
0.0
0.0
0.0
0.0
0.0
0.0
0.0
0.0
0.0
0.0
0.0
0.0
0.0
0.0
0.0
0.0
0.0
0.0
0.0
0.0
0.0
0.0
0.0
0.0
0.0
0.0
0.0
0.0
0.0
0.0
0.0
0.0
0.0
0.0
0.0
0.0
0.0
0.0
0.0
0.0
0.0
0.0
0.0
0.0
0.0
0.0
0.0
0.0
0.0
0.0
0.0
0.0
0.0
0.0
0.0
0.0
0.0
0.0
0.0
0.0
0.0
0.0
0.0
0.0
0.0
0.0
0.0
0.0
0.0
0.0
0.0
0.0
0.0
0.0
0.0
0.0
0.0
0.0
0.0
0.0
0.0
0.0
0.0
0.0
0.0
0.0
0.0
0.0
0.0
0.0
0.0
0.0
0.0
0.0
0.0
0.0
0.0
0.0
0.0
0.0
0.0
0.0
0.0
0.0
0.0
0.0
0.0
0.0
0.0
0.0
0.0
0.0
0.0
0.0
0.0
0.0
0.0
0.0
0.0
0.0
0.0
0.0
0.0
0.0
0.0
0.0
0.0
0.0
0.0
0.0
0.0
0.0
0.0
0.0
0.0
0.0
0.0
0.0
0.0
0.0
0.0
0.0
0.0
0.0
0.0
0.0
0.0
0.0
0.0
0.0
0.0
0.0
0.0
0.0
0.0
0.0
0.0
0.0
0.0
0.0
0.0
0.0
0.0
0.0
0.0
0.0
0.0
0.0
0.0
0.0
0.0
0.0
0.0
0.0
0.0
0.0
0.0
0.0
0.0
0.0
0.0
0.0
0.0
0.0
0.0
0.0
0.0
0.0
0.0
0.0
0.0
0.0
0.0
0.0
0.0
0.0
0.0
0.0
0.0
0.0
0.0
0.0
0.0
0.0
0.0
0.0
0.0
0.0
0.0
0.0
0.0
0.0
0.0
0.0
0.0
0.0
0.0
0.0
0.0
0.0
0.0
0.0
0.0
0.0
0.0
0.0
0.0
0.0
0.0
0.0
0.0
0.0
0.0
0.0
0.0
0.0
0.0
0.0
0.0
0.0
0.0
0.0
0.0
0.0
0.0
0.0
0.0
0.0
0.0
0.0
0.0
0.0
0.0
0.0
0.0
0.0
0.0
0.0
0.0
0.0
0.0
0.0
0.0
0.0
0.0
0.0
0.0
0.0
0.0
0.0
0.0
0.0
0.0
0.0
0.0
0.0
0.0
0.0
0.0
0.0
0.0
0.0
0.0
0.0
0.0
0.0
0.0
0.0
0.0
0.0
0.0
0.0
0.0
0.0
0.0
0.0
0.0
0.0
0.0
0.0
0.0
0.0
0.0
0.0
0.0
0.0
0.0
0.0
0.0
0.0
0.0
0.0
0.0
0.0
0.0
0.0
0.0
0.0
0.0
0.0
0.0
0.0
0.0
0.0
0.0
0.0
0.0
0.0
0.0
0.0
0.0
0.0
0.0
0.0
0.0
0.0
0.0
0.0
0.0
0.0
0.0
0.0
0.0
0.0
0.0
0.0
0.0
0.0
0.0
0.0
0.0
0.0
0.0
0.0
0.0
0.0
0.0
0.0
0.0
0.0
0.0
0.0
0.0
0.0
0.0
0.0
0.0
0.0
0.0
0.0
0.0
0.0
0.0
0.0
0.0
0.0
0.0
0.0
0.0
0.0
0.0
0.0
0.0
0.0
0.0
0.0
0.0
0.0
0.0
0.0
0.0
0.0
0.0
0.0
0.0
0.0
0.0
0.0
0.0
0.0
0.0
0.0
0.0
0.0
0.0
0.0
0.0
0.0
0.0
0.0
0.0
0.0
0.0
0.0
0.0
0.0
0.0
0.0
0.0
0.0
0.0
0.0
0.0
0.0
0.0
0.0
0.0
0.0
0.0
0.0
0.0
0.0
0.0
0.0
0.0
0.0
0.0
0.0
0.0
0.0
0.0
0.0
0.0
0.0
0.0
0.0
0.0
0.0
0.0
0.0
0.0
0.0
0.0
0.0
0.0
0.0
0.0
0.0
0.0
0.0
0.0
0.0
0.0
0.0
0.0
0.0
0.0
0.0
0.0
0.0
0.0
0.0
0.0
0.0
0.0
0.0
0.0
0.0
0.0
0.0
0.0
0.0
0.0
0.0
0.0
0.0
0.0
0.0
0.0
0.0
0.0
0.0
0.0
0.0
0.0
0.0
0.0
0.0
0.0
0.0
0.0
0.0
0.0
0.0
0.0
0.0
0.0
0.0
0.0
0.0
0.0
0.0
0.0
0.0
0.0
0.0
0.0
0.0
0.0
0.0
0.0
0.0
0.0
0.0
0.0
0.0
0.0
0.0
0.0
0.0
0.0
0.0
0.0
0.0
0.0
0.0
0.0
0.0
0.0
0.0
0.0
0.0
0.0
0.0
0.0
0.0
0.0
0.0
0.0
0.0
0.0
0.0
0.0
0.0
0.0
0.0
0.0
0.0
0.0
0.0
0.0
0.0
0.0
0.0
0.0
0.0
0.0
0.0
0.0
0.0
0.0
0.0
0.0
0.0
0.0
0.0
0.0
0.0
0.0
0.0
0.0
0.0
0.0
0.0
0.0
0.0
0.0
0.0
0.0
0.0
0.0
0.0
0.0
0.0
0.0
0.0
0.0
0.0
0.0
0.0
0.0
0.0
0.0
0.0
0.0
0.0
0.0
0.0
0.0
0.0
0.0
0.0
0.0
0.0
0.0
0.0
0.0
0.0
0.0
0.0
0.0
0.0
0.0
0.0
0.0
0.0
0.0
0.0
0.0
0.0
0.0
0.0
0.0
0.0
0.0
0.0
0.0
0.0
0.0
0.0
0.0
0.0
0.0
0.0
0.0
0.0
0.0
0.0
0.0
0.0
0.0
0.0
0.0
0.0
0.0
0.0
0.0
0.0
0.0
0.0
0.0
0.0
0.0
0.0
0.0
0.0
0.0
0.0
0.0
0.0
0.0
0.0
0.0
0.0
0.0
0.0
0.0
0.0
0.0
0.0
0.0
0.0
0.0
0.0
0.0
0.0
0.0
0.0
0.0
0.0
0.0
0.0
0.0
0.0
0.0
0.0
0.0
0.0
0.0
0.0
0.0
0.0
0.0
0.0
0.0
0.0
0.0
0.0
0.0
0.0
0.0
0.0
0.0
0.0
0.0
0.0
0.0
0.0
0.0
0.0
0.0
0.0
0.0
0.0
0.0
0.0
0.0
0.0
0.0
0.0
0.0
0.0
0.0
0.0
0.0
0.0
0.0
0.0
0.0
0.0
0.0
0.0
0.0
0.0
0.0
0.0
0.0
0.0
0.0
0.0
0.0
0.0
0.0
0.0
0.0
0.0
0.0
0.0
0.0
0.0
0.0
0.0
0.0
0.0
0.0
0.0
0.0
0.0
0.0
0.0
0.0
0.0
0.0
0.0
0.0
0.0
0.0
0.0
0.0
0.0
0.0
0.0
0.0
0.0
0.0
0.0
0.0
0.0
0.0
0.0
0.0
0.0
0.0
0.0
0.0
0.0
0.0
0.0
0.0
0.0
0.0
0.0
0.0
0.0
0.0
0.0
0.0
0.0
0.0
0.0
0.0
0.0
0.0
0.0
0.0
0.0
0.0
0.0
0.0
0.0
0.0
0.0
0.0
0.0
0.0
0.0
0.0
0.0
0.0
0.0
0.0
0.0
0.0
0.0
0.0
0.0
0.0
0.0
0.0
0.0
0.0
0.0
0.0
0.0
0.0
0.0
0.0
0.0
0.0
0.0
0.0
0.0
0.0
0.0
0.0
0.0
0.0
0.0
0.0
0.0
0.0
0.0
0.0
0.0
0.0
0.0
0.0
0.0
0.0
0.0
0.0
0.0
0.0
0.0
0.0
0.0
0.0
0.0
0.0
0.0
0.0
0.0
0.0
0.0
0.0
0.0
0.0
0.0
0.0
0.0
0.0
0.0
0.0
0.0
0.0
0.0
0.0
0.0
0.0
0.0
0.0
0.0
0.0
0.0
0.0
0.0
0.0
0.0
0.0
0.0
0.0
0.0
0.0
0.0
0.0
0.0
0.0
0.0
0.0
0.0
0.0
0.0
0.0
0.0
0.0
0.0
0.0
0.0
0.0
0.0
0.0
0.0
0.0
0.0
0.0
0.0
0.0
0.0
0.0
0.0
0.0
0.0
0.0
0.0
0.0
0.0
0.0
0.0
0.0
0.0
0.0
0.0
0.0
0.0
0.0
0.0
0.0
0.0
0.0
0.0
0.0
0.0
0.0
0.0
0.0
0.0
0.0
0.0
0.0
0.0
0.0
0.0
0.0
0.0
0.0
0.0
0.0
0.0
0.0
0.0
0.0
0.0
0.0
0.0
0.0
0.0
0.0
0.0
0.0
0.0
0.0
0.0
0.0
0.0
0.0
0.0
0.0
0.0
0.0
0.0
0.0
0.0
0.0
0.0
0.0
0.0
0.0
0.0
0.0
0.0
0.0
0.0
0.0
0.0
0.0
0.0
0.0
0.0
0.0
0.0
0.0
0.0
0.0
0.0
0.0
0.0
0.0
0.0
0.0
0.0
0.0
0.0
0.0
0.0
0.0
0.0
0.0
0.0
0.0
0.0
0.0
0.0
0.0
0.0
0.0
0.0
0.0
0.0
0.0
0.0
0.0
0.0
0.0
0.0
0.0
0.0
0.0
0.0
0.0
0.0
0.0
0.0
0.0
0.0
0.0
0.0
0.0
0.0
0.0
0.0
0.0
0.0
0.0
0.0
0.0
0.0
0.0
0.0
0.0
0.0
0.0
0.0
0.0
0.0
0.0
0.0
0.0
0.0
0.0
0.0
0.0
0.0
0.0
0.0
0.0
0.0
0.0
0.0
0.0
0.0
0.0
0.0
0.0
0.0
0.0
0.0
0.0
0.0
0.0
0.0
0.0
0.0
0.0
0.0
0.0
0.0
0.0
0.0
0.0
0.0
0.0
0.0
0.0
0.0
0.0
0.0
0.0
0.0
0.0
0.0
0.0
0.0
0.0
0.0
0.0
0.0
0.0
0.0
0.0
0.0
0.0
0.0
0.0
0.0
0.0
0.0
0.0
0.0
0.0
0.0
0.0
0.0
0.0
0.0
0.0
0.0
0.0
0.0
0.0
0.0
0.0
0.0
0.0
0.0
0.0
0.0
0.0
0.0
0.0
0.0
0.0
0.0
0.0
0.0
0.0
0.0
0.0
0.0
0.0
0.0
0.0
0.0
0.0
0.0
0.0
0.0
0.0
0.0
0.0
0.0
0.0
0.0
0.0
0.0
0.0
0.0
0.0
0.0
0.0
0.0
0.0
0.0
0.0
0.0
0.0
0.0
0.0
0.0
0.0
0.0
0.0
0.0
0.0
0.0
0.0
0.0
0.0
0.0
0.0
0.0
0.0
0.0
0.0
0.0
0.0
0.0
0.0
0.0
0.0
0.0
0.0
0.0
0.0
0.0
0.0
0.0
0.0
0.0
0.0
0.0
0.0
0.0
0.0
0.0
0.0
0.0
0.0
0.0
0.0
0.0
0.0
0.0
0.0
0.0
0.0
0.0
0.0
0.0
0.0
0.0
0.0
0.0
0.0
0.0
0.0
0.0
0.0
0.0
0.0
0.0
0.0
0.0
0.0
0.0
0.0
0.0
0.0
0.0
0.0
0.0
0.0
0.0
0.0
0.0
0.0
0.0
0.0
0.0
0.0
0.0
0.0
0.0
0.0
0.0
0.0
0.0
0.0
0.0
0.0
0.0
0.0
0.0
0.0
0.0
0.0
0.0
0.0
0.0
0.0
0.0
0.0
0.0
0.0
0.0
0.0
0.0
0.0
0.0
0.0
0.0
0.0
0.0
0.0
0.0
0.0
0.0
0.0
0.0
0.0
0.0
0.0
0.0
0.0
0.0
0.0
0.0
0.0
0.0
0.0
0.0
0.0
0.0
0.0
0.0
0.0
0.0
0.0
0.0
0.0
0.0
0.0
0.0
0.0
0.0
0.0
0.0
0.0
0.0
0.0
0.0
0.0
0.0
0.0
0.0
0.0
0.0
0.0
0.0
0.0
0.0
0.0
0.0
0.0
0.0
0.0
0.0
0.0
0.0
0.0
0.0
0.0
0.0
0.0
0.0
0.0
0.0
0.0
0.0
0.0
0.0
0.0
0.0
0.0
0.0
0.0
0.0
0.0
0.0
0.0
0.0
0.0
0.0
0.0
0.0
0.0
0.0
0.0
0.0
0.0
0.0
0.0
0.0
0.0
0.0
0.0
0.0
0.0
0.0
0.0
0.0
0.0
0.0
0.0
0.0
0.0
0.0
0.0
0.0
0.0
0.0
0.0
0.0
0.0
0.0
0.0
0.0
0.0
0.0
0.0
0.0
0.0
0.0
0.0
0.0
0.0
0.0
0.0
0.0
0.0
0.0
0.0
0.0
0.0
0.0
0.0
0.0
0.0
0.0
0.0
0.0
0.0
0.0
0.0
0.0
0.0
0.0
0.0
0.0
0.0
0.0
0.0
0.0
0.0
0.0
0.0
0.0
0.0
0.0
0.0
0.0
0.0
0.0
0.0
0.0
0.0
0.0
0.0
0.0
0.0
0.0
0.0
0.0
0.0
0.0
0.0
0.0
0.0
0.0
0.0
0.0
0.0
0.0
0.0
0.0
0.0
0.0
0.0
0.0
0.0
0.0
0.0
0.0
0.0
0.0
0.0
0.0
0.0
0.0
0.0
0.0
0.0
0.0
0.0
0.0
0.0
0.0
0.0
0.0
0.0
0.0
0.0
0.0
0.0
0.0
0.0
0.0
0.0
0.0
0.0
0.0
0.0
0.0
0.0
0.0
0.0
0.0
0.0
0.0
0.0
0.0
0.0
0.0
0.0
0.0
0.0
0.0
0.0
0.0
0.0
0.0
0.0
0.0
0.0
0.0
0.0
0.0
0.0
0.0
0.0
0.0
0.0
0.0
0.0
0.0
0.0
0.0
0.0
0.0
0.0
0.0
0.0
0.0
0.0
0.0
0.0
0.0
0.0
0.0
0.0
0.0
0.0
0.0
0.0
0.0
0.0
0.0
0.0
0.0
0.0
0.0
0.0
0.0
0.0
0.0
0.0
0.0
0.0
0.0
0.0
0.0
0.0
0.0
0.0
0.0
0.0
0.0
0.0
0.0
0.0
0.0
0.0
0.0
0.0
0.0
0.0
0.0
0.0
0.0
0.0
0.0
0.0
0.0
0.0
0.0
0.0
0.0
0.0
0.0
0.0
0.0
0.0
0.0
0.0
0.0
0.0
0.0
0.0
0.0
0.0
0.0
0.0
0.0
0.0
0.0
0.0
0.0
0.0
0.0
0.0
0.0
0.0
0.0
0.0
0.0
0.0
0.0
0.0
0.0
0.0
0.0
0.0
0.0
0.0
0.0
0.0
0.0
0.0
0.0
0.0
0.0
0.0
0.0
0.0
0.0
0.0
0.0
0.0
0.0
0.0
0.0
0.0
0.0
0.0
0.0
0.0
0.0
0.0
0.0
0.0
0.0
0.0
0.0
0.0
0.0
0.0
0.0
0.0
0.0
0.0
0.0
0.0
0.0
0.0
0.0
0.0
0.0
0.0
0.0
0.0
0.0
0.0
0.0
0.0
0.0
0.0
0.0
0.0
0.0
0.0
0.0
0.0
0.0
0.0
0.0
0.0
0.0
0.0
0.0
0.0
0.0
0.0
0.0
0.0
0.0
0.0
0.0
0.0
0.0
0.0
0.0
0.0
0.0
0.0
0.0
0.0
0.0
0.0
0.0
0.0
0.0
0.0
0.0
0.0
0.0
0.0
0.0
0.0
0.0
0.0
0.0
0.0
0.0
0.0
0.0
0.0
0.0
0.0
0.0
0.0
0.0
0.0
0.0
0.0
0.0
0.0
0.0
0.0
0.0
0.0
0.0
0.0
0.0
0.0
0.0
0.0
0.0
0.0
0.0
0.0
0.0
0.0
0.0
0.0
0.0
0.0
0.0
0.0
0.0
0.0
0.0
0.0
0.0
0.0
0.0
0.0
0.0
0.0
0.0
0.0
0.0
0.0
0.0
0.0
0.0
0.0
0.0
0.0
0.0
0.0
0.0
0.0
0.0
0.0
0.0
0.0
0.0
0.0
0.0
0.0
0.0
0.0
0.0
0.0
0.0
0.0
0.0
0.0
0.0
0.0
0.0
0.0
0.0
0.0
0.0
0.0
0.0
0.0
0.0
0.0
0.0
0.0
0.0
0.0
0.0
0.0
0.0
0.0
0.0
0.0
0.0
0.0
0.0
0.0
0.0
0.0
0.0
0.0
0.0
0.0
0.0
0.0
0.0
0.0
0.0
0.0
0.0
0.0
0.0
0.0
0.0
0.0
0.0
0.0
0.0
0.0
0.0
0.0
0.0
0.0
0.0
0.0
0.0
0.0
0.0
0.0
0.0
0.0
0.0
0.0
0.0
0.0
0.0
0.0
0.0
0.0
0.0
0.0
0.0
0.0
0.0
0.0
0.0
0.0
0.0
0.0
0.0
0.0
0.0
0.0
0.0
0.0
0.0
0.0
0.0
0.0
0.0
0.0
0.0
0.0
0.0
0.0
0.0
0.0
0.0
0.0
0.0
0.0
0.0
0.0
0.0
0.0
0.0
0.0
0.0
0.0
0.0
0.0
0.0
0.0
0.0
0.0
0.0
0.0
0.0
0.0
0.0
0.0
0.0
0.0
0.0
0.0
0.0
0.0
0.0
0.0
0.0
0.0
0.0
0.0
0.0
0.0
0.0
0.0
0.0
0.0
0.0
0.0
0.0
0.0
0.0
0.0
0.0
0.0
0.0
0.0
0.0
0.0
