&CONTROL
  calculation = 'scf'
  prefix = 'hc__leader_pull2.10__ortho__metal_alternating'
  outdir = './tmp'
  pseudo_dir = '/usr/share/espresso/pseudo'
  tprnfor = .true.
  forc_conv_thr = 2.0d-3
  nstep = 200
  max_seconds = 165000
/
&SYSTEM
  ibrav = 0
  nat = 75
  ntyp = 9
  ecutwfc = 80.0
  ecutrho = 640.0
  occupations = 'smearing'
  smearing = 'mv'
  degauss = 0.01
  nosym = .true.
  noinv = .true.
  nspin = 2
  starting_magnetization(1) = 0.6
  starting_magnetization(2) = -0.6
  starting_magnetization(3) = 0.2
  starting_magnetization(4) = 0.5
  starting_magnetization(5) = -0.5
  starting_magnetization(6) = 0.3
  starting_magnetization(7) = -0.3
  starting_magnetization(8) = 0.0
  starting_magnetization(9) = 0.0
/
&ELECTRONS
  conv_thr = 1.0d-6
  mixing_mode = 'local-TF'
  mixing_beta = 0.3
  electron_maxstep = 300
/
&IONS
  ion_dynamics = 'bfgs'
/
ATOMIC_SPECIES
  Cr1  51.996  cr_pbe_v1.5.uspp.F.UPF
  Cr2  51.996  cr_pbe_v1.5.uspp.F.UPF
  Cu  63.546  Cu.paw.z_11.ld1.psl.v1.0.0-low.upf
  Mn1  54.938  mn_pbe_v1.5.uspp.F.UPF
  Mn2  54.938  mn_pbe_v1.5.uspp.F.UPF
  Ni1  58.693  ni_pbe_v1.4.uspp.F.UPF
  Ni2  58.693  ni_pbe_v1.4.uspp.F.UPF
  O  15.999  O.pbe-n-kjpaw_psl.0.1.UPF
  H  1.008  H.pbe-rrkjus_psl.1.0.0.UPF
CELL_PARAMETERS angstrom
  5.855999434240528  0.0  3.585765481475687e-16
  2.0120443058924784e-15  12.511759014755889  7.66124281456192e-16
  0.0  0.0  25.023518029511784
ATOMIC_POSITIONS angstrom
  Mn1  7.545166147096794e-16  4.691909630533458  9.383819261066916  0 0 0
  Ni1  1.7605387676559188e-15  10.947789137911403  9.383819261066916  0 0 0
  Mn2  2.9279997171202647  4.691909630533458  9.383819261066916  0 0 0
  Cr1  2.9279997171202656  10.947789137911403  9.383819261066915  0 0 0
  Cr2  1.4639998585601322  1.563969876844486  9.383819261066916  0 0 0
  Ni2  1.4639998585601335  7.81984938422243  9.383819261066916  0 0 0
  Mn1  4.391999575680396  1.563969876844486  9.383819261066916  0 0 0
  Ni1  4.391999575680397  7.81984938422243  9.383819261066915  0 0 0
  Mn2  0.013996047763922414  1.5875212979952245  12.60118711184853  1 1 1
  Ni2  0.031116482804425076  7.8359384784285595  12.533383624913242  1 1 1
  Mn1  2.929751085665889  1.6008365888057572  12.581437918732522  1 1 1
  Cr1  2.8970024788347146  7.891558020184327  12.71441481381207  1 1 1
  Ni1  1.4898331162046488  4.732612731394667  12.555125756904435  1 1 1
  Mn2  1.4347307325836791  10.962407848907079  12.555963017421181  1 1 1
  Cr2  4.304388815341168  4.7734071727203755  12.5258997240795  1 1 1
  Mn1  4.422134200090995  10.964617091300859  12.560382981780721  1 1 1
  Cr1  0.014341505924471556  4.762684531873959  15.61519868447836  1 1 1
  Ni2  -0.06167784713682739  10.960931716984595  15.768289159665402  1 1 1
  Ni1  2.958738534568904  4.812045480947125  15.844123703670459  1 1 1
  Mn2  2.9378586753380334  10.947184633351108  15.743448219885426  1 1 1
  Cr2  1.5752739023153068  1.4955119085469477  15.854742000336808  1 1 1
  Cr1  1.2883430075556586  7.940423578977023  16.536106821526413  1 1 1
  Ni2  4.413049064590078  1.5886076801360898  15.820984024692118  1 1 1
  Cu  4.372380239237429  7.86601197864184  15.981454131369267  1 1 1
  O  2.5150553823655976e-16  1.5639698768444859  10.603715765005616  0 0 0
  O  1.257527691182799e-15  7.81984938422243  10.603715765005616  0 0 0
  O  2.9279997171202647  1.5639698768444859  10.603715765005616  0 0 0
  O  2.927999717120265  7.81984938422243  10.603715765005616  0 0 0
  O  2.515055382365597e-16  1.5639698768444854  8.163922757128216  0 0 0
  O  1.2575276911827989e-15  7.819849384222429  8.163922757128216  0 0 0
  O  2.9279997171202647  1.5639698768444854  8.163922757128216  0 0 0
  O  2.927999717120265  7.819849384222429  8.163922757128216  0 0 0
  O  1.4639998585601328  3.472013126594758  9.383819261066916  0 0 0
  O  1.4639998585601337  9.727892633972703  9.383819261066916  0 0 0
  O  4.391999575680397  3.472013126594758  9.383819261066916  0 0 0
  O  4.391999575680398  9.727892633972703  9.383819261066915  0 0 0
  O  1.4639998585601328  5.911806134472157  9.383819261066916  0 0 0
  O  1.4639998585601341  12.167685641850102  9.383819261066915  0 0 0
  O  4.391999575680397  5.911806134472157  9.383819261066916  0 0 0
  O  4.391999575680398  12.167685641850102  9.383819261066916  0 0 0
  O  -0.035415864049608205  4.771390581376805  13.947124709210124  1 1 1
  O  -0.003334040598604644  10.882620369491168  13.803059262913816  1 1 1
  O  2.9919075898490357  4.753445443728785  13.804833748793762  1 1 1
  O  2.9328104102764714  10.933354598586392  13.849286223748756  1 1 1
  O  7.545166147096793e-16  4.691909630533457  11.291862510817188  0 0 0
  O  1.7605387676559186e-15  10.947789137911402  11.291862510817188  0 0 0
  O  2.9279997171202647  4.691909630533457  11.291862510817188  0 0 0
  O  2.9279997171202656  10.947789137911402  11.291862510817186  0 0 0
  O  1.4732461770684897  0.3579692395132981  12.589313283145842  1 1 1
  O  1.538497800550944  6.631136232034146  12.519423141424864  1 1 1
  O  4.395878067864191  0.3704271851244726  12.655874236783328  1 1 1
  O  4.387601202401609  6.553476395647511  12.60074406943313  1 1 1
  O  1.4679653474161567  2.8097267218182918  12.57787253740884  1 1 1
  O  1.536673291885022  9.065942705617594  12.505174969699658  1 1 1
  O  4.410535436437452  2.8540623999751773  12.625254339953612  1 1 1
  O  4.320416209474791  9.032625049933761  12.523044315134083  1 1 1
  O  0.011632389867627959  1.5239024865388573  17.151551486729574  1 1 1
  O  0.38679145371699675  7.930155514546598  17.851234650989554  1 1 1
  O  2.7222990238344345  1.7844894984678228  17.03823782146453  1 1 1
  O  2.8773724860637566  7.705336448228967  17.067523044807317  1 1 1
  O  0.12364216769858716  1.6751058228292026  14.59597322193761  1 1 1
  O  0.1534091103569569  7.846680453186846  15.105160956551249  1 1 1
  O  2.834144189144002  1.6720286962298223  14.573455511891686  1 1 1
  O  2.9029486568511698  7.7989846410116845  14.364963482165267  1 1 1
  O  1.2927236351222393  3.6250959860534184  16.048772689851862  1 1 1
  O  1.4713215304226568  9.676635520718344  16.156997637124064  1 1 1
  O  4.568702127349624  3.6750563389146573  16.107873614836674  1 1 1
  O  4.313632456113001  9.721216892137535  16.133244796987075  1 1 1
  O  1.265926525652325  5.981900253085737  16.13511275466645  1 1 1
  O  1.5052646542611845  12.238753557501468  15.947895974564048  1 1 1
  O  4.520824373952769  5.998776025315463  16.1312312643151  1 1 1
  O  4.263247416792595  12.16910776860521  16.023730317749592  1 1 1
  O  2.142770437676396  4.949577242337619  19.14191290991408  1 1 1
  O  0.9608950406342343  4.941365388045365  19.48227269575022  1 1 1
  H  0.024503007761506008  2.3520252694382577  17.658650169707233  1 1 1
K_POINTS automatic
  4 2 1 0 0 0
HUBBARD (ortho-atomic)
U Cr1-3d 3.7000
U Cr2-3d 3.7000
U Mn1-3d 3.9000
U Mn2-3d 3.9000
U Ni1-3d 6.2000
U Ni2-3d 6.2000
