&CONTROL
  calculation = 'scf'
  prefix = 'hc__equiatomic_pull2.10__ortho__baseline'
  outdir = './tmp'
  pseudo_dir = '/usr/share/espresso/pseudo'
  tprnfor = .true.
  forc_conv_thr = 2.0d-3
  nstep = 200
  max_seconds = 165000
/
&SYSTEM
  ibrav = 0
  nat = 75
  ntyp = 6
  ecutwfc = 80.0
  ecutrho = 640.0
  occupations = 'smearing'
  smearing = 'mv'
  degauss = 0.01
  nosym = .true.
  noinv = .true.
  nspin = 2
  starting_magnetization(1) = 0.4
  starting_magnetization(2) = 0.6
  starting_magnetization(3) = 0.5
  starting_magnetization(4) = 0.3
  starting_magnetization(5) = 0.0
  starting_magnetization(6) = 0.0
/
&ELECTRONS
  conv_thr = 1.0d-6
  mixing_mode = 'local-TF'
  mixing_beta = 0.3
  electron_maxstep = 300
/
&IONS
  ion_dynamics = 'bfgs'
/
ATOMIC_SPECIES
  Co  58.933  Co_pbe_v1.2.uspp.F.UPF
  Cr  51.996  cr_pbe_v1.5.uspp.F.UPF
  Fe  55.845  Fe.pbe-spn-kjpaw_psl.0.2.1.UPF
  Ni  58.693  ni_pbe_v1.4.uspp.F.UPF
  O  15.999  O.pbe-n-kjpaw_psl.0.1.UPF
  H  1.008  H.pbe-rrkjus_psl.1.0.0.UPF
CELL_PARAMETERS angstrom
  5.9455  0.0  3.640568772165294e-16
  2.0264516267117194e-15  12.601349947525463  7.716101439086363e-16
  0.0  0.0  25.20269989505093
ATOMIC_POSITIONS angstrom
  Cr  2.5330645333896493e-16  1.575168743440683  9.4510124606441  0 0 0
  Cr  1.266532266694825e-15  7.875843717203415  9.4510124606441  0 0 0
  Cr  2.972750000000001  1.575168743440683  9.4510124606441  0 0 0
  Ni  2.9727500000000013  7.875843717203415  9.4510124606441  0 0 0
  Ni  1.486375000000001  4.725506230322049  9.4510124606441  0 0 0
  Co  1.486375000000002  11.02618120408478  9.451012460644098  0 0 0
  Co  4.459125000000001  4.725506230322049  9.4510124606441  0 0 0
  Cr  4.459125000000002  11.02618120408478  9.4510124606441  0 0 0
  Ni  0.030018827252784475  4.701725768278266  12.641891400090648  1 1 1
  Cr  0.040236233385570655  11.034830724044024  12.671857589023872  1 1 1
  Fe  3.0053530485274886  4.752087720341606  12.647920868055406  1 1 1
  Co  2.988497612712076  11.008355495718305  12.718639594921006  1 1 1
  Co  1.495792927082417  1.6031256300045966  12.668993822916345  1 1 1
  Ni  1.5073217036167352  7.833395914959517  12.640140885957697  1 1 1
  Fe  4.4646494156844945  1.6099471028393475  12.61092631354477  1 1 1
  Ni  4.437366105216495  7.855974936466422  12.651733760490515  1 1 1
  Cr  0.006790501683443902  1.6227524092605072  15.85831619910941  1 1 1
  Ni  0.015123671929522362  7.858223763280708  15.809112104029527  1 1 1
  Co  2.979998834612295  1.6271298765610411  15.69323654726611  1 1 1
  Fe  2.9948065721835713  7.875335401133515  15.777322850466318  1 1 1
  Fe  1.4797642967370095  4.830786382065681  15.865166943310399  1 1 1
  Fe  1.4790107942311495  10.976859510396832  15.950758050992473  1 1 1
  Co  4.462106620561432  4.776186267857704  15.910098604361034  1 1 1
  Fe  4.469084697171666  10.963813821975902  15.971403047950261  1 1 1
  O  7.599193600168949e-16  4.72550623032205  10.679644080527831  0 0 0
  O  1.7731451733727548e-15  11.026181204084782  10.679644080527831  0 0 0
  O  2.9727500000000013  4.72550623032205  10.679644080527831  0 0 0
  O  2.972750000000002  11.026181204084782  10.67964408052783  0 0 0
  O  7.59919360016895e-16  4.7255062303220505  8.222380840760364  0 0 0
  O  1.7731451733727548e-15  11.026181204084782  8.222380840760364  0 0 0
  O  2.9727500000000013  4.7255062303220505  8.222380840760364  0 0 0
  O  2.972750000000002  11.026181204084782  8.222380840760362  0 0 0
  O  1.4863750000000002  0.34653712355695127  9.4510124606441  0 0 0
  O  1.4863750000000013  6.647212097319683  9.4510124606441  0 0 0
  O  4.459125  0.34653712355695127  9.4510124606441  0 0 0
  O  4.459125000000001  6.647212097319683  9.4510124606441  0 0 0
  O  1.4863750000000007  2.803800363324416  9.4510124606441  0 0 0
  O  1.4863750000000022  9.104475337087148  9.4510124606441  0 0 0
  O  4.459125000000001  2.803800363324416  9.4510124606441  0 0 0
  O  4.459125000000002  9.104475337087148  9.451012460644098  0 0 0
  O  0.0008684065619586099  1.5825790392522312  13.941757612107718  1 1 1
  O  0.015749818081995357  7.889640186373568  13.814805367823812  1 1 1
  O  3.0082587641751704  1.5715470555674924  13.88765693445772  1 1 1
  O  2.96806017866935  7.796736687702553  13.85715924172074  1 1 1
  O  2.53306453338965e-16  1.575168743440683  11.37271832764173  0 0 0
  O  1.266532266694825e-15  7.875843717203415  11.37271832764173  0 0 0
  O  2.972750000000001  1.575168743440683  11.37271832764173  0 0 0
  O  2.9727500000000013  7.875843717203415  11.37271832764173  0 0 0
  O  1.5452720797848163  3.4215994132998864  12.69726502312971  1 1 1
  O  1.417997233178493  9.8750556383979  12.633978702742418  1 1 1
  O  4.448020684131245  3.5213406186268537  12.66117302193685  1 1 1
  O  4.440652856674063  9.857259854301109  12.661016567841923  1 1 1
  O  1.5433048342604538  5.882723472650404  12.647145559552756  1 1 1
  O  1.4899567496050112  12.296267649691105  12.653030555460614  1 1 1
  O  4.448649275729076  5.935223780867593  12.597258541359178  1 1 1
  O  4.537878158299858  12.219789934975699  12.650426100775558  1 1 1
  O  -0.04927138484118058  4.649064590124942  17.000588124106304  1 1 1
  O  0.03219898668876456  11.174899458701669  17.097868671255377  1 1 1
  O  3.046880525984174  4.746324655931523  16.97729263503748  1 1 1
  O  2.9576566417388666  11.023846754004444  17.073474443363224  1 1 1
  O  0.025482053971033574  4.780744288716336  14.653275861630648  1 1 1
  O  0.013639652174413642  11.024494101141666  14.65576713468194  1 1 1
  O  2.9822685373258357  4.8376513348487995  14.59441065548431  1 1 1
  O  2.975310712819225  10.963639713618834  14.536140208731432  1 1 1
  O  1.5860662007865962  0.43784522986759994  15.887550384456976  1 1 1
  O  1.4926074441476433  6.703161914938415  16.12674396200857  1 1 1
  O  4.38046272937628  0.4705489866543869  15.953269309165579  1 1 1
  O  4.496186440206094  6.627850551912928  16.064486304514592  1 1 1
  O  1.5890110189994944  2.788974165090013  15.934324924164093  1 1 1
  O  1.478052973395197  9.063317833848496  16.052100149274985  1 1 1
  O  4.387914238799917  2.8335850974576644  15.908097485320521  1 1 1
  O  4.486968072036867  9.019324996765222  16.087645795745516  1 1 1
  O  -0.035906203160349544  1.6709396398861174  17.83268043266438  1 1 1
  O  1.2313053772256521  1.6099800606522723  18.355528603406132  1 1 1
  H  1.0526015454114055  1.5146720566872454  19.327464955697007  1 1 1
K_POINTS automatic
  4 2 1 0 0 0
HUBBARD (ortho-atomic)
U Co-3d 3.3200
U Cr-3d 3.7000
U Fe-3d 5.3000
U Ni-3d 6.2000
