&CONTROL
  calculation = 'scf'
  prefix = 'hc__equiatomic_builder__atomic__fragment'
  outdir = './tmp'
  pseudo_dir = '/usr/share/espresso/pseudo'
  tprnfor = .true.
  forc_conv_thr = 2.0d-3
  nstep = 200
  max_seconds = 165000
/
&SYSTEM
  ibrav = 0
  nat = 75
  ntyp = 7
  ecutwfc = 80.0
  ecutrho = 640.0
  occupations = 'smearing'
  smearing = 'mv'
  degauss = 0.01
  nosym = .true.
  noinv = .true.
  nspin = 2
  starting_magnetization(1) = 0.4
  starting_magnetization(2) = 0.6
  starting_magnetization(3) = 0.5
  starting_magnetization(4) = 0.3
  starting_magnetization(5) = 0.0
  starting_magnetization(6) = 0.08333333333333333
  starting_magnetization(7) = 0.0
/
&ELECTRONS
  conv_thr = 1.0d-6
  mixing_mode = 'local-TF'
  mixing_beta = 0.3
  electron_maxstep = 300
/
&IONS
  ion_dynamics = 'bfgs'
/
ATOMIC_SPECIES
  Co  58.933  Co_pbe_v1.2.uspp.F.UPF
  Cr  51.996  cr_pbe_v1.5.uspp.F.UPF
  Fe  55.845  Fe.pbe-spn-kjpaw_psl.0.2.1.UPF
  Ni  58.693  ni_pbe_v1.4.uspp.F.UPF
  O1  15.999  O.pbe-n-kjpaw_psl.0.1.UPF
  O2  15.999  O.pbe-n-kjpaw_psl.0.1.UPF
  H  1.008  H.pbe-rrkjus_psl.1.0.0.UPF
CELL_PARAMETERS angstrom
  5.9455  0.0  3.640568772165294e-16
  2.0264516267117194e-15  12.601349947525463  7.716101439086363e-16
  0.0  0.0  25.20269989505093
ATOMIC_POSITIONS angstrom
  Cr  2.5330645333896493e-16  1.575168743440683  9.4510124606441  0 0 0
  Cr  1.266532266694825e-15  7.875843717203415  9.4510124606441  0 0 0
  Cr  2.972750000000001  1.575168743440683  9.4510124606441  0 0 0
  Ni  2.9727500000000013  7.875843717203415  9.4510124606441  0 0 0
  Ni  1.486375000000001  4.725506230322049  9.4510124606441  0 0 0
  Co  1.486375000000002  11.02618120408478  9.451012460644098  0 0 0
  Co  4.459125000000001  4.725506230322049  9.4510124606441  0 0 0
  Cr  4.459125000000002  11.02618120408478  9.4510124606441  0 0 0
  Ni  0.03553537251132861  4.712390139324032  12.647611411270134  1 1 1
  Cr  0.03949076039312499  11.043835593999283  12.683634646768102  1 1 1
  Fe  3.0142873758859494  4.756072132244991  12.656235969230679  1 1 1
  Co  2.9940460383613683  11.025335553946963  12.730913247602519  1 1 1
  Co  1.5530900491934294  1.603410083954348  12.615698757117585  1 1 1
  Ni  1.5107995078734193  7.839337983639924  12.641496273346894  1 1 1
  Fe  4.436611844747434  1.6184928571149506  12.592637027106793  1 1 1
  Ni  4.439125032819053  7.866456743473445  12.652134804927222  1 1 1
  Cr  -0.002947191602089079  1.63126505933563  15.689257066224597  1 1 1
  Ni  0.026005315932577662  7.8634623257894205  15.802641431553813  1 1 1
  Co  2.9587491447018968  1.663867541472728  15.754917139335056  1 1 1
  Fe  3.0069627110974975  7.876502624538198  15.770134574533976  1 1 1
  Fe  1.4871252498584044  4.828528924793752  15.894951768840238  1 1 1
  Fe  1.4894396400384458  10.986408363226477  15.968099334755706  1 1 1
  Co  4.480963258916847  4.781908279807163  15.92686112121885  1 1 1
  Fe  4.484665104948658  10.977574505930933  15.988040397278251  1 1 1
  O1  7.599193600168949e-16  4.72550623032205  10.679644080527831  0 0 0
  O1  1.7731451733727548e-15  11.026181204084782  10.679644080527831  0 0 0
  O1  2.9727500000000013  4.72550623032205  10.679644080527831  0 0 0
  O1  2.972750000000002  11.026181204084782  10.67964408052783  0 0 0
  O1  7.59919360016895e-16  4.7255062303220505  8.222380840760364  0 0 0
  O1  1.7731451733727548e-15  11.026181204084782  8.222380840760364  0 0 0
  O1  2.9727500000000013  4.7255062303220505  8.222380840760364  0 0 0
  O1  2.972750000000002  11.026181204084782  8.222380840760362  0 0 0
  O1  1.4863750000000002  0.34653712355695127  9.4510124606441  0 0 0
  O1  1.4863750000000013  6.647212097319683  9.4510124606441  0 0 0
  O1  4.459125  0.34653712355695127  9.4510124606441  0 0 0
  O1  4.459125000000001  6.647212097319683  9.4510124606441  0 0 0
  O1  1.4863750000000007  2.803800363324416  9.4510124606441  0 0 0
  O1  1.4863750000000022  9.104475337087148  9.4510124606441  0 0 0
  O1  4.459125000000001  2.803800363324416  9.4510124606441  0 0 0
  O1  4.459125000000002  9.104475337087148  9.451012460644098  0 0 0
  O1  0.0030299702774098203  1.6071824486772492  13.983696660581703  1 1 1
  O1  0.020913513934226385  7.899982707564881  13.82126549593634  1 1 1
  O1  3.004646847538128  1.5863117815986685  13.933513919467682  1 1 1
  O1  2.971332672908681  7.8138390609882125  13.856179814395142  1 1 1
  O1  2.53306453338965e-16  1.575168743440683  11.37271832764173  0 0 0
  O1  1.266532266694825e-15  7.875843717203415  11.37271832764173  0 0 0
  O1  2.972750000000001  1.575168743440683  11.37271832764173  0 0 0
  O1  2.9727500000000013  7.875843717203415  11.37271832764173  0 0 0
  O1  1.5535062433591214  3.4113150149167333  12.677988454217296  1 1 1
  O1  1.4192008664831668  9.889542838351185  12.642637952660104  1 1 1
  O1  4.458727929360508  3.518332642572969  12.669085161308956  1 1 1
  O1  4.436716471199892  9.86749270224258  12.669865445125017  1 1 1
  O1  1.5543536495028674  5.884943366974364  12.663809304750703  1 1 1
  O1  1.5007832089017608  12.325911963713423  12.642128703501497  1 1 1
  O1  4.44817741977696  5.944292486342971  12.615096888837803  1 1 1
  O1  4.546043646229188  12.245377427447753  12.657535926536704  1 1 1
  O1  -0.06676027265163548  4.759102073708901  17.031112788296074  1 1 1
  O1  0.04660415767314781  11.075133601541893  17.135192841378164  1 1 1
  O1  3.048056082379203  4.727041105680186  16.99477846041798  1 1 1
  O1  2.970469033465573  11.106652843140093  17.080880883681704  1 1 1
  O1  0.04365537930581639  4.745469446793261  14.66306060415544  1 1 1
  O1  0.02626002895672223  11.070480412260196  14.662420433980195  1 1 1
  O1  2.986557738875241  4.780855424633117  14.615281735558842  1 1 1
  O1  2.980579068250311  11.031017652557459  14.56177850185359  1 1 1
  O1  1.4607749338075238  0.4969259713390369  16.070959394342506  1 1 1
  O1  1.5156865636519135  6.705257116471888  16.122696374867154  1 1 1
  O1  4.542562960546687  0.5441358708636921  16.103553427184657  1 1 1
  O1  4.484012187096597  6.639263083766863  16.055745290857185  1 1 1
  O1  1.4458241719017668  2.798707421060808  16.107163838436716  1 1 1
  O1  1.5112458987298618  9.069435176456635  16.049945169355286  1 1 1
  O1  4.4901337884425265  2.853978157015344  16.03409446269895  1 1 1
  O1  4.483210474384571  9.026706497835207  16.079992636355282  1 1 1
  O2  -0.11970568694860387  1.5449643219714273  20.392645944666288  1 1 1
  O2  0.5394750548856274  1.983956587387187  19.30785857521579  1 1 1
  H  1.375909976258441  1.4371110583405566  19.25778050821263  1 1 1
K_POINTS automatic
  4 2 1 0 0 0
HUBBARD (atomic)
U Co-3d 3.3200
U Cr-3d 3.7000
U Fe-3d 5.3000
U Ni-3d 6.2000
