&CONTROL
  calculation = 'scf'
  prefix = 'hc__leader_builder__atomic__rho800'
  outdir = './tmp'
  pseudo_dir = '/usr/share/espresso/pseudo'
  tprnfor = .true.
  forc_conv_thr = 2.0d-3
  nstep = 200
  max_seconds = 165000
/
&SYSTEM
  ibrav = 0
  nat = 75
  ntyp = 6
  ecutwfc = 80.0
  ecutrho = 800.0
  occupations = 'smearing'
  smearing = 'mv'
  degauss = 0.01
  nosym = .true.
  noinv = .true.
  nspin = 2
  starting_magnetization(1) = 0.6
  starting_magnetization(2) = 0.2
  starting_magnetization(3) = 0.5
  starting_magnetization(4) = 0.3
  starting_magnetization(5) = 0.0
  starting_magnetization(6) = 0.0
/
&ELECTRONS
  conv_thr = 1.0d-6
  mixing_mode = 'local-TF'
  mixing_beta = 0.3
  electron_maxstep = 300
/
&IONS
  ion_dynamics = 'bfgs'
/
ATOMIC_SPECIES
  Cr  51.996  cr_pbe_v1.5.uspp.F.UPF
  Cu  63.546  Cu.paw.z_11.ld1.psl.v1.0.0-low.upf
  Mn  54.938  mn_pbe_v1.5.uspp.F.UPF
  Ni  58.693  ni_pbe_v1.4.uspp.F.UPF
  O  15.999  O.pbe-n-kjpaw_psl.0.1.UPF
  H  1.008  H.pbe-rrkjus_psl.1.0.0.UPF
CELL_PARAMETERS angstrom
  5.855999434240528  0.0  3.585765481475687e-16
  2.0120443058924784e-15  12.511759014755889  7.66124281456192e-16
  0.0  0.0  25.023518029511784
ATOMIC_POSITIONS angstrom
  Mn  7.545166147096794e-16  4.691909630533458  9.383819261066916  0 0 0
  Ni  1.7605387676559188e-15  10.947789137911403  9.383819261066916  0 0 0
  Mn  2.9279997171202647  4.691909630533458  9.383819261066916  0 0 0
  Cr  2.9279997171202656  10.947789137911403  9.383819261066915  0 0 0
  Cr  1.4639998585601322  1.563969876844486  9.383819261066916  0 0 0
  Ni  1.4639998585601335  7.81984938422243  9.383819261066916  0 0 0
  Mn  4.391999575680396  1.563969876844486  9.383819261066916  0 0 0
  Ni  4.391999575680397  7.81984938422243  9.383819261066915  0 0 0
  Mn  0.015289672696949872  1.5759268342241244  12.575103496260592  1 1 1
  Ni  0.022194201096636883  7.826052287794234  12.541515105056266  1 1 1
  Mn  2.931141073228036  1.5883663665699175  12.631360615467148  1 1 1
  Cr  2.8840010123678352  7.886118227038782  12.727263381756348  1 1 1
  Ni  1.4860438287880824  4.722174456815005  12.554555591985793  1 1 1
  Mn  1.4321380250759912  10.955852447339078  12.556524727074583  1 1 1
  Cr  4.307904317969141  4.763838099079218  12.522118520506725  1 1 1
  Mn  4.4187589486415435  10.954962836602729  12.555370230306274  1 1 1
  Cr  -0.041489115911361146  4.749812919200304  15.620220270948781  1 1 1
  Ni  -0.09698065486572617  10.926201671247469  15.759345040638937  1 1 1
  Ni  2.936560929266041  4.803664671208267  15.801260348245341  1 1 1
  Mn  2.920488699073678  10.940160281189133  15.75180810816646  1 1 1
  Cr  1.3124809367365324  1.4598420625684745  16.036704631940296  1 1 1
  Cr  1.2644037755206332  7.918127721017771  16.505776725410232  1 1 1
  Ni  4.323636249096154  1.5816862894333614  15.740725149251885  1 1 1
  Cu  4.342455761623429  7.844713957754025  15.981124753478317  1 1 1
  O  2.5150553823655976e-16  1.5639698768444859  10.603715765005616  0 0 0
  O  1.257527691182799e-15  7.81984938422243  10.603715765005616  0 0 0
  O  2.9279997171202647  1.5639698768444859  10.603715765005616  0 0 0
  O  2.927999717120265  7.81984938422243  10.603715765005616  0 0 0
  O  2.515055382365597e-16  1.5639698768444854  8.163922757128216  0 0 0
  O  1.2575276911827989e-15  7.819849384222429  8.163922757128216  0 0 0
  O  2.9279997171202647  1.5639698768444854  8.163922757128216  0 0 0
  O  2.927999717120265  7.819849384222429  8.163922757128216  0 0 0
  O  1.4639998585601328  3.472013126594758  9.383819261066916  0 0 0
  O  1.4639998585601337  9.727892633972703  9.383819261066916  0 0 0
  O  4.391999575680397  3.472013126594758  9.383819261066916  0 0 0
  O  4.391999575680398  9.727892633972703  9.383819261066915  0 0 0
  O  1.4639998585601328  5.911806134472157  9.383819261066916  0 0 0
  O  1.4639998585601341  12.167685641850102  9.383819261066915  0 0 0
  O  4.391999575680397  5.911806134472157  9.383819261066916  0 0 0
  O  4.391999575680398  12.167685641850102  9.383819261066916  0 0 0
  O  -0.05390618540385879  4.775671345214728  13.951054203836721  1 1 1
  O  -0.012135132413666509  10.863723943959114  13.796572612058856  1 1 1
  O  2.983807501071673  4.747007644369435  13.802687632763654  1 1 1
  O  2.9256238917280206  10.929377173155544  13.846345579786282  1 1 1
  O  7.545166147096793e-16  4.691909630533457  11.291862510817188  0 0 0
  O  1.7605387676559186e-15  10.947789137911402  11.291862510817188  0 0 0
  O  2.9279997171202647  4.691909630533457  11.291862510817188  0 0 0
  O  2.9279997171202656  10.947789137911402  11.291862510817186  0 0 0
  O  1.4670556731409057  0.344911393583405  12.573933571983808  1 1 1
  O  1.5399166956193564  6.624864019010345  12.51474471758347  1 1 1
  O  4.397802325041684  0.35941335314664824  12.653139789362415  1 1 1
  O  4.372562446533666  6.545914069980325  12.61398954946404  1 1 1
  O  1.4662834179917306  2.7973190266374934  12.578389199125509  1 1 1
  O  1.532887952642267  9.058572900531153  12.494092371237242  1 1 1
  O  4.41060958520682  2.8453560290510835  12.639568143580133  1 1 1
  O  4.30483163874839  9.023251332324286  12.529626415207565  1 1 1
  O  0.04786647628261496  1.5497122705140511  17.092640670292376  1 1 1
  O  0.3428962972446826  7.9386146338483945  17.80537763129023  1 1 1
  O  2.663124798919864  1.8050080535577318  16.953292676009315  1 1 1
  O  2.8435311929726637  7.687225617912191  17.071415162077148  1 1 1
  O  0.1535105069085277  1.6562865908017255  14.592257188372876  1 1 1
  O  0.10418286028240802  7.827505031499351  15.064357297466046  1 1 1
  O  2.825796289221428  1.6334400453278872  14.526307861863407  1 1 1
  O  2.866830904577738  7.8132701679323135  14.378367875585553  1 1 1
  O  1.2329469027038422  3.6538339099043062  16.070074082712008  1 1 1
  O  1.4537429870233727  9.646368367189723  16.091059239756905  1 1 1
  O  4.519421531522973  3.638866484566786  16.049317722566915  1 1 1
  O  4.282108202085853  9.705190529658049  16.14064009933407  1 1 1
  O  1.2442133003858902  6.001997194566778  16.10654973803158  1 1 1
  O  1.4595734129484106  12.211022438515322  15.985214886035426  1 1 1
  O  4.493654970838428  5.9832189356225385  16.156523289395974  1 1 1
  O  4.244278384389007  12.173314682946762  16.081311473128235  1 1 1
  O  -0.11067278661244617  4.522886059217383  20.170834189759912  1 1 1
  O  1.2149974412657598  4.58934624478887  20.34368524952897  1 1 1
  H  1.3602639407291246  4.72985995569906  21.32519720039578  1 1 1
K_POINTS automatic
  4 2 1 0 0 0
HUBBARD (atomic)
U Cr-3d 3.7000
U Mn-3d 3.9000
U Ni-3d 6.2000
