&CONTROL
  calculation = 'scf'
  prefix = 'O__atomic_ndim16'
  outdir = '/anvil/projects/x-che260157/sts_arm_c_2026-10-07_rerun/runs/hea/arm_c_2026-10-07_rerun/Fe25Co25Ni25Cr25__s25_site2/tmp_O__atomic_ndim16'
  pseudo_dir = '/anvil/projects/x-che260157/pseudo'
  tprnfor = .true.
  forc_conv_thr = 2.0d-3
  nstep = 200
  max_seconds = 165000
/
&SYSTEM
  ibrav = 0
  nat = 73
  ntyp = 5
  ecutwfc = 80.0
  ecutrho = 640.0
  occupations = 'smearing'
  smearing = 'mv'
  degauss = 0.01
  nosym = .true.
  noinv = .true.
  nspin = 2
  starting_magnetization(1) = 0.4
  starting_magnetization(2) = 0.6
  starting_magnetization(3) = 0.5
  starting_magnetization(4) = 0.3
  starting_magnetization(5) = 0.0
/
&ELECTRONS
  conv_thr = 1.0d-6
  mixing_mode = 'local-TF'
  mixing_beta = 0.3
  mixing_ndim = 16
  electron_maxstep = 300
/
&IONS
  ion_dynamics = 'bfgs'
/
ATOMIC_SPECIES
  Co  58.933  Co_pbe_v1.2.uspp.F.UPF
  Cr  51.996  cr_pbe_v1.5.uspp.F.UPF
  Fe  55.845  Fe.pbe-spn-kjpaw_psl.0.2.1.UPF
  Ni  58.693  ni_pbe_v1.4.uspp.F.UPF
  O  15.999  O.pbe-n-kjpaw_psl.0.1.UPF
CELL_PARAMETERS angstrom
  5.9455  0.0  3.640568772165294e-16
  2.0264516267117194e-15  12.601349947525463  7.716101439086363e-16
  0.0  0.0  25.20269989505093
ATOMIC_POSITIONS angstrom
  Co  2.5330645333896493e-16  1.575168743440683  9.4510124606441  0 0 0
  Fe  1.266532266694825e-15  7.875843717203415  9.4510124606441  0 0 0
  Cr  2.972750000000001  1.575168743440683  9.4510124606441  0 0 0
  Co  2.9727500000000013  7.875843717203415  9.4510124606441  0 0 0
  Fe  1.486375000000001  4.725506230322049  9.4510124606441  0 0 0
  Fe  1.486375000000002  11.02618120408478  9.451012460644098  0 0 0
  Ni  4.459125000000001  4.725506230322049  9.4510124606441  0 0 0
  Ni  4.459125000000002  11.02618120408478  9.4510124606441  0 0 0
  Cr  -0.04563943258410468  4.730404407613186  12.657332910700596  1 1 1
  Ni  -0.039645716529853235  11.072908933381425  12.609040214388656  1 1 1
  Cr  2.9265144702437196  4.65816744402112  12.695783491338336  1 1 1
  Co  2.9411561434338873  11.063290851460112  12.604896547831176  1 1 1
  Co  1.4884637962630338  1.5256627522185862  12.58584029091111  1 1 1
  Ni  1.4879059447707172  7.951750058087769  12.599084428617223  1 1 1
  Co  4.4248913381022765  1.5172488295698903  12.588295437231125  1 1 1
  Ni  4.486839914687767  7.9748834527066785  12.602648682327695  1 1 1
  Fe  0.02993406291067471  1.593913892703327  15.63294244316174  1 1 1
  Ni  0.136707979173669  7.8137167693483836  15.758668678218534  1 1 1
  Cr  2.984325046899624  1.544520020827649  16.532085278093263  1 1 1
  Co  2.994785561875818  7.8315454230790005  15.629959905495054  1 1 1
  Fe  1.4850649461305874  4.712500795781502  15.857125309879542  1 1 1
  Fe  1.574558717319774  10.986901251024417  15.823519558774077  1 1 1
  Cr  4.476766359774299  4.75989080439355  16.11418311416773  1 1 1
  Cr  4.721906172880316  10.785636694241653  16.177150798427782  1 1 1
  O  7.599193600168949e-16  4.72550623032205  10.679644080527831  0 0 0
  O  1.7731451733727548e-15  11.026181204084782  10.679644080527831  0 0 0
  O  2.9727500000000013  4.72550623032205  10.679644080527831  0 0 0
  O  2.972750000000002  11.026181204084782  10.67964408052783  0 0 0
  O  7.59919360016895e-16  4.7255062303220505  8.222380840760364  0 0 0
  O  1.7731451733727548e-15  11.026181204084782  8.222380840760364  0 0 0
  O  2.9727500000000013  4.7255062303220505  8.222380840760364  0 0 0
  O  2.972750000000002  11.026181204084782  8.222380840760362  0 0 0
  O  1.4863750000000002  0.34653712355695127  9.4510124606441  0 0 0
  O  1.4863750000000013  6.647212097319683  9.4510124606441  0 0 0
  O  4.459125  0.34653712355695127  9.4510124606441  0 0 0
  O  4.459125000000001  6.647212097319683  9.4510124606441  0 0 0
  O  1.4863750000000007  2.803800363324416  9.4510124606441  0 0 0
  O  1.4863750000000022  9.104475337087148  9.4510124606441  0 0 0
  O  4.459125000000001  2.803800363324416  9.4510124606441  0 0 0
  O  4.459125000000002  9.104475337087148  9.451012460644098  0 0 0
  O  -0.0013834325122676957  1.5756235058827341  13.750315042322827  1 1 1
  O  0.031076303247446296  7.959362283544461  13.786592946317915  1 1 1
  O  2.965591654166424  1.5814408299910176  13.695212955551492  1 1 1
  O  2.999457312292299  7.930952162336758  13.90964947261646  1 1 1
  O  2.53306453338965e-16  1.575168743440683  11.37271832764173  0 0 0
  O  1.266532266694825e-15  7.875843717203415  11.37271832764173  0 0 0
  O  2.972750000000001  1.575168743440683  11.37271832764173  0 0 0
  O  2.9727500000000013  7.875843717203415  11.37271832764173  0 0 0
  O  1.4527687767826893  3.4569484854469543  12.616534683482659  1 1 1
  O  1.487213276636205  9.879814846491307  12.608136009714688  1 1 1
  O  4.433980508089837  3.4367465242193456  12.543377990297259  1 1 1
  O  4.390432342547234  9.887484867254509  12.567505931471285  1 1 1
  O  1.494903131696268  5.907644497909844  12.660970604023298  1 1 1
  O  1.4586422421909868  12.337698173729176  12.608942453663271  1 1 1
  O  4.538557364264183  5.900507326852247  12.648693280157959  1 1 1
  O  4.429379723806552  12.355212400281747  12.56857958997309  1 1 1
  O  -0.16651602996493278  4.796330078216655  17.15769589386931  1 1 1
  O  -0.009233455465293926  10.93585963272979  17.276167631886718  1 1 1
  O  3.10557620033488  4.714937706295557  17.08845419633804  1 1 1
  O  3.2451972835647322  11.100714331309407  16.934424927208898  1 1 1
  O  -0.053619222490923206  4.60727845931946  14.647540432465943  1 1 1
  O  -0.22408767169153723  11.15732924657447  14.77739664776373  1 1 1
  O  3.0610995620766777  4.644907347537531  14.486817197764324  1 1 1
  O  2.915554355143422  11.027952194744481  14.332979744930139  1 1 1
  O  1.601711773268568  0.39642991960703056  16.071776876940294  1 1 1
  O  1.6289041426100208  6.582145453282639  15.95865776920037  1 1 1
  O  4.427585749573737  0.4666717390582596  16.0591793429533  1 1 1
  O  4.407693095244231  6.59433686291001  15.836150803038402  1 1 1
  O  1.5537607799910167  2.8088093675721453  16.068224747054114  1 1 1
  O  1.6766071103126907  9.034708386492209  16.02769750953793  1 1 1
  O  4.4025858026702585  2.8109581738043596  15.971335175037494  1 1 1
  O  4.516228787570652  9.05719076784083  16.014196417237027  1 1 1
  O  2.987610706015613  1.6130532817019836  18.113656549132937  1 1 1
K_POINTS automatic
  4 2 1 0 0 0
HUBBARD (atomic)
U Co-3d 3.3200
U Cr-3d 3.7000
U Fe-3d 5.3000
U Ni-3d 6.2000
