0.9647906491076765
0.0011816834545191888
-0.0001319365418707727
0.0060678115391227996
-0.0013708480555362993
0.0011816834545191888
0.988346740867102
0.00025720229520216474
-0.0001381259681155807
0.00024508245406778964
-0.0001319365418707727
0.00025720229520216474
0.9922807623818541
-6.718681880656306e-05
-0.0005405695644180267
0.0060678115391227996
-0.0001381259681155807
-6.718681880656306e-05
0.9913834492909839
0.0019750551091549575
-0.0013708480555362993
0.00024508245406778964
-0.0005405695644180267
0.0019750551091549575
0.865307336459358
0.19409671048503685
-0.007083897306007469
-0.004474399867266823
0.015690797782540667
0.00525719029605638
-0.007083897306007469
0.9950690215318583
-0.00041990570230518583
0.0002160985257511311
0.0006487987552391187
-0.004474399867266823
-0.00041990570230518583
0.996583055393792
5.8567648024043324e-05
0.0011173645960717616
0.015690797782540667
0.0002160985257511311
5.8567648024043324e-05
0.992767578558504
0.0035383706023353226
0.00525719029605638
0.0006487987552391187
0.0011173645960717616
0.0035383706023353226
0.3809960379769191
0.8633077231650372
0.0004995618253182135
-0.00026547169071380693
0.009641210058251236
-0.0016671050094247213
0.0004995618253182135
0.9855664966205662
-0.0011089727639734795
0.00043349124556851776
-0.0014440710542085637
-0.00026547169071380693
-0.0011089727639734795
0.9937187809922152
0.00012590243645708323
-0.00031740530235635484
0.009641210058251236
0.00043349124556851776
0.00012590243645708323
0.9883009029516312
-0.0002791229144189127
-0.0016671050094247213
-0.0014440710542085637
-0.00031740530235635484
-0.0002791229144189127
0.6756644259633385
0.25642294326185094
-0.0005079584472859015
-0.0021620831513538647
-0.021870831319491305
-0.0018526802946102754
-0.0005079584472859015
0.13899702353678728
0.001165884525251953
-7.579739183806431e-05
0.00055276113108599
-0.0021620831513538647
0.001165884525251953
0.1342435166991006
-9.106911761218855e-05
-0.0006484030553810628
-0.021870831319491305
-7.579739183806431e-05
-9.106911761218855e-05
0.11749191531804089
0.005685893805904817
-0.0018526802946102754
0.00055276113108599
-0.0006484030553810628
0.005685893805904817
0.41608468244264263
0.9638585420158139
-0.00153344430655691
0.0004352636740257823
0.006075559293637871
0.0008335179684395852
-0.00153344430655691
0.9887283638402126
-0.00040512296571009783
0.00030096683753338683
0.0004333369190271912
0.0004352636740257823
-0.00040512296571009783
0.9924248699861974
-4.9142875784100756e-05
0.00019779469864285702
0.006075559293637871
0.00030096683753338683
-4.9142875784100756e-05
0.9914442751205061
-0.0019174422771365278
0.0008335179684395852
0.0004333369190271912
0.00019779469864285702
-0.0019174422771365278
0.8653036117884724
0.19270493264079358
0.0072654318940050125
-0.005022951704748862
0.015750275009972
-0.005258481003284707
0.0072654318940050125
0.9950357522279211
0.00041117573935876004
-0.00020443617578708197
0.0003263338520718289
-0.005022951704748862
0.00041117573935876004
0.996535782364219
5.508251563037205e-05
-0.0009133385409494172
0.015750275009972
-0.00020443617578708197
5.508251563037205e-05
0.992798714382317
-0.003595044997520038
-0.005258481003284707
0.0003263338520718289
-0.0009133385409494172
-0.003595044997520038
0.3821650851897478
0.8606170763064569
-0.00033117074077462024
0.0014056560520179105
0.012083748370230052
0.003586863793607748
-0.00033117074077462024
0.9854366699414698
0.0012534929108661355
-6.097189982957504e-05
-0.0017213873943400136
0.0014056560520179105
0.0012534929108661355
0.9920632330185523
0.00013268869368203456
0.0004702014648763728
0.012083748370230052
-6.097189982957504e-05
0.00013268869368203456
0.9884231799242682
0.0004819521145687258
0.003586863793607748
-0.0017213873943400136
0.0004702014648763728
0.0004819521145687258
0.6737422617186914
0.26238895424943975
0.0005197919720492195
-0.0013895060169366528
-0.022464080237291607
0.001601611123643102
0.0005197919720492195
0.1396764988914859
-0.001146577492322597
2.7784001008652146e-05
0.00026596952467544574
-0.0013895060169366528
-0.001146577492322597
0.13428437592589557
-5.0979746039695354e-05
0.0005021930859100566
-0.022464080237291607
2.7784001008652146e-05
-5.0979746039695354e-05
0.11741137149786456
-0.005701933910087339
0.001601611123643102
0.00026596952467544574
0.0005021930859100566
-0.005701933910087339
0.4158583572223655
0.9383529988611922
-0.0034729629322926554
-0.0004088988046614588
-0.10895032087830926
-0.0004405780128628876
-0.0034729629322926554
0.7113325574206077
0.00045583343910359083
-0.0012527926021777135
1.8581402021444398e-05
-0.0004088988046614588
0.00045583343910359083
0.9784499481230151
0.00021438073487086128
0.0018367906674606783
-0.10895032087830926
-0.0012527926021777135
0.00021438073487086128
0.7595147962699687
-0.00028905048293054094
-0.0004405780128628876
1.8581402021444398e-05
0.0018367906674606783
-0.00028905048293054094
0.9609903078014416
0.17828940908779922
-0.00016119870283355057
0.0002736573785543059
0.1062417508335726
4.9693010741857694e-05
-0.00016119870283355057
0.44252745093438933
-7.00225896991955e-05
-0.0007786288480762679
0.0005725767229287855
0.0002736573785543059
-7.00225896991955e-05
0.16622431231949245
0.0006280990430268731
-0.0011856021562534004
0.1062417508335726
-0.0007786288480762679
0.0006280990430268731
0.37543357371947933
0.00018350321580572603
4.9693010741857694e-05
0.0005725767229287855
-0.0011856021562534004
0.00018350321580572603
0.16372366210310246
0.9381473614061845
0.000287824624260328
-0.0002482624259285937
-0.10894537663239777
-0.00011303321893719978
0.000287824624260328
0.6943727826915358
-3.377125523228376e-05
-0.0002943895910301685
0.00020681828878521503
-0.0002482624259285937
-3.377125523228376e-05
0.979401486263168
-0.0005302895266795245
-0.00022792205242322324
-0.10894537663239777
-0.0002943895910301685
-0.0005302895266795245
0.7483194796292741
-0.0004925900860490953
-0.00011303321893719978
0.00020681828878521503
-0.00022792205242322324
-0.0004925900860490953
0.9634706574774345
0.18811427829129157
-0.0003776701928396817
-0.0005666501885743092
0.10030096823043755
4.079410982745018e-05
-0.0003776701928396817
0.4444262073261202
-5.62279598286559e-05
0.0006090213709236248
0.00012298391470025576
-0.0005666501885743092
-5.62279598286559e-05
0.16949765441606354
-5.681121663022406e-05
0.00018110485421678145
0.10030096823043755
0.0006090213709236248
-5.681121663022406e-05
0.3871192400272099
2.881344575144413e-05
4.079410982745018e-05
0.00012298391470025576
0.00018110485421678145
2.881344575144413e-05
0.16903876927958533
0.9390642728042261
0.0026890361201441617
0.001389747365178103
-0.10914697858759541
-0.00015966049424497592
0.0026890361201441617
0.7095744434344464
-0.0012597102812703042
0.00027324451641868637
0.00021573207591653307
0.001389747365178103
-0.0012597102812703042
0.9783871031210968
0.0033550815831018287
-0.0016501751224870815
-0.10914697858759541
0.00027324451641868637
0.0033550815831018287
0.7584671619324866
0.00010584634492878172
-0.00015966049424497592
0.00021573207591653307
-0.0016501751224870815
0.00010584634492878172
0.962542389604762
0.1781919579527044
0.0003582781246284986
-0.00011855858659135661
0.10592852056731288
5.461371031153058e-05
0.0003582781246284986
0.4419748652521871
0.00036287826824064955
0.0012622341861840698
-0.0006162239257450812
-0.00011855858659135661
0.00036287826824064955
0.1653226293028671
-0.0004208373824438939
0.001369193869651959
0.10592852056731288
0.0012622341861840698
-0.0004208373824438939
0.3752749108617622
-6.677442029988595e-05
5.461371031153058e-05
-0.0006162239257450812
0.001369193869651959
-6.677442029988595e-05
0.16329098689000562
0.0
0.0
0.0
0.0
0.0
0.0
0.0
0.0
0.0
0.0
0.0
0.0
0.0
0.0
0.0
0.0
0.0
0.0
0.0
0.0
0.0
0.0
0.0
0.0
0.0
0.0
0.0
0.0
0.0
0.0
0.0
0.0
0.0
0.0
0.0
0.0
0.0
0.0
0.0
0.0
0.0
0.0
0.0
0.0
0.0
0.0
0.0
0.0
0.0
0.0
0.7195924039802143
-0.001282396853044804
0.0032871477584302303
0.017578297469191928
-0.003756935551583597
-0.001282396853044804
0.9805588857813269
0.0004104713016581938
-0.0013975235141171782
-0.009944891907785147
0.0032871477584302303
0.0004104713016581938
0.985666622124307
-0.0008052310824813574
-0.00014163551268925572
0.017578297469191928
-0.0013975235141171782
-0.0008052310824813574
0.9840624934032394
0.016195721622498684
-0.003756935551583597
-0.009944891907785147
-0.00014163551268925572
0.016195721622498684
0.7225535947758632
0.38854917595094196
0.0002794825480002854
-0.0006558998550447524
-0.01881287964549841
0.010375917473424893
0.0002794825480002854
0.16684901589056245
-0.009762443568254146
-0.0007649345469040196
0.003409682453566065
-0.0006558998550447524
-0.009762443568254146
0.15493876597643128
-0.0021946816898546924
-0.0008080085224957304
-0.01881287964549841
-0.0007649345469040196
-0.0021946816898546924
0.1075527926853414
-0.01608684077476512
0.010375917473424893
0.003409682453566065
-0.0008080085224957304
-0.01608684077476512
0.41010163239213704
0.5253128383977941
-0.0016073866997180193
-0.0035795977499669296
0.017941340441274094
-0.013411114313057833
-0.0016073866997180193
0.8328198512147059
-0.037883925530015815
-0.00032272921594307284
-0.004270554478336542
-0.0035795977499669296
-0.037883925530015815
0.8080363976453958
-0.003848747567192005
-0.0029214640207686146
0.017941340441274094
-0.00032272921594307284
-0.003848747567192005
0.9619681604139935
-0.016716038281678655
-0.013411114313057833
-0.004270554478336542
-0.0029214640207686146
-0.016716038281678655
0.514353407462736
0.34980445992552434
-0.003853630930603886
0.0024060784036105723
-0.021432370148318364
-0.014119858730942644
-0.003853630930603886
0.1325350591446423
0.010576000458057289
7.577063451704047e-05
-0.001070418434372357
0.0024060784036105723
0.010576000458057289
0.1241876774066015
0.0008962230417104419
0.0015439010053871158
-0.021432370148318364
7.577063451704047e-05
0.0008962230417104419
0.10054460622446204
0.011776674454774906
-0.014119858730942644
-0.001070418434372357
0.0015439010053871158
0.011776674454774906
0.3701853590151033
0.9261053196880681
-0.0020938387016812584
0.0003552470432832536
0.011498564698863102
0.026326786239617584
-0.0020938387016812584
0.9901867885320212
-0.0002760450598754373
0.0005382350453577171
-0.003969436881939096
0.0003552470432832536
-0.0002760450598754373
0.9940251891831765
-0.0005268679755902741
0.0013607138801379475
0.011498564698863102
0.0005382350453577171
-0.0005268679755902741
0.9902722966779005
-0.008593306280950598
0.026326786239617584
-0.003969436881939096
0.0013607138801379475
-0.008593306280950598
0.8806971659829617
0.2752377283135984
0.010585861371121792
0.013737805949917583
0.009978794478763266
-0.032976870926554096
0.010585861371121792
0.9947822280184543
-3.740198283818562e-05
-0.00026452608754808397
-0.006299762067340259
0.013737805949917583
-3.740198283818562e-05
0.9955561268343881
-0.0005219662999515429
-0.005245108322114482
0.009978794478763266
-0.00026452608754808397
-0.0005219662999515429
0.9917022563697662
-0.018426741128816846
-0.032976870926554096
-0.006299762067340259
-0.005245108322114482
-0.018426741128816846
0.3346641231649515
0.5247669016469029
-0.004583452971366748
-0.011737531583152265
0.015783501002059865
0.009641760393535323
-0.004583452971366748
0.8277783492033353
0.03270528814568262
-0.00011605487209001283
0.00529178045298588
-0.011737531583152265
0.03270528814568262
0.8071728080807834
-0.0007050178194233074
0.001693351330081035
0.015783501002059865
-0.00011605487209001283
-0.0007050178194233074
0.9574640007135081
0.019247067090600693
0.009641760393535323
0.00529178045298588
0.001693351330081035
0.019247067090600693
0.5257252365112346
0.3473756900142406
0.005138501191648486
0.003199665192094453
-0.019927665814094858
0.011275679193091873
0.005138501191648486
0.13462225394542435
-0.008298715165186231
-2.1263862039747777e-05
-0.0008498424101663736
0.003199665192094453
-0.008298715165186231
0.12545006470647402
0.0009837275054693112
-0.002042493132113419
-0.019927665814094858
-2.1263862039747777e-05
0.0009837275054693112
0.10555145400949659
-0.013283265678131592
0.011275679193091873
-0.0008498424101663736
-0.002042493132113419
-0.013283265678131592
0.3756770987269187
0.8452354282600447
-0.001199560106919268
-0.005671765339783544
-0.12897045495923468
0.0020072801344046846
-0.001199560106919268
0.5555175384917765
0.002726874039541833
-0.003191761964189135
0.011748707190558061
-0.005671765339783544
0.002726874039541833
0.6770954258116597
0.002108711326604459
0.00022509792096171556
-0.12897045495923468
-0.003191761964189135
0.002108711326604459
0.6405618273073842
0.0004911115818918547
0.0020072801344046846
0.011748707190558061
0.00022509792096171556
0.0004911115818918547
0.7578974915801847
0.17441895385229425
-0.002036259526343444
0.0006819906766636133
0.12772549966244862
-0.0021005118159310664
-0.002036259526343444
0.3749442744603534
0.0004298464915520975
-0.0006460373764765454
0.00026684635675714997
0.0006819906766636133
0.0004298464915520975
0.22638136775423096
-0.0030715820257343606
0.0023639681764767227
0.12772549966244862
-0.0006460373764765454
-0.0030715820257343606
0.3917740018451442
-0.0022477261915283815
-0.0021005118159310664
0.00026684635675714997
0.0023639681764767227
-0.0022477261915283815
0.20677711968800924
0.9753247667571181
-0.008623565724595102
-0.0006994490046242726
-0.033405128037304804
-0.002226439375339086
-0.008623565724595102
0.8811443948121782
-0.003247265322377222
-0.026608430712793143
-0.00029570863728264966
-0.0006994490046242726
-0.003247265322377222
0.9929867285427221
-0.0012124146703816104
-0.00022851055674126604
-0.033405128037304804
-0.026608430712793143
-0.0012124146703816104
0.9101404499069994
-0.0021578647092826276
-0.002226439375339086
-0.00029570863728264966
-0.00022851055674126604
-0.0021578647092826276
0.9912145124011091
0.8333801502222057
0.03692401766469267
-0.014272428627429898
-0.28704994204460826
0.007612038916159505
0.03692401766469267
0.333832523007772
-0.00044276817024951535
0.02259107389351687
-0.012704101676788907
-0.014272428627429898
-0.00044276817024951535
0.994789859703293
-0.02590288713011736
0.001232426794807671
-0.28704994204460826
0.02259107389351687
-0.02590288713011736
0.4749464833956868
0.01281446992135934
0.007612038916159505
-0.012704101676788907
0.001232426794807671
0.01281446992135934
0.9940884424439159
0.9790674634305423
-0.00136457467466318
-0.0019353104382070156
-0.031183065335799082
-0.001724903236480736
-0.00136457467466318
0.9416557183522895
-0.0014038766617009623
-0.0031482365424050185
-0.0005784659340037845
-0.0019353104382070156
-0.0014038766617009623
0.9910058935847196
-0.0027820758997093
0.0005087120404641784
-0.031183065335799082
-0.0031482365424050185
-0.0027820758997093
0.9281432589975344
-0.0024272949625639105
-0.001724903236480736
-0.0005784659340037845
0.0005087120404641784
-0.0024272949625639105
0.9881263167541898
0.8282535144191834
0.0010140549367946047
0.00756248970878471
-0.29492728090805437
0.002528974032289796
0.0010140549367946047
0.25408945395893523
0.004345467940120544
0.0035645378199357027
0.006910785458976119
0.00756248970878471
0.004345467940120544
0.9951671359010628
0.013683952989383191
0.00010382755264128657
-0.29492728090805437
0.0035645378199357027
0.013683952989383191
0.46194459043757813
0.004530938129208399
0.002528974032289796
0.006910785458976119
0.00010382755264128657
0.004530938129208399
0.9937397519766002
0.9688130486558701
0.010555578511344775
-0.0028257697132951266
-0.046619964059607215
0.0036385276630961443
0.010555578511344775
0.877862941844517
0.0008780169619286955
0.03014817350306577
-0.0022329584596096712
-0.0028257697132951266
0.0008780169619286955
0.9948300203531362
-0.00339104792510412
-0.0014035857906865472
-0.046619964059607215
0.03014817350306577
-0.00339104792510412
0.886277963416026
0.00590255951386413
0.0036385276630961443
-0.0022329584596096712
-0.0014035857906865472
0.00590255951386413
0.9907022874825608
0.8429245686662732
-0.040164747888609145
-0.007093699669697015
-0.27040413427293053
0.0011766543422658956
-0.040164747888609145
0.3398172500536988
0.0072905314717930806
-0.029025324753005195
-0.0094330722243208
-0.007093699669697015
0.0072905314717930806
0.9955966208834711
-0.013486375791867813
-0.00027321958484479645
-0.27040413427293053
-0.029025324753005195
-0.013486375791867813
0.5057831603837639
0.0027331607243422673
0.0011766543422658956
-0.0094330722243208
-0.00027321958484479645
0.0027331607243422673
0.9941982392772722
0.5750749525898785
0.012311590232321274
-0.005279048970630365
0.04075073853396786
-0.0035980820936754145
0.012311590232321274
0.7177474272046622
-0.003325234012642883
-0.013902475850884066
0.004272534755156391
-0.005279048970630365
-0.003325234012642883
0.6415714873277718
-0.0018486903743725426
0.017263988002819298
0.04075073853396786
-0.013902475850884066
-0.0018486903743725426
0.9601141902701842
-0.0198477173968
-0.0035980820936754145
0.004272534755156391
0.017263988002819298
-0.0198477173968
0.5650146686048444
0.3638495218251838
-0.002684724967559774
0.0032932873151530657
-0.03237289681313507
-0.006253481758982948
-0.002684724967559774
0.22665840832158374
0.013248971860793204
0.0010882179664953734
0.0038806171736682116
0.0032932873151530657
0.013248971860793204
0.23671429671861657
-0.00210481766159438
-0.0019204224793232135
-0.03237289681313507
0.0010882179664953734
-0.00210481766159438
0.11819240316029496
0.012417977010996104
-0.006253481758982948
0.0038806171736682116
-0.0019204224793232135
0.012417977010996104
0.41240485652221903
0.9874301840016183
0.00048174365913519003
0.0006072105728470653
0.002758208453475373
0.0007682818631240564
0.00048174365913519003
0.9946931624824031
0.00027937145271663853
-0.00045406883950892317
0.0008794414463623374
0.0006072105728470653
0.00027937145271663853
0.9962391017117772
0.00019459104903026523
-0.001314099184998816
0.002758208453475373
-0.00045406883950892317
0.00019459104903026523
0.994360251066104
0.0005994531559687382
0.0007682818631240564
0.0008794414463623374
-0.001314099184998816
0.0005994531559687382
0.9707929060248691
0.1256391793209312
-0.012905067345789396
0.0028440721885084103
0.06794147638761903
-0.004432346026896919
-0.012905067345789396
0.9937263189481613
4.2461569275369356e-05
0.0009584769957576246
-0.002185697078532629
0.0028440721885084103
4.2461569275369356e-05
0.9966634947189358
-3.6758984121847764e-05
-0.005084904320513115
0.06794147638761903
0.0009584769957576246
-3.6758984121847764e-05
0.9873004162028951
0.010212338337597007
-0.004432346026896919
-0.002185697078532629
-0.005084904320513115
0.010212338337597007
0.24097858417074264
0.5798935681981445
-0.001287245058930623
-0.00765191939496332
0.0210893896127466
-0.00024743659631355503
-0.001287245058930623
0.6784000680193893
-0.02361636029234868
0.01441090788658377
0.0018044203723312153
-0.00765191939496332
-0.02361636029234868
0.5864576458834292
-0.0022616997145911335
-0.004729756403518661
0.0210893896127466
0.01441090788658377
-0.0022616997145911335
0.9471001772319982
0.004103742718373243
-0.00024743659631355503
0.0018044203723312153
-0.004729756403518661
0.004103742718373243
0.5495550195376885
0.4151299364446992
-0.0077296484760748276
0.006468297897738177
-0.021283559022634846
0.005846270999752781
-0.0077296484760748276
0.26493277962954764
-0.0036763883607132675
-0.0005745314921036815
0.011750665095068863
0.006468297897738177
-0.0036763883607132675
0.29578144055633027
-0.0039891933521942514
-0.006027883054972332
-0.021283559022634846
-0.0005745314921036815
-0.0039891933521942514
0.14695127065456445
-0.004932292367871149
0.005846270999752781
0.011750665095068863
-0.006027883054972332
-0.004932292367871149
0.4497263420530989
0.5766557493858846
0.004520670051285114
-0.0037949526789848587
0.01255753719328206
-0.00010922169628065895
0.004520670051285114
0.5897336088676984
0.0031382210080144715
0.016470886908951526
-0.00786330971864124
-0.0037949526789848587
0.0031382210080144715
0.5576790183192054
-0.008632714072844319
-0.008055927669711811
0.01255753719328206
0.016470886908951526
-0.008632714072844319
0.9254146520458076
0.0036111280351401845
-0.00010922169628065895
-0.00786330971864124
-0.008055927669711811
0.0036111280351401845
0.5736118303707676
0.45128835081872753
-0.0025814646391045222
-0.0054444363334881524
-0.016369197043669532
-0.0035390962512503155
-0.0025814646391045222
0.3234194517272316
0.0066950730338929156
-0.0013168547586887582
-0.00915664342151468
-0.0054444363334881524
0.0066950730338929156
0.34709580939503737
0.005290419711173309
-0.004641702951308601
-0.016369197043669532
-0.0013168547586887582
0.005290419711173309
0.1645130612062932
-0.0020356401774718003
-0.0035390962512503155
-0.00915664342151468
-0.004641702951308601
-0.0020356401774718003
0.4825703505928206
0.9481921387696379
0.008854528508433265
0.006153082319134583
-0.09146730428038126
-0.012449258788202808
0.008854528508433265
0.7269416379393794
-0.009125866532637255
-0.002761307650996128
-0.002861306485154813
0.006153082319134583
-0.009125866532637255
0.974105267299682
0.004129220281361214
-0.0025658116519828803
-0.09146730428038126
-0.002761307650996128
0.004129220281361214
0.7673175853191885
-0.03459346091548819
-0.012449258788202808
-0.002861306485154813
-0.0025658116519828803
-0.03459346091548819
0.9546427150325133
0.1640892881317625
-0.007769147496441709
0.001966097138117401
0.09239242217517603
0.007186433533984619
-0.007769147496441709
0.43674665517505007
0.011743071101607957
0.0089173825262534
0.005483306675144589
0.001966097138117401
0.011743071101607957
0.14661758707739714
0.0006355705505305086
0.004081454721938479
0.09239242217517603
0.0089173825262534
0.0006355705505305086
0.3644378389939241
0.02714867385142083
0.007186433533984619
0.005483306675144589
0.004081454721938479
0.02714867385142083
0.16937266020194852
0.7256226041473101
0.009010733460660383
0.09470130546640876
-0.07101763246887821
-0.0339356317455755
0.009010733460660383
0.5700014392015393
0.008576667635296553
-0.004766973465939322
-0.006702862087142192
0.09470130546640876
0.008576667635296553
0.7639576747850978
-0.020220768512706207
-0.022557359359200235
-0.07101763246887821
-0.004766973465939322
-0.020220768512706207
0.613159302546594
0.03142291846297128
-0.0339356317455755
-0.006702862087142192
-0.022557359359200235
0.03142291846297128
0.705574578928065
0.23605177301734792
-0.0027905396073296456
-0.011826037818320275
0.0636469322508328
0.0017564033329966642
-0.0027905396073296456
0.45879658656365296
-0.017295923228911013
0.003051060498702905
0.0022166832508936567
-0.011826037818320275
-0.017295923228911013
0.18043290939683942
0.0016268349674877659
-0.0012359102606724142
0.0636469322508328
0.003051060498702905
0.0016268349674877659
0.4071802814126448
-0.028885548282367668
0.0017564033329966642
0.0022166832508936567
-0.0012359102606724142
-0.028885548282367668
0.2167167723441124
0.9833788072355198
-0.0005994531778535881
0.0014467759834606306
-0.024312628523681473
0.0001354303553160613
-0.0005994531778535881
0.8040539699813446
0.006263058765151834
0.0158150440115578
-0.006245931165799175
0.0014467759834606306
0.006263058765151834
0.9856250692314988
-0.00016032587691450998
0.005332513313964038
-0.024312628523681473
0.0158150440115578
-0.00016032587691450998
0.9271610822840843
0.007412833921542113
0.0001354303553160613
-0.006245931165799175
0.005332513313964038
0.007412833921542113
0.9778320263633835
0.8435441304156108
-0.022756633941154538
-0.006652174410068439
-0.2883729893294832
0.043596281852987764
-0.022756633941154538
0.46194349761816855
0.02992412103828902
-0.014340383492264
-0.00863424582748618
-0.006652174410068439
0.02992412103828902
0.9940042696781478
-0.01433673263307333
0.0025887897175030095
-0.2883729893294832
-0.014340383492264
-0.01433673263307333
0.4464317939669009
0.08315488589403965
0.043596281852987764
-0.00863424582748618
0.0025887897175030095
0.08315488589403965
0.9831875135950029
0.9555726324870701
-0.0044617139823202355
0.0001858847412543971
-0.08468437120665191
-0.011082244980284598
-0.0044617139823202355
0.7329699719744522
-0.008313886675977999
0.005230922232942584
0.008354446211539093
0.0001858847412543971
-0.008313886675977999
0.989220103487136
0.0016782886786551514
0.0006181978136451061
-0.08468437120665191
0.005230922232942584
0.0016782886786551514
0.8145220417482254
-0.02342484538066137
-0.011082244980284598
0.008354446211539093
0.0006181978136451061
-0.02342484538066137
0.9819599568634146
0.14281538942148694
0.003572254886842416
-0.002273162328612645
0.09749726410745206
0.010953388679773565
0.003572254886842416
0.3639712227082874
0.0069896530494988765
-0.003218828698810707
-0.00662470481983621
-0.002273162328612645
0.0069896530494988765
0.12927031059383132
-0.0021256963107334215
0.0014310393357907676
0.09749726410745206
-0.003218828698810707
-0.0021256963107334215
0.32560489195254283
0.022955972395406553
0.010953388679773565
-0.00662470481983621
0.0014310393357907676
0.022955972395406553
0.13111238737136344
0.0
0.0
0.0
0.0
0.0
0.0
0.0
0.0
0.0
0.0
0.0
0.0
0.0
0.0
0.0
0.0
0.0
0.0
0.0
0.0
0.0
0.0
0.0
0.0
0.0
0.0
0.0
0.0
0.0
0.0
0.0
0.0
0.0
0.0
0.0
0.0
0.0
0.0
0.0
0.0
0.0
0.0
0.0
0.0
0.0
0.0
0.0
0.0
0.0
0.0
0.0
0.0
0.0
0.0
0.0
0.0
0.0
0.0
0.0
0.0
0.0
0.0
0.0
0.0
0.0
0.0
0.0
0.0
0.0
0.0
0.0
0.0
0.0
0.0
0.0
0.0
0.0
0.0
0.0
0.0
0.0
0.0
0.0
0.0
0.0
0.0
0.0
0.0
0.0
0.0
0.0
0.0
0.0
0.0
0.0
0.0
0.0
0.0
0.0
0.0
0.0
0.0
0.0
0.0
0.0
0.0
0.0
0.0
0.0
0.0
0.0
0.0
0.0
0.0
0.0
0.0
0.0
0.0
0.0
0.0
0.0
0.0
0.0
0.0
0.0
0.0
0.0
0.0
0.0
0.0
0.0
0.0
0.0
0.0
0.0
0.0
0.0
0.0
0.0
0.0
0.0
0.0
0.0
0.0
0.0
0.0
0.0
0.0
0.0
0.0
0.0
0.0
0.0
0.0
0.0
0.0
0.0
0.0
0.0
0.0
0.0
0.0
0.0
0.0
0.0
0.0
0.0
0.0
0.0
0.0
0.0
0.0
0.0
0.0
0.0
0.0
0.0
0.0
0.0
0.0
0.0
0.0
0.0
0.0
0.0
0.0
0.0
0.0
0.0
0.0
0.0
0.0
0.0
0.0
0.0
0.0
0.0
0.0
0.0
0.0
0.0
0.0
0.0
0.0
0.0
0.0
0.0
0.0
0.0
0.0
0.0
0.0
0.0
0.0
0.0
0.0
0.0
0.0
0.0
0.0
0.0
0.0
0.0
0.0
0.0
0.0
0.0
0.0
0.0
0.0
0.0
0.0
0.0
0.0
0.0
0.0
0.0
0.0
0.0
0.0
0.0
0.0
0.0
0.0
0.0
0.0
0.0
0.0
0.0
0.0
0.0
0.0
0.0
0.0
0.0
0.0
0.0
0.0
0.0
0.0
0.0
0.0
0.0
0.0
0.0
0.0
0.0
0.0
0.0
0.0
0.0
0.0
0.0
0.0
0.0
0.0
0.0
0.0
0.0
0.0
0.0
0.0
0.0
0.0
0.0
0.0
0.0
0.0
0.0
0.0
0.0
0.0
0.0
0.0
0.0
0.0
0.0
0.0
0.0
0.0
0.0
0.0
0.0
0.0
0.0
0.0
0.0
0.0
0.0
0.0
0.0
0.0
0.0
0.0
0.0
0.0
0.0
0.0
0.0
0.0
0.0
0.0
0.0
0.0
0.0
0.0
0.0
0.0
0.0
0.0
0.0
0.0
0.0
0.0
0.0
0.0
0.0
0.0
0.0
0.0
0.0
0.0
0.0
0.0
0.0
0.0
0.0
0.0
0.0
0.0
0.0
0.0
0.0
0.0
0.0
0.0
0.0
0.0
0.0
0.0
0.0
0.0
0.0
0.0
0.0
0.0
0.0
0.0
0.0
0.0
0.0
0.0
0.0
0.0
0.0
0.0
0.0
0.0
0.0
0.0
0.0
0.0
0.0
0.0
0.0
0.0
0.0
0.0
0.0
0.0
0.0
0.0
0.0
0.0
0.0
0.0
0.0
0.0
0.0
0.0
0.0
0.0
0.0
0.0
0.0
0.0
0.0
0.0
0.0
0.0
0.0
0.0
0.0
0.0
0.0
0.0
0.0
0.0
0.0
0.0
0.0
0.0
0.0
0.0
0.0
0.0
0.0
0.0
0.0
0.0
0.0
0.0
0.0
0.0
0.0
0.0
0.0
0.0
0.0
0.0
0.0
0.0
0.0
0.0
0.0
0.0
0.0
0.0
0.0
0.0
0.0
0.0
0.0
0.0
0.0
0.0
0.0
0.0
0.0
0.0
0.0
0.0
0.0
0.0
0.0
0.0
0.0
0.0
0.0
0.0
0.0
0.0
0.0
0.0
0.0
0.0
0.0
0.0
0.0
0.0
0.0
0.0
0.0
0.0
0.0
0.0
0.0
0.0
0.0
0.0
0.0
0.0
0.0
0.0
0.0
0.0
0.0
0.0
0.0
0.0
0.0
0.0
0.0
0.0
0.0
0.0
0.0
0.0
0.0
0.0
0.0
0.0
0.0
0.0
0.0
0.0
0.0
0.0
0.0
0.0
0.0
0.0
0.0
0.0
0.0
0.0
0.0
0.0
0.0
0.0
0.0
0.0
0.0
0.0
0.0
0.0
0.0
0.0
0.0
0.0
0.0
0.0
0.0
0.0
0.0
0.0
0.0
0.0
0.0
0.0
0.0
0.0
0.0
0.0
0.0
0.0
0.0
0.0
0.0
0.0
0.0
0.0
0.0
0.0
0.0
0.0
0.0
0.0
0.0
0.0
0.0
0.0
0.0
0.0
0.0
0.0
0.0
0.0
0.0
0.0
0.0
0.0
0.0
0.0
0.0
0.0
0.0
0.0
0.0
0.0
0.0
0.0
0.0
0.0
0.0
0.0
0.0
0.0
0.0
0.0
0.0
0.0
0.0
0.0
0.0
0.0
0.0
0.0
0.0
0.0
0.0
0.0
0.0
0.0
0.0
0.0
0.0
0.0
0.0
0.0
0.0
0.0
0.0
0.0
0.0
0.0
0.0
0.0
0.0
0.0
0.0
0.0
0.0
0.0
0.0
0.0
0.0
0.0
0.0
0.0
0.0
0.0
0.0
0.0
0.0
0.0
0.0
0.0
0.0
0.0
0.0
0.0
0.0
0.0
0.0
0.0
0.0
0.0
0.0
0.0
0.0
0.0
0.0
0.0
0.0
0.0
0.0
0.0
0.0
0.0
0.0
0.0
0.0
0.0
0.0
0.0
0.0
0.0
0.0
0.0
0.0
0.0
0.0
0.0
0.0
0.0
0.0
0.0
0.0
0.0
0.0
0.0
0.0
0.0
0.0
0.0
0.0
0.0
0.0
0.0
0.0
0.0
0.0
0.0
0.0
0.0
0.0
0.0
0.0
0.0
0.0
0.0
0.0
0.0
0.0
0.0
0.0
0.0
0.0
0.0
0.0
0.0
0.0
0.0
0.0
0.0
0.0
0.0
0.0
0.0
0.0
0.0
0.0
0.0
0.0
0.0
0.0
0.0
0.0
0.0
0.0
0.0
0.0
0.0
0.0
0.0
0.0
0.0
0.0
0.0
0.0
0.0
0.0
0.0
0.0
0.0
0.0
0.0
0.0
0.0
0.0
0.0
0.0
0.0
0.0
0.0
0.0
0.0
0.0
0.0
0.0
0.0
0.0
0.0
0.0
0.0
0.0
0.0
0.0
0.0
0.0
0.0
0.0
0.0
0.0
0.0
0.0
0.0
0.0
0.0
0.0
0.0
0.0
0.0
0.0
0.0
0.0
0.0
0.0
0.0
0.0
0.0
0.0
0.0
0.0
0.0
0.0
0.0
0.0
0.0
0.0
0.0
0.0
0.0
0.0
0.0
0.0
0.0
0.0
0.0
0.0
0.0
0.0
0.0
0.0
0.0
0.0
0.0
0.0
0.0
0.0
0.0
0.0
0.0
0.0
0.0
0.0
0.0
0.0
0.0
0.0
0.0
0.0
0.0
0.0
0.0
0.0
0.0
0.0
0.0
0.0
0.0
0.0
0.0
0.0
0.0
0.0
0.0
0.0
0.0
0.0
0.0
0.0
0.0
0.0
0.0
0.0
0.0
0.0
0.0
0.0
0.0
0.0
0.0
0.0
0.0
0.0
0.0
0.0
0.0
0.0
0.0
0.0
0.0
0.0
0.0
0.0
0.0
0.0
0.0
0.0
0.0
0.0
0.0
0.0
0.0
0.0
0.0
0.0
0.0
0.0
0.0
0.0
0.0
0.0
0.0
0.0
0.0
0.0
0.0
0.0
0.0
0.0
0.0
0.0
0.0
0.0
0.0
0.0
0.0
0.0
0.0
0.0
0.0
0.0
0.0
0.0
0.0
0.0
0.0
0.0
0.0
0.0
0.0
0.0
0.0
0.0
0.0
0.0
0.0
0.0
0.0
0.0
0.0
0.0
0.0
0.0
0.0
0.0
0.0
0.0
0.0
0.0
0.0
0.0
0.0
0.0
0.0
0.0
0.0
0.0
0.0
0.0
0.0
0.0
0.0
0.0
0.0
0.0
0.0
0.0
0.0
0.0
0.0
0.0
0.0
0.0
0.0
0.0
0.0
0.0
0.0
0.0
0.0
0.0
0.0
0.0
0.0
0.0
0.0
0.0
0.0
0.0
0.0
0.0
0.0
0.0
0.0
0.0
0.0
0.0
0.0
0.0
0.0
0.0
0.0
0.0
0.0
0.0
0.0
0.0
0.0
0.0
0.0
0.0
0.0
0.0
0.0
0.0
0.0
0.0
0.0
0.0
0.0
0.0
0.0
0.0
0.0
0.0
0.0
0.0
0.0
0.0
0.0
0.0
0.0
0.0
0.0
0.0
0.0
0.0
0.0
0.0
0.0
0.0
0.0
0.0
0.0
0.0
0.0
0.0
0.0
0.0
0.0
0.0
0.0
0.0
0.0
0.0
0.0
0.0
0.0
0.0
0.0
0.0
0.0
0.0
0.0
0.0
0.0
0.0
0.0
0.0
0.0
0.0
0.0
0.0
0.0
0.0
0.0
0.0
0.0
0.0
0.0
0.0
0.0
0.0
0.0
0.0
0.0
0.0
0.0
0.0
0.0
0.0
0.0
0.0
0.0
0.0
0.0
0.0
0.0
0.0
0.0
0.0
0.0
0.0
0.0
0.0
0.0
0.0
0.0
0.0
0.0
0.0
0.0
0.0
0.0
0.0
0.0
0.0
0.0
0.0
0.0
0.0
0.0
0.0
0.0
0.0
0.0
0.0
0.0
0.0
0.0
0.0
0.0
0.0
0.0
0.0
0.0
0.0
0.0
0.0
0.0
0.0
0.0
0.0
0.0
0.0
0.0
0.0
0.0
0.0
0.0
0.0
0.0
0.0
0.0
0.0
0.0
0.0
0.0
0.0
0.0
0.0
0.0
0.0
0.0
0.0
0.0
0.0
0.0
0.0
0.0
0.0
0.0
0.0
0.0
0.0
0.0
0.0
0.0
0.0
0.0
0.0
0.0
0.0
0.0
0.0
0.0
0.0
0.0
0.0
0.0
0.0
0.0
0.0
0.0
0.0
0.0
0.0
0.0
0.0
0.0
0.0
0.0
0.0
0.0
0.0
0.0
0.0
0.0
0.0
0.0
0.0
0.0
0.0
0.0
0.0
0.0
0.0
0.0
0.0
0.0
0.0
0.0
0.0
0.0
0.0
0.0
0.0
0.0
0.0
0.0
0.0
0.0
0.0
0.0
0.0
0.0
0.0
0.0
0.0
0.0
0.0
0.0
0.0
0.0
0.0
0.0
0.0
0.0
0.0
0.0
0.0
0.0
0.0
0.0
0.0
0.0
0.0
0.0
0.0
0.0
0.0
0.0
0.0
0.0
0.0
0.0
0.0
0.0
0.0
0.0
0.0
0.0
0.0
0.0
0.0
0.0
0.0
0.0
0.0
0.0
0.0
0.0
0.0
0.0
0.0
0.0
0.0
0.0
0.0
0.0
0.0
0.0
0.0
0.0
0.0
0.0
0.0
0.0
0.0
0.0
0.0
0.0
0.0
0.0
0.0
0.0
0.0
0.0
0.0
0.0
0.0
0.0
0.0
0.0
0.0
0.0
0.0
0.0
0.0
0.0
0.0
0.0
0.0
0.0
0.0
0.0
0.0
0.0
0.0
0.0
0.0
0.0
0.0
0.0
0.0
0.0
0.0
0.0
0.0
0.0
0.0
0.0
0.0
0.0
0.0
0.0
0.0
0.0
0.0
0.0
0.0
0.0
0.0
0.0
0.0
0.0
0.0
0.0
0.0
0.0
0.0
0.0
0.0
0.0
0.0
0.0
0.0
0.0
0.0
0.0
0.0
0.0
0.0
0.0
0.0
0.0
0.0
0.0
0.0
0.0
0.0
0.0
0.0
0.0
0.0
0.0
0.0
0.0
0.0
0.0
0.0
0.0
0.0
0.0
0.0
0.0
0.0
0.0
0.0
0.0
0.0
0.0
0.0
0.0
0.0
0.0
0.0
0.0
0.0
0.0
0.0
0.0
0.0
0.0
0.0
0.0
0.0
0.0
0.0
0.0
0.0
0.0
0.0
0.0
0.0
0.0
0.0
0.0
0.0
0.0
0.0
0.0
0.0
0.0
0.0
0.0
0.0
0.0
0.0
0.0
0.0
0.0
0.0
0.0
0.0
0.0
0.0
0.0
0.0
0.0
0.0
0.0
0.0
0.0
0.0
0.0
0.0
0.0
0.0
0.0
0.0
0.0
0.0
0.0
0.0
0.0
0.0
0.0
0.0
0.0
0.0
0.0
0.0
0.0
0.0
0.0
0.0
0.0
0.0
0.0
0.0
0.0
0.0
0.0
0.0
0.0
0.0
0.0
0.0
0.0
0.0
0.0
0.0
0.0
0.0
0.0
0.0
0.0
0.0
0.0
0.0
0.0
0.0
0.0
0.0
0.0
0.0
0.0
0.0
0.0
0.0
0.0
0.0
0.0
0.0
0.0
0.0
0.0
0.0
0.0
0.0
0.0
0.0
0.0
0.0
0.0
0.0
0.0
0.0
0.0
0.0
0.0
0.0
0.0
0.0
0.0
0.0
0.0
0.0
0.0
0.0
0.0
0.0
0.0
0.0
0.0
0.0
0.0
0.0
0.0
0.0
0.0
0.0
0.0
0.0
0.0
0.0
0.0
0.0
0.0
0.0
0.0
0.0
0.0
0.0
0.0
0.0
0.0
0.0
0.0
0.0
0.0
0.0
0.0
0.0
0.0
0.0
0.0
0.0
0.0
0.0
0.0
0.0
0.0
0.0
0.0
0.0
0.0
0.0
0.0
0.0
0.0
0.0
0.0
0.0
0.0
0.0
0.0
0.0
0.0
0.0
0.0
0.0
0.0
0.0
0.0
0.0
0.0
0.0
0.0
0.0
0.0
0.0
0.0
0.0
0.0
0.0
0.0
0.0
0.0
0.0
0.0
0.0
0.0
0.0
0.0
0.0
0.0
0.0
0.0
0.0
0.0
0.0
0.0
0.0
0.0
0.0
0.0
0.0
0.0
0.0
0.0
0.0
0.0
0.0
0.0
0.0
0.0
0.0
0.0
0.0
0.0
0.0
0.0
0.0
0.0
0.0
0.0
0.0
0.0
0.0
0.0
0.0
0.0
0.0
0.0
0.0
0.0
0.0
0.0
0.0
0.0
0.0
0.0
0.0
0.0
0.0
0.0
0.0
0.0
0.0
0.0
0.0
0.0
0.0
0.0
0.0
0.0
0.0
0.0
0.0
0.0
0.0
0.0
0.0
0.0
0.0
0.0
0.0
0.0
0.0
0.0
0.0
0.0
0.0
0.0
0.0
0.0
0.0
0.0
0.0
0.0
0.0
0.0
0.0
0.0
0.0
0.0
0.0
0.0
0.0
0.0
0.0
0.0
0.0
0.0
0.0
0.0
0.0
0.0
0.0
0.0
0.0
0.0
0.0
0.0
0.0
0.0
0.0
0.0
0.0
0.0
0.0
0.0
0.0
0.0
0.0
0.0
0.0
0.0
0.0
0.0
0.0
0.0
0.0
0.0
0.0
0.0
0.0
0.0
0.0
0.0
0.0
0.0
0.0
0.0
0.0
0.0
0.0
0.0
0.0
0.0
0.0
0.0
0.0
0.0
0.0
0.0
0.0
0.0
0.0
0.0
0.0
0.0
0.0
0.0
0.0
0.0
0.0
0.0
0.0
0.0
0.0
0.0
0.0
0.0
0.0
0.0
0.0
0.0
0.0
0.0
0.0
0.0
0.0
0.0
0.0
0.0
0.0
0.0
0.0
0.0
0.0
0.0
0.0
0.0
0.0
0.0
0.0
0.0
0.0
0.0
0.0
0.0
0.0
0.0
0.0
0.0
0.0
0.0
0.0
0.0
0.0
0.0
0.0
0.0
0.0
0.0
0.0
0.0
0.0
0.0
0.0
0.0
0.0
0.0
0.0
0.0
0.0
0.0
0.0
0.0
0.0
0.0
0.0
0.0
0.0
0.0
0.0
0.0
0.0
0.0
0.0
0.0
0.0
0.0
0.0
0.0
0.0
0.0
0.0
0.0
0.0
0.0
0.0
0.0
0.0
0.0
0.0
0.0
0.0
0.0
0.0
0.0
0.0
0.0
0.0
0.0
0.0
0.0
0.0
0.0
0.0
0.0
0.0
0.0
0.0
0.0
0.0
0.0
0.0
0.0
0.0
0.0
0.0
0.0
0.0
0.0
0.0
0.0
0.0
0.0
0.0
0.0
0.0
0.0
0.0
0.0
0.0
0.0
0.0
0.0
0.0
0.0
0.0
0.0
0.0
0.0
0.0
0.0
0.0
0.0
0.0
0.0
0.0
0.0
0.0
0.0
0.0
0.0
0.0
0.0
0.0
0.0
0.0
0.0
0.0
0.0
0.0
0.0
0.0
0.0
0.0
0.0
0.0
0.0
0.0
0.0
0.0
0.0
0.0
0.0
0.0
0.0
0.0
0.0
0.0
0.0
0.0
0.0
0.0
0.0
0.0
0.0
0.0
0.0
0.0
0.0
0.0
0.0
0.0
0.0
0.0
0.0
0.0
0.0
0.0
0.0
0.0
0.0
0.0
0.0
0.0
0.0
0.0
0.0
0.0
0.0
0.0
0.0
0.0
0.0
0.0
0.0
0.0
0.0
0.0
0.0
0.0
0.0
0.0
0.0
0.0
0.0
0.0
0.0
0.0
0.0
0.0
0.0
0.0
0.0
0.0
0.0
0.0
0.0
0.0
0.0
0.0
0.0
0.0
0.0
0.0
0.0
0.0
0.0
0.0
0.0
0.0
0.0
0.0
0.0
0.0
0.0
0.0
0.0
0.0
0.0
0.0
0.0
0.0
0.0
0.0
0.0
0.0
0.0
0.0
0.0
0.0
0.0
0.0
0.0
0.0
0.0
0.0
0.0
0.0
0.0
0.0
0.0
0.0
0.0
0.0
0.0
0.0
0.0
0.0
0.0
0.0
0.0
0.0
0.0
0.0
0.0
0.0
0.0
0.0
0.0
0.0
0.0
0.0
0.0
0.0
0.0
0.0
0.0
0.0
0.0
0.0
0.0
0.0
0.0
0.0
0.0
0.0
0.0
0.0
0.0
0.0
0.0
0.0
0.0
0.0
0.0
0.0
0.0
0.0
0.0
0.0
0.0
0.0
0.0
0.0
0.0
0.0
0.0
0.0
0.0
0.0
0.0
0.0
0.0
0.0
0.0
0.0
0.0
0.0
0.0
0.0
0.0
0.0
0.0
0.0
0.0
0.0
0.0
0.0
0.0
0.0
0.0
0.0
0.0
0.0
0.0
0.0
0.0
0.0
0.0
0.0
0.0
0.0
0.0
0.0
0.0
0.0
0.0
0.0
0.0
0.0
0.0
0.0
0.0
0.0
0.0
0.0
0.0
0.0
0.0
0.0
0.0
0.0
0.0
0.0
0.0
0.0
0.0
0.0
0.0
0.0
0.0
0.0
0.0
0.0
0.0
0.0
0.0
0.0
0.0
0.0
0.0
0.0
0.0
0.0
0.0
0.0
0.0
0.0
0.0
0.0
0.0
0.0
0.0
0.0
0.0
0.0
0.0
0.0
0.0
0.0
0.0
0.0
0.0
0.0
0.0
0.0
0.0
0.0
0.0
0.0
0.0
0.0
0.0
0.0
0.0
0.0
0.0
0.0
0.0
0.0
0.0
0.0
0.0
0.0
0.0
0.0
0.0
0.0
0.0
0.0
0.0
0.0
0.0
0.0
0.0
0.0
0.0
0.0
0.0
0.0
0.0
0.0
0.0
0.0
0.0
0.0
0.0
0.0
0.0
0.0
0.0
0.0
0.0
0.0
0.0
0.0
0.0
0.0
0.0
0.0
0.0
0.0
0.0
0.0
0.0
0.0
0.0
0.0
0.0
0.0
0.0
0.0
0.0
0.0
0.0
0.0
0.0
0.0
0.0
0.0
0.0
0.0
0.0
0.0
0.0
0.0
0.0
0.0
0.0
0.0
0.0
0.0
0.0
0.0
0.0
0.0
0.0
0.0
0.0
0.0
0.0
0.0
0.0
0.0
0.0
0.0
0.0
0.0
0.0
0.0
0.0
0.0
0.0
0.0
0.0
0.0
0.0
0.0
0.0
0.0
0.0
0.0
0.0
0.0
0.0
0.0
0.0
0.0
0.0
0.0
0.0
0.0
0.0
0.0
0.0
0.0
0.0
0.0
0.0
0.0
0.0
0.0
0.0
0.0
0.0
0.0
0.0
0.0
0.0
0.0
0.0
0.0
0.0
0.0
0.0
0.0
0.0
0.0
0.0
0.0
0.0
0.0
0.0
0.0
0.0
0.0
0.0
0.0
0.0
0.0
0.0
0.0
0.0
0.0
0.0
0.0
0.0
