&CONTROL
  calculation = 'scf'
  prefix = 'OOH__atomic'
  outdir = '/anvil/projects/x-che260157/sts_arm_c_2026-10-07/runs/hea/arm_c_2026-10-07/Cu26Ni9Cr31Co33__s17_site1/tmp_OOH__atomic'
  pseudo_dir = '/anvil/projects/x-che260157/pseudo'
  tprnfor = .true.
  forc_conv_thr = 2.0d-3
  nstep = 200
  max_seconds = 165000
/
&SYSTEM
  ibrav = 0
  nat = 75
  ntyp = 6
  ecutwfc = 80.0
  ecutrho = 640.0
  occupations = 'smearing'
  smearing = 'mv'
  degauss = 0.01
  nosym = .true.
  noinv = .true.
  nspin = 2
  starting_magnetization(1) = 0.4
  starting_magnetization(2) = 0.6
  starting_magnetization(3) = 0.2
  starting_magnetization(4) = 0.3
  starting_magnetization(5) = 0.0
  starting_magnetization(6) = 0.0
/
&ELECTRONS
  conv_thr = 1.0d-6
  mixing_mode = 'local-TF'
  mixing_beta = 0.3
  electron_maxstep = 300
/
&IONS
  ion_dynamics = 'bfgs'
/
ATOMIC_SPECIES
  Co  58.933  Co_pbe_v1.2.uspp.F.UPF
  Cr  51.996  cr_pbe_v1.5.uspp.F.UPF
  Cu  63.546  Cu.paw.z_11.ld1.psl.v1.0.0-low.upf
  Ni  58.693  ni_pbe_v1.4.uspp.F.UPF
  O  15.999  O.pbe-n-kjpaw_psl.0.1.UPF
  H  1.008  H.pbe-rrkjus_psl.1.0.0.UPF
CELL_PARAMETERS angstrom
  5.937647166200523  0.0  3.6357602982769114e-16
  2.0233485575117938e-15  12.582053725309144  7.704285910699937e-16
  0.0  0.0  25.164107450618296
ATOMIC_POSITIONS angstrom
  Cu  2.5291856968897417e-16  1.5727567156636428  9.43654029398186  0 0 0
  Ni  1.2645928484448713e-15  7.863783578318215  9.43654029398186  0 0 0
  Cu  2.9688235831002623  1.5727567156636428  9.43654029398186  0 0 0
  Cu  2.9688235831002627  7.863783578318215  9.43654029398186  0 0 0
  Co  1.4844117915501316  4.718270146990929  9.43654029398186  0 0 0
  Co  1.4844117915501327  11.0092970096455  9.43654029398186  0 0 0
  Co  4.453235374650393  4.718270146990929  9.43654029398186  0 0 0
  Cr  4.453235374650394  11.0092970096455  9.436540293981862  0 0 0
  Co  -0.020332355368543362  4.715173580902412  12.626388489499345  1 1 1
  Cr  -0.015551787818900762  11.02146663092484  12.631966608943891  1 1 1
  Cr  2.9258937226826265  4.701178261395679  12.630697471563689  1 1 1
  Cr  2.9524568103394357  11.030304775252134  12.66454118950998  1 1 1
  Co  1.5519452175459907  1.5780069871205304  12.468615695469406  1 1 1
  Ni  1.4713523218668823  7.845967686698097  12.539219611593154  1 1 1
  Cu  4.465719648338294  1.6057711899889058  12.55184984199058  1 1 1
  Cu  4.4957176892351765  7.844937838744796  12.567743846445342  1 1 1
  Cr  0.022383170872093773  1.5729764477321981  15.615433274503411  1 1 1
  Cr  0.040774707938711935  7.880733603514121  15.843436574836993  1 1 1
  Cu  2.9739143022128656  1.5926654887591  15.886221796775942  1 1 1
  Cr  3.009277467904893  7.803922983911713  15.566533363854347  1 1 1
  Co  1.5112119735836504  4.658349236797293  15.799487576760034  1 1 1
  Cr  1.4669745364871678  10.994497672055719  15.955965735940042  1 1 1
  Co  4.4607534229230374  4.656303842985131  15.832500929399705  1 1 1
  Co  4.450123533597436  11.055485972795825  15.904278725940904  1 1 1
  O  7.587557090669226e-16  4.718270146990929  10.663290532199504  0 0 0
  O  1.7704299878228195e-15  11.0092970096455  10.663290532199504  0 0 0
  O  2.9688235831002623  4.718270146990929  10.663290532199504  0 0 0
  O  2.968823583100263  11.0092970096455  10.663290532199504  0 0 0
  O  7.587557090669229e-16  4.718270146990931  8.209790055764218  0 0 0
  O  1.7704299878228197e-15  11.009297009645502  8.209790055764218  0 0 0
  O  2.9688235831002623  4.718270146990931  8.209790055764218  0 0 0
  O  2.968823583100263  11.009297009645502  8.209790055764218  0 0 0
  O  1.484411791550131  0.3460064774460025  9.43654029398186  0 0 0
  O  1.484411791550132  6.637033340100575  9.43654029398186  0 0 0
  O  4.453235374650392  0.3460064774460025  9.43654029398186  0 0 0
  O  4.453235374650393  6.637033340100575  9.43654029398186  0 0 0
  O  1.4844117915501314  2.7995069538812856  9.43654029398186  0 0 0
  O  1.4844117915501325  9.090533816535856  9.43654029398186  0 0 0
  O  4.453235374650393  2.7995069538812856  9.43654029398186  0 0 0
  O  4.453235374650394  9.090533816535856  9.43654029398186  0 0 0
  O  0.050880684320619124  1.5350414534669656  13.932451825778674  1 1 1
  O  0.025341973827719123  7.896681797287078  14.050169866885515  1 1 1
  O  2.92149166170835  1.5927799166232839  13.715589206170545  1 1 1
  O  2.997319825034823  7.9066107082602315  13.872184157802748  1 1 1
  O  2.529185696889745e-16  1.5727567156636444  11.355303487091508  0 0 0
  O  1.2645928484448713e-15  7.863783578318215  11.355303487091508  0 0 0
  O  2.9688235831002623  1.5727567156636444  11.355303487091508  0 0 0
  O  2.9688235831002627  7.863783578318215  11.355303487091508  0 0 0
  O  1.4625452230433924  3.430602258185623  12.55998521705845  1 1 1
  O  1.4270275340087777  9.841193393260856  12.603935276365377  1 1 1
  O  4.502994410120026  3.535540139113039  12.526239348430193  1 1 1
  O  4.4435800996909425  9.78716921531634  12.649539776698791  1 1 1
  O  1.4943408545642356  5.882725273531127  12.608300049425111  1 1 1
  O  1.4962717780920678  12.31071884634574  12.558185775792067  1 1 1
  O  4.496902347420606  5.925314202831821  12.56742286986831  1 1 1
  O  4.516267759147561  12.218615561850731  12.634220019974839  1 1 1
  O  -0.0023488555469379398  4.741015401899282  16.847345934807876  1 1 1
  O  0.030285109671756984  10.961304528147565  16.995212243660987  1 1 1
  O  2.9999539805990842  4.61843593178174  16.85712547618596  1 1 1
  O  2.9231401749424086  11.091116902985924  16.95230529964164  1 1 1
  O  -0.030222253139045537  4.693864632256361  14.474480125617411  1 1 1
  O  0.09769423984723866  11.03845194661473  14.56175472727936  1 1 1
  O  3.0224739874914244  4.661979758192213  14.458756071944816  1 1 1
  O  2.8861105868015065  11.029157957200317  14.496087072239865  1 1 1
  O  1.4150569805728586  0.44989937568917987  16.095393725313844  1 1 1
  O  1.618199134234253  6.601607345744201  15.868855696070245  1 1 1
  O  4.4823408072613  0.3217287730508208  15.985800852952949  1 1 1
  O  4.334878862412813  6.655079764075301  15.935908490014471  1 1 1
  O  1.4705070891584924  2.8388111963310005  15.97429940835033  1 1 1
  O  1.5854472424168062  9.043507729666109  16.003080382641432  1 1 1
  O  4.54013174936329  2.7403462256177296  16.022056697134285  1 1 1
  O  4.380198009494375  9.14822399521975  15.948049787590534  1 1 1
  O  -0.041377625113342115  7.639336918189329  17.787919749357304  1 1 1
  O  1.1580938068083042  7.94031140329781  18.42999962754122  1 1 1
  H  0.9189301950039814  7.826076105770649  19.37919942153833  1 1 1
K_POINTS automatic
  4 2 1 0 0 0
HUBBARD (atomic)
U Co-3d 3.3200
U Cr-3d 3.7000
U Ni-3d 6.2000
