&CONTROL
  calculation = 'scf'
  prefix = 'slab__atomic_ndim16'
  outdir = '/anvil/projects/x-che260157/sts_arm_c_2026-10-07_rerun/runs/hea/arm_c_2026-10-07_rerun/Ni31Cr29Cu5Mn35__s10_site2/tmp_slab__atomic_ndim16'
  pseudo_dir = '/anvil/projects/x-che260157/pseudo'
  tprnfor = .true.
  forc_conv_thr = 2.0d-3
  nstep = 200
  max_seconds = 165000
/
&SYSTEM
  ibrav = 0
  nat = 72
  ntyp = 5
  ecutwfc = 80.0
  ecutrho = 640.0
  occupations = 'smearing'
  smearing = 'mv'
  degauss = 0.01
  nosym = .true.
  noinv = .true.
  nspin = 2
  starting_magnetization(1) = 0.6
  starting_magnetization(2) = 0.2
  starting_magnetization(3) = 0.5
  starting_magnetization(4) = 0.3
  starting_magnetization(5) = 0.0
/
&ELECTRONS
  conv_thr = 1.0d-6
  mixing_mode = 'local-TF'
  mixing_beta = 0.3
  mixing_ndim = 16
  electron_maxstep = 300
/
&IONS
  ion_dynamics = 'bfgs'
/
ATOMIC_SPECIES
  Cr  51.996  cr_pbe_v1.5.uspp.F.UPF
  Cu  63.546  Cu.paw.z_11.ld1.psl.v1.0.0-low.upf
  Mn  54.938  mn_pbe_v1.5.uspp.F.UPF
  Ni  58.693  ni_pbe_v1.4.uspp.F.UPF
  O  15.999  O.pbe-n-kjpaw_psl.0.1.UPF
CELL_PARAMETERS angstrom
  5.855999434240528  0.0  3.585765481475687e-16
  2.0120443058924784e-15  12.511759014755889  7.66124281456192e-16
  0.0  0.0  25.023518029511784
ATOMIC_POSITIONS angstrom
  Ni  7.545166147096794e-16  4.691909630533458  9.383819261066916  0 0 0
  Cr  1.7605387676559188e-15  10.947789137911403  9.383819261066916  0 0 0
  Cr  2.9279997171202647  4.691909630533458  9.383819261066916  0 0 0
  Ni  2.9279997171202656  10.947789137911403  9.383819261066915  0 0 0
  Mn  1.4639998585601322  1.563969876844486  9.383819261066916  0 0 0
  Mn  1.4639998585601335  7.81984938422243  9.383819261066916  0 0 0
  Mn  4.391999575680396  1.563969876844486  9.383819261066916  0 0 0
  Ni  4.391999575680397  7.81984938422243  9.383819261066915  0 0 0
  Ni  0.030729375223672202  1.532007292330124  12.590928817355517  1 1 1
  Ni  -0.03830504963935062  7.809149243428993  12.605195247433743  1 1 1
  Cu  2.9433021292283885  1.5109753349824342  12.521520438834008  1 1 1
  Mn  2.9107340683010454  7.830303188831808  12.594328869808697  1 1 1
  Cr  1.431315502785307  4.686667085348294  12.51467036561086  1 1 1
  Mn  1.4664923412967026  10.924565002385624  12.56283865882032  1 1 1
  Cr  4.3965731095546206  4.659812874349563  12.523194903837805  1 1 1
  Ni  4.372446585558826  10.936714419738314  12.57038123961548  1 1 1
  Mn  -0.012745175218537567  4.700009628808511  15.794808612606905  1 1 1
  Ni  -0.04599655083777616  10.949502181745538  15.753916373120099  1 1 1
  Cr  2.9475352125844503  4.688585377809851  15.608537586548781  1 1 1
  Mn  2.9018944397036104  10.958543511714044  15.707303319278477  1 1 1
  Cr  1.2908538583157294  1.4619537030565684  16.18239273841345  1 1 1
  Mn  1.4656172397464764  7.85467368679097  15.838266771592695  1 1 1
  Ni  4.341507124852981  1.5324547240440638  15.743159872783936  1 1 1
  Cr  4.430966977847628  7.9185200563158995  16.03594391178881  1 1 1
  O  2.5150553823655976e-16  1.5639698768444859  10.603715765005616  0 0 0
  O  1.257527691182799e-15  7.81984938422243  10.603715765005616  0 0 0
  O  2.9279997171202647  1.5639698768444859  10.603715765005616  0 0 0
  O  2.927999717120265  7.81984938422243  10.603715765005616  0 0 0
  O  2.515055382365597e-16  1.5639698768444854  8.163922757128216  0 0 0
  O  1.2575276911827989e-15  7.819849384222429  8.163922757128216  0 0 0
  O  2.9279997171202647  1.5639698768444854  8.163922757128216  0 0 0
  O  2.927999717120265  7.819849384222429  8.163922757128216  0 0 0
  O  1.4639998585601328  3.472013126594758  9.383819261066916  0 0 0
  O  1.4639998585601337  9.727892633972703  9.383819261066916  0 0 0
  O  4.391999575680397  3.472013126594758  9.383819261066916  0 0 0
  O  4.391999575680398  9.727892633972703  9.383819261066915  0 0 0
  O  1.4639998585601328  5.911806134472157  9.383819261066916  0 0 0
  O  1.4639998585601341  12.167685641850102  9.383819261066915  0 0 0
  O  4.391999575680397  5.911806134472157  9.383819261066916  0 0 0
  O  4.391999575680398  12.167685641850102  9.383819261066916  0 0 0
  O  -0.0089439206947666  4.701632396315372  13.845388835665148  1 1 1
  O  0.014229648861972102  10.952667246106369  13.764361631036998  1 1 1
  O  2.911603583325879  4.69610200201171  13.849346392008774  1 1 1
  O  2.8727459560186044  10.970498862333288  13.865018025356255  1 1 1
  O  7.545166147096793e-16  4.691909630533457  11.291862510817188  0 0 0
  O  1.7605387676559186e-15  10.947789137911402  11.291862510817188  0 0 0
  O  2.9279997171202647  4.691909630533457  11.291862510817188  0 0 0
  O  2.9279997171202656  10.947789137911402  11.291862510817186  0 0 0
  O  1.4664536953995744  0.2910697711435755  12.583288690457206  1 1 1
  O  1.4923686689161577  6.512345630881991  12.602915072163091  1 1 1
  O  4.421657593075972  0.28017606926326305  12.655495014241165  1 1 1
  O  4.30719229986157  6.493876388447752  12.580601879918701  1 1 1
  O  1.4879627478832467  2.91013472549289  12.560285175855094  1 1 1
  O  1.4611864109810666  9.02557649382221  12.606843275988902  1 1 1
  O  4.374901397247467  2.8787112961614842  12.61490475174134  1 1 1
  O  4.350108034216373  9.049119519992216  12.605584045462276  1 1 1
  O  0.13634877299440615  1.542990885520916  17.3210178558972  1 1 1
  O  -0.11598141307678252  7.816125455802286  17.12881330578961  1 1 1
  O  2.781691230307172  1.6005804145787952  16.943797548499926  1 1 1
  O  3.0011786758757113  7.797174566176309  17.04464250648837  1 1 1
  O  0.23075720647008224  1.6473219907760495  14.77403681161961  1 1 1
  O  -0.12582241947181902  7.7890029694384175  14.71000985684883  1 1 1
  O  2.9440459938915757  1.6617578409695293  14.382442807323526  1 1 1
  O  2.9377030449661685  7.780584968835961  14.580883887910398  1 1 1
  O  1.4973903260589676  3.5234054110148465  16.043711872703305  1 1 1
  O  1.4941054534284248  9.742352477822749  16.02482797591889  1 1 1
  O  4.3594060183052115  3.501399556698358  16.033694256951694  1 1 1
  O  4.305663770843849  9.716261443715869  15.998195489575222  1 1 1
  O  1.4832505418784039  5.908980513916868  16.037023078688083  1 1 1
  O  1.4608932020563477  12.19786936254626  15.97543387067562  1 1 1
  O  4.309538291507331  5.863878659568227  16.0338693664534  1 1 1
  O  4.277428417411188  12.171460645790496  16.018192029948157  1 1 1
K_POINTS automatic
  4 2 1 0 0 0
HUBBARD (atomic)
U Cr-3d 3.7000
U Mn-3d 3.9000
U Ni-3d 6.2000
