&CONTROL
  calculation = 'scf'
  prefix = 'OOH__atomic'
  outdir = './tmp'
  pseudo_dir = '/usr/share/espresso/pseudo'
  tprnfor = .true.
  forc_conv_thr = 2.0d-3
  nstep = 200
  max_seconds = 165000
/
&SYSTEM
  ibrav = 0
  nat = 75
  ntyp = 6
  ecutwfc = 80.0
  ecutrho = 640.0
  occupations = 'smearing'
  smearing = 'mv'
  degauss = 0.01
  nosym = .true.
  noinv = .true.
  nspin = 2
  starting_magnetization(1) = 0.4
  starting_magnetization(2) = 0.2
  starting_magnetization(3) = 0.5
  starting_magnetization(4) = 0.5
  starting_magnetization(5) = 0.0
  starting_magnetization(6) = 0.0
/
&ELECTRONS
  conv_thr = 1.0d-6
  mixing_mode = 'local-TF'
  mixing_beta = 0.3
  electron_maxstep = 300
/
&IONS
  ion_dynamics = 'bfgs'
/
ATOMIC_SPECIES
  Co  58.933  Co_pbe_v1.2.uspp.F.UPF
  Cu  63.546  Cu.paw.z_11.ld1.psl.v1.0.0-low.upf
  Fe  55.845  Fe.pbe-spn-kjpaw_psl.0.2.1.UPF
  Mn  54.938  mn_pbe_v1.5.uspp.F.UPF
  O  15.999  O.pbe-n-kjpaw_psl.0.1.UPF
  H  1.008  H.pbe-rrkjus_psl.1.0.0.UPF
CELL_PARAMETERS angstrom
  5.955113842225956  0.0  3.646455552720057e-16
  2.031127503823677e-15  12.630426567476672  7.733905733862998e-16
  0.0  0.0  25.26085313495335
ATOMIC_POSITIONS angstrom
  Mn  7.616728139338787e-16  4.7364099628037515  9.472819925607507  0 0 0
  Mn  1.7772365658457176e-15  11.051623246542086  9.472819925607507  0 0 0
  Cu  2.977556921112979  4.7364099628037515  9.472819925607507  0 0 0
  Co  2.97755692111298  11.051623246542086  9.472819925607505  0 0 0
  Mn  1.4887784605564893  1.5788033209345838  9.472819925607507  0 0 0
  Fe  1.4887784605564907  7.89401660467292  9.472819925607507  0 0 0
  Cu  4.4663353816694675  1.5788033209345838  9.472819925607507  0 0 0
  Co  4.466335381669468  7.89401660467292  9.472819925607505  0 0 0
  Cu  0.022497336686610116  1.578080531928298  12.6491536069873  1 1 1
  Co  0.008134716877395835  7.893917696034754  12.624042301651555  1 1 1
  Cu  2.9829595709082644  1.6142183164976862  12.657658652363468  1 1 1
  Co  2.9923176890421814  7.873106180909413  12.61329285824077  1 1 1
  Fe  1.4893290199114673  4.725040980742905  12.617369528155214  1 1 1
  Cu  1.5249603875579958  11.043657797332383  12.651789800751649  1 1 1
  Co  4.410940945488656  4.694185175792727  12.580437252727009  1 1 1
  Fe  4.469035624647813  11.086262682020614  12.636972317820396  1 1 1
  Co  0.01906597027888038  4.702793067836923  15.693522493209874  1 1 1
  Mn  0.036385009746514804  11.084148952581065  15.702297943895669  1 1 1
  Fe  2.9995199905502394  4.712877056961721  15.760668865186199  1 1 1
  Co  2.993796898027463  11.084952945948531  15.776746466995599  1 1 1
  Fe  1.5236166485873628  1.5998788063153289  15.851417777471902  1 1 1
  Fe  1.5040340973439206  7.874398883694169  15.841086443506544  1 1 1
  Co  4.512753226729454  1.6088895826107388  15.864775155352644  1 1 1
  Fe  4.471118649007274  7.877379976471023  15.824018206444906  1 1 1
  O  2.538909379779596e-16  1.5788033209345838  10.704286515936483  0 0 0
  O  1.2694546898897982e-15  7.89401660467292  10.704286515936483  0 0 0
  O  2.977556921112979  1.5788033209345838  10.704286515936483  0 0 0
  O  2.9775569211129795  7.89401660467292  10.704286515936483  0 0 0
  O  2.538909379779596e-16  1.5788033209345838  8.24135333527853  0 0 0
  O  1.2694546898897982e-15  7.89401660467292  8.24135333527853  0 0 0
  O  2.977556921112979  1.5788033209345838  8.24135333527853  0 0 0
  O  2.9775569211129795  7.89401660467292  8.24135333527853  0 0 0
  O  1.48877846055649  3.5049433724747754  9.472819925607507  0 0 0
  O  1.4887784605564909  9.820156656213111  9.472819925607507  0 0 0
  O  4.466335381669468  3.5049433724747754  9.472819925607507  0 0 0
  O  4.466335381669469  9.820156656213111  9.472819925607505  0 0 0
  O  1.48877846055649  5.967876553132727  9.472819925607507  0 0 0
  O  1.4887784605564913  12.283089836871062  9.472819925607505  0 0 0
  O  4.466335381669468  5.967876553132727  9.472819925607507  0 0 0
  O  4.466335381669469  12.283089836871062  9.472819925607507  0 0 0
  O  -0.03069922216889097  4.689432849538307  13.944468190264148  1 1 1
  O  0.027902861177029583  11.088148753514673  13.881113646691233  1 1 1
  O  2.9866824291595826  4.712851402073618  13.861899796726712  1 1 1
  O  2.9922050488478495  11.088105181303206  14.017474117095833  1 1 1
  O  7.616728139338787e-16  4.7364099628037515  11.3989599771477  0 0 0
  O  1.777236565845717e-15  11.051623246542086  11.3989599771477  0 0 0
  O  2.977556921112979  4.7364099628037515  11.3989599771477  0 0 0
  O  2.97755692111298  11.051623246542086  11.398959977147697  0 0 0
  O  1.5342265164408506  0.33991714542439827  12.68299981819873  1 1 1
  O  1.480259528562924  6.717516260829368  12.642277335484579  1 1 1
  O  4.463743100358152  0.4240283694415696  12.68581360744452  1 1 1
  O  4.457494660780823  6.604249243402945  12.60504577813479  1 1 1
  O  1.4889468755659991  2.7858807993245316  12.625079526464248  1 1 1
  O  1.5117214014614517  9.052001260130695  12.656505013781972  1 1 1
  O  4.46324169215146  2.933671450510436  12.656820356228858  1 1 1
  O  4.465382190344313  9.02723862038295  12.632492142287497  1 1 1
  O  -0.08917272723784513  1.5194223431466323  16.997159560012623  1 1 1
  O  0.006153960968748014  7.977512790786857  16.978815432477354  1 1 1
  O  3.122988105702844  1.5688864191958194  16.99177869127239  1 1 1
  O  2.9984089791016997  7.89465634268519  16.982606040025264  1 1 1
  O  0.013516020909861804  1.6316376660515735  14.61258049224182  1 1 1
  O  0.009104238498811828  7.864317199121628  14.496614136084508  1 1 1
  O  3.0294280289496505  1.6724620861447757  14.62248416172335  1 1 1
  O  2.9909607869111405  7.852926273648209  14.511697237400249  1 1 1
  O  1.4569177505292799  3.5517768253968423  16.13540122765362  1 1 1
  O  1.4931391031930157  9.887239453976237  15.92577602455078  1 1 1
  O  4.530887970192223  3.4767378528555506  16.073957275150104  1 1 1
  O  4.509115568841833  9.915636064279992  15.91394636454576  1 1 1
  O  1.4513378510001451  5.9177023134547895  16.025731539466733  1 1 1
  O  1.4907264525755632  12.27075719100422  15.995519160064534  1 1 1
  O  4.534028828582791  5.872855074440177  16.068390510850367  1 1 1
  O  4.50824638034537  12.278414961753949  15.916542382510956  1 1 1
  O  2.898261319527762  11.037552138719853  17.71171026304179  1 1 1
  O  4.087963754669607  11.159981269634397  18.35304937504012  1 1 1
  H  3.7923381822248  11.132195529958624  19.298578502864206  1 1 1
K_POINTS automatic
  4 2 1 0 0 0
HUBBARD (atomic)
U Co-3d 3.3200
U Fe-3d 5.3000
U Mn-3d 3.9000
