&CONTROL
  calculation = 'scf'
  prefix = 'slab__atomic'
  outdir = './tmp'
  pseudo_dir = '/usr/share/espresso/pseudo'
  tprnfor = .true.
  forc_conv_thr = 2.0d-3
  nstep = 200
  max_seconds = 165000
/
&SYSTEM
  ibrav = 0
  nat = 72
  ntyp = 5
  ecutwfc = 80.0
  ecutrho = 640.0
  occupations = 'smearing'
  smearing = 'mv'
  degauss = 0.01
  nosym = .true.
  noinv = .true.
  nspin = 2
  starting_magnetization(1) = 0.4
  starting_magnetization(2) = 0.2
  starting_magnetization(3) = 0.5
  starting_magnetization(4) = 0.5
  starting_magnetization(5) = 0.0
/
&ELECTRONS
  conv_thr = 1.0d-6
  mixing_mode = 'local-TF'
  mixing_beta = 0.3
  electron_maxstep = 300
/
&IONS
  ion_dynamics = 'bfgs'
/
ATOMIC_SPECIES
  Co  58.933  Co_pbe_v1.2.uspp.F.UPF
  Cu  63.546  Cu.paw.z_11.ld1.psl.v1.0.0-low.upf
  Fe  55.845  Fe.pbe-spn-kjpaw_psl.0.2.1.UPF
  Mn  54.938  mn_pbe_v1.5.uspp.F.UPF
  O  15.999  O.pbe-n-kjpaw_psl.0.1.UPF
CELL_PARAMETERS angstrom
  5.955113842225956  0.0  3.646455552720057e-16
  2.031127503823677e-15  12.630426567476672  7.733905733862998e-16
  0.0  0.0  25.26085313495335
ATOMIC_POSITIONS angstrom
  Mn  7.616728139338787e-16  4.7364099628037515  9.472819925607507  0 0 0
  Mn  1.7772365658457176e-15  11.051623246542086  9.472819925607507  0 0 0
  Cu  2.977556921112979  4.7364099628037515  9.472819925607507  0 0 0
  Co  2.97755692111298  11.051623246542086  9.472819925607505  0 0 0
  Mn  1.4887784605564893  1.5788033209345838  9.472819925607507  0 0 0
  Fe  1.4887784605564907  7.89401660467292  9.472819925607507  0 0 0
  Cu  4.4663353816694675  1.5788033209345838  9.472819925607507  0 0 0
  Co  4.466335381669468  7.89401660467292  9.472819925607505  0 0 0
  Cu  0.010670422838058894  1.575046623843454  12.639291669461928  1 1 1
  Co  0.0025486024526934483  7.896499262023812  12.62119153914087  1 1 1
  Cu  2.973298777862418  1.6022383784942316  12.64449083074706  1 1 1
  Co  2.9868902793072123  7.872248897143974  12.602268261288652  1 1 1
  Fe  1.4827110344223227  4.7228779068644275  12.610533749828885  1 1 1
  Cu  1.4953586520556965  11.047336074537153  12.636335514081777  1 1 1
  Co  4.410325481523247  4.688681989287558  12.572757751104644  1 1 1
  Fe  4.4812501359414005  11.07621848494139  12.624468144524782  1 1 1
  Co  0.004233631439893408  4.695483065346433  15.678506883172705  1 1 1
  Mn  0.008212118287093595  11.081991300955163  15.788304611333949  1 1 1
  Fe  2.9833092262314476  4.71144973076242  15.746838294374768  1 1 1
  Co  2.96162056906471  11.092325079461554  15.688848520675425  1 1 1
  Fe  1.4996614806021071  1.6005713352251068  15.819421784669485  1 1 1
  Fe  1.4889868467330094  7.869091848412334  15.833916769107839  1 1 1
  Co  4.484551424420718  1.605681996982266  15.852750561805646  1 1 1
  Fe  4.454859516208862  7.878067852221785  15.826448738639575  1 1 1
  O  2.538909379779596e-16  1.5788033209345838  10.704286515936483  0 0 0
  O  1.2694546898897982e-15  7.89401660467292  10.704286515936483  0 0 0
  O  2.977556921112979  1.5788033209345838  10.704286515936483  0 0 0
  O  2.9775569211129795  7.89401660467292  10.704286515936483  0 0 0
  O  2.538909379779596e-16  1.5788033209345838  8.24135333527853  0 0 0
  O  1.2694546898897982e-15  7.89401660467292  8.24135333527853  0 0 0
  O  2.977556921112979  1.5788033209345838  8.24135333527853  0 0 0
  O  2.9775569211129795  7.89401660467292  8.24135333527853  0 0 0
  O  1.48877846055649  3.5049433724747754  9.472819925607507  0 0 0
  O  1.4887784605564909  9.820156656213111  9.472819925607507  0 0 0
  O  4.466335381669468  3.5049433724747754  9.472819925607507  0 0 0
  O  4.466335381669469  9.820156656213111  9.472819925607505  0 0 0
  O  1.48877846055649  5.967876553132727  9.472819925607507  0 0 0
  O  1.4887784605564913  12.283089836871062  9.472819925607505  0 0 0
  O  4.466335381669468  5.967876553132727  9.472819925607507  0 0 0
  O  4.466335381669469  12.283089836871062  9.472819925607507  0 0 0
  O  -0.043404990572756735  4.691926019370477  13.931712314765369  1 1 1
  O  0.006738354420743786  11.09084914350679  13.932884797974918  1 1 1
  O  2.982284185547383  4.7104451135165615  13.84785669939488  1 1 1
  O  2.9600419512578244  11.08543053384547  13.968255813768454  1 1 1
  O  7.616728139338787e-16  4.7364099628037515  11.3989599771477  0 0 0
  O  1.777236565845717e-15  11.051623246542086  11.3989599771477  0 0 0
  O  2.977556921112979  4.7364099628037515  11.3989599771477  0 0 0
  O  2.97755692111298  11.051623246542086  11.398959977147697  0 0 0
  O  1.5136629212133783  0.3357035219097086  12.663285495997268  1 1 1
  O  1.480270949646936  6.718157936027896  12.643002691238433  1 1 1
  O  4.45483880355446  0.4135615696237808  12.670093940123142  1 1 1
  O  4.449787260454075  6.607030499162469  12.602303535591396  1 1 1
  O  1.4821773399854576  2.784023234742423  12.625558145811501  1 1 1
  O  1.493983312557044  9.054500113916976  12.645714189196285  1 1 1
  O  4.456409923803089  2.926987690745225  12.643410027241453  1 1 1
  O  4.457740299866707  9.035084206344871  12.631059521471004  1 1 1
  O  -0.11546770111091503  1.5092856239605688  16.9676247156315  1 1 1
  O  -0.009747191182716112  7.995337001111544  16.96795359455447  1 1 1
  O  3.100738514968997  1.6061859623248442  16.96746623961185  1 1 1
  O  2.9766434909996855  7.850718311047544  16.983325884499553  1 1 1
  O  -0.0048316109979665706  1.5721461312858045  14.587104652446769  1 1 1
  O  -0.005996851519579586  7.895510925860883  14.499262093502983  1 1 1
  O  3.013063693383623  1.6290280448489356  14.594163706212724  1 1 1
  O  2.979438538440996  7.879356228722014  14.513911652504019  1 1 1
  O  1.4344234037880585  3.5456386761563694  16.115413905959226  1 1 1
  O  1.498410625338675  9.90528879284826  16.03519686299773  1 1 1
  O  4.5229298690067505  3.4792090877042927  16.047176950149222  1 1 1
  O  4.454016919613942  9.934781067725435  16.027125126703762  1 1 1
  O  1.4275751120711548  5.909748821219012  16.007570657356357  1 1 1
  O  1.5024272098287699  12.256811949204781  16.113950538802218  1 1 1
  O  4.528660737573408  5.864725837922439  16.060084984208693  1 1 1
  O  4.451255313851891  12.26946175011298  16.02155320492708  1 1 1
K_POINTS automatic
  4 2 1 0 0 0
HUBBARD (atomic)
U Co-3d 3.3200
U Fe-3d 5.3000
U Mn-3d 3.9000
