&CONTROL
  calculation = 'scf'
  prefix = 'OOH__atomic_moved'
  outdir = '/anvil/projects/x-che260157/sts_arm_c_ext_r2_2026-10-08/runs/hea/arm_c_ext_r2_2026-10-08/Fe25Co25Ni25Cr25__s13_site0/tmp_OOH__atomic_moved'
  pseudo_dir = '/anvil/projects/x-che260157/pseudo'
  tprnfor = .true.
  forc_conv_thr = 2.0d-3
  nstep = 200
  max_seconds = 165000
/
&SYSTEM
  ibrav = 0
  nat = 75
  ntyp = 6
  ecutwfc = 80.0
  ecutrho = 640.0
  occupations = 'smearing'
  smearing = 'mv'
  degauss = 0.01
  nosym = .true.
  noinv = .true.
  nspin = 2
  starting_magnetization(1) = 0.4
  starting_magnetization(2) = 0.6
  starting_magnetization(3) = 0.5
  starting_magnetization(4) = 0.3
  starting_magnetization(5) = 0.0
  starting_magnetization(6) = 0.0
/
&ELECTRONS
  conv_thr = 1.0d-6
  mixing_mode = 'local-TF'
  mixing_beta = 0.3
  electron_maxstep = 300
  startingpot = 'file'
/
&IONS
  ion_dynamics = 'bfgs'
/
ATOMIC_SPECIES
  Co  58.933  Co_pbe_v1.2.uspp.F.UPF
  Cr  51.996  cr_pbe_v1.5.uspp.F.UPF
  Fe  55.845  Fe.pbe-spn-kjpaw_psl.0.2.1.UPF
  Ni  58.693  ni_pbe_v1.4.uspp.F.UPF
  O  15.999  O.pbe-n-kjpaw_psl.0.1.UPF
  H  1.008  H.pbe-rrkjus_psl.1.0.0.UPF
CELL_PARAMETERS angstrom
  5.9455  0.0  3.640568772165294e-16
  2.0264516267117194e-15  12.601349947525463  7.716101439086363e-16
  0.0  0.0  25.20269989505093
ATOMIC_POSITIONS angstrom
  Fe  2.5330645333896493e-16  1.575168743440683  9.4510124606441  0 0 0
  Fe  1.266532266694825e-15  7.875843717203415  9.4510124606441  0 0 0
  Ni  2.972750000000001  1.575168743440683  9.4510124606441  0 0 0
  Fe  2.9727500000000013  7.875843717203415  9.4510124606441  0 0 0
  Ni  1.486375000000001  4.725506230322049  9.4510124606441  0 0 0
  Ni  1.486375000000002  11.02618120408478  9.451012460644098  0 0 0
  Cr  4.459125000000001  4.725506230322049  9.4510124606441  0 0 0
  Co  4.459125000000002  11.02618120408478  9.4510124606441  0 0 0
  Cr  0.06575930375967717  4.702238271590187  12.832871203258044  1 1 1
  Fe  -0.019749754263343404  11.01368982362119  12.668427799485377  1 1 1
  Ni  2.9871218752361304  4.692172749440165  12.669587130215863  1 1 1
  Ni  2.9486828872823816  11.030607334180074  12.597715355662626  1 1 1
  Co  1.4653790509974467  1.5524793079368269  12.625129941629641  1 1 1
  Ni  1.4365174314691018  7.893215854482413  12.648795950891907  1 1 1
  Fe  4.439938845643906  1.5379406740927812  12.61991259124202  1 1 1
  Fe  4.461791197346989  7.870174781321677  12.563771259053809  1 1 1
  Cr  -0.03287417035897742  1.557386404932153  15.882888601787105  1 1 1
  Co  -0.03229077127968379  7.857605401945743  15.716705110819397  1 1 1
  Co  2.9557410948926264  1.5616713659396337  15.73489954999353  1 1 1
  Cr  2.97047272027263  7.8553643202994605  15.782443269580906  1 1 1
  Co  1.5286375432181987  4.74003194657687  15.998104602506894  1 1 1
  Cr  1.691581785786407  11.009068729706259  16.001882234859348  1 1 1
  Cr  4.260113878633892  4.67190974376131  16.2893111149637  1 1 1
  Co  4.487142259007703  10.996805389951032  15.967489797981544  1 1 1
  O  7.599193600168949e-16  4.72550623032205  10.679644080527831  0 0 0
  O  1.7731451733727548e-15  11.026181204084782  10.679644080527831  0 0 0
  O  2.9727500000000013  4.72550623032205  10.679644080527831  0 0 0
  O  2.972750000000002  11.026181204084782  10.67964408052783  0 0 0
  O  7.59919360016895e-16  4.7255062303220505  8.222380840760364  0 0 0
  O  1.7731451733727548e-15  11.026181204084782  8.222380840760364  0 0 0
  O  2.9727500000000013  4.7255062303220505  8.222380840760364  0 0 0
  O  2.972750000000002  11.026181204084782  8.222380840760362  0 0 0
  O  1.4863750000000002  0.34653712355695127  9.4510124606441  0 0 0
  O  1.4863750000000013  6.647212097319683  9.4510124606441  0 0 0
  O  4.459125  0.34653712355695127  9.4510124606441  0 0 0
  O  4.459125000000001  6.647212097319683  9.4510124606441  0 0 0
  O  1.4863750000000007  2.803800363324416  9.4510124606441  0 0 0
  O  1.4863750000000022  9.104475337087148  9.4510124606441  0 0 0
  O  4.459125000000001  2.803800363324416  9.4510124606441  0 0 0
  O  4.459125000000002  9.104475337087148  9.451012460644098  0 0 0
  O  -0.04514905889185431  1.593340186384395  13.954677573190724  1 1 1
  O  -0.06503077883568784  7.808715951382434  13.960832997694926  1 1 1
  O  2.9748153510294  1.56988424496303  13.846051606613198  1 1 1
  O  2.9718680912882327  7.831431160052828  14.054381375222597  1 1 1
  O  2.53306453338965e-16  1.575168743440683  11.37271832764173  0 0 0
  O  1.266532266694825e-15  7.875843717203415  11.37271832764173  0 0 0
  O  2.972750000000001  1.575168743440683  11.37271832764173  0 0 0
  O  2.9727500000000013  7.875843717203415  11.37271832764173  0 0 0
  O  1.3962624667501264  3.4234891003234096  12.686885110843676  1 1 1
  O  1.4189361039939046  9.846688967548406  12.701643812116297  1 1 1
  O  4.58109603156303  3.506169314979657  12.589831374307206  1 1 1
  O  4.473365177587945  9.77518475607018  12.654079814708338  1 1 1
  O  1.3731507137759724  5.881478793915806  12.657301339129852  1 1 1
  O  1.419035645604883  12.3217294817639  12.675691023575238  1 1 1
  O  4.53252692148939  5.939142967852017  12.616427722544739  1 1 1
  O  4.501178583197288  12.210973313678721  12.653802481539088  1 1 1
  O  -0.08818337553165598  4.665088105068206  16.984470871992002  1 1 1
  O  -0.015844188183224882  11.028623801766189  16.942201327855145  1 1 1
  O  3.049492175133732  4.593034437236865  17.42564596775124  1 1 1
  O  2.9375806815488645  11.054461406233875  17.172243854359472  1 1 1
  O  -0.06330682111651872  4.734675821165638  14.515339831084322  1 1 1
  O  0.08435655404642477  10.966386814927505  14.670320189745365  1 1 1
  O  3.1039281543490964  4.783415123209844  14.881344662151076  1 1 1
  O  2.8938828067335414  10.957768837209773  14.712381536763926  1 1 1
  O  1.5970683668138417  0.40105269648392927  15.944616861896984  1 1 1
  O  1.5238523668654864  6.558300535434515  16.10963468456757  1 1 1
  O  4.377198937681646  0.2935550337901963  15.89828363885782  1 1 1
  O  4.33023399847407  6.686121556489555  16.22033421284705  1 1 1
  O  1.5210691703115773  2.877515955076543  15.9545736932151  1 1 1
  O  1.5885258418078954  9.013323551957052  16.17843040357303  1 1 1
  O  4.324577452377795  2.7739065376899865  15.901455204213606  1 1 1
  O  4.399670895282131  9.107213177977146  16.05762803003423  1 1 1
  O  -0.16571349834058  1.5053268327024008  17.780661777984214  1 1 1
  O  0.995895442690066  1.816223538566588  18.51460284598771  1 1 1
  H  1.1731476654809694  2.759595827589354  18.282987704678476  1 1 1
K_POINTS automatic
  4 2 1 0 0 0
HUBBARD (atomic)
U Co-3d 3.3200
U Cr-3d 3.7000
U Fe-3d 5.3000
U Ni-3d 6.2000
