0.9616984206937313
0.0012344684004602148
0.0004095648062874189
0.009934969309258714
0.00031747868042803916
0.0012344684004602148
0.9895726616402337
7.800899665167219e-05
0.00012542196521033835
0.0003327301826160509
0.0004095648062874189
7.800899665167219e-05
0.9917594352399881
-0.0002061040642983625
0.0010838752804599213
0.009934969309258714
0.00012542196521033835
-0.0002061040642983625
0.9863707348670706
3.106357617107194e-05
0.00031747868042803916
0.0003327301826160509
0.0010838752804599213
3.106357617107194e-05
0.7868664615901274
0.317811669965546
-0.00032510085034288106
-0.0023195591073573605
-0.15577208172940762
-2.6900486578120965e-05
-0.00032510085034288106
0.15693796155549603
0.0017515276282124865
-0.0163163361118216
-0.00032697951673890256
-0.0023195591073573605
0.0017515276282124865
0.9367735466461314
-0.0002604516652305307
0.0023736767556746296
-0.15577208172940762
-0.0163163361118216
-0.0002604516652305307
0.9461130786582319
-0.00025945253133848365
-2.6900486578120965e-05
-0.00032697951673890256
0.0023736767556746296
-0.00025945253133848365
0.38832722018753535
0.9698772456032125
0.00029077509744820115
-7.641281752744326e-05
0.0043198676836299936
-0.00017705007987923855
0.00029077509744820115
0.996245828058253
-3.419997431331984e-06
-7.442342062308076e-05
-0.00011319612312314714
-7.641281752744326e-05
-3.419997431331984e-06
0.9966058751196288
3.8072845273480954e-05
0.00031996396295488704
0.0043198676836299936
-7.442342062308076e-05
3.8072845273480954e-05
0.9945973580789911
-5.178681896344059e-06
-0.00017705007987923855
-0.00011319612312314714
0.00031996396295488704
-5.178681896344059e-06
0.9262476083163307
0.3660257641410751
-0.008768593631628352
-0.014143271281301953
-0.01767205519581464
0.0007402201931858602
-0.008768593631628352
0.2201202298628327
0.0025671181043837874
0.0006667532078959169
0.0012918811060434014
-0.014143271281301953
0.0025671181043837874
0.19739728290417563
2.934454508493315e-05
-0.0037306549202702653
-0.01767205519581464
0.0006667532078959169
2.934454508493315e-05
0.09821813276758323
-7.234495904480837e-05
0.0007402201931858602
0.0012918811060434014
-0.0037306549202702653
-7.234495904480837e-05
0.483573006546532
0.48489980945555056
0.01086792412127323
-0.013307067429450323
0.002814651469920436
5.862558074345825e-05
0.01086792412127323
0.8166411061421275
-0.0007097867401543546
0.0010814572716080738
-0.0009291764815882379
-0.013307067429450323
-0.0007097867401543546
0.9328892781036396
-0.0014105057774900628
-0.0014886829340682774
0.002814651469920436
0.0010814572716080738
-0.0014105057774900628
0.9470988054441454
0.0001360256309096391
5.862558074345825e-05
-0.0009291764815882379
-0.0014886829340682774
0.0001360256309096391
0.5290601167618718
0.2613026595475161
-0.00040936569334982425
0.002014866961409065
-0.02066086350281467
-4.538245150761516e-05
-0.00040936569334982425
0.11708548423428015
0.00019422297282786367
-3.7898847456851366e-05
-5.148411965704166e-06
0.002014866961409065
0.00019422297282786367
0.11519172230790535
-0.00011781199340175162
0.00033168381852712384
-0.02066086350281467
-3.7898847456851366e-05
-0.00011781199340175162
0.08568522678060135
-7.295994130849597e-06
-4.538245150761516e-05
-5.148411965704166e-06
0.00033168381852712384
-7.295994130849597e-06
0.3524221631710666
0.9346143379760617
-0.0010821261131190728
0.0001124061470821164
0.016266191555704707
-0.0001135944004337494
-0.0010821261131190728
0.9894045577760298
-0.00040123550206913914
0.00040232044986638694
-0.000644159219324305
0.0001124061470821164
-0.00040123550206913914
0.9979086148796724
-1.8868944122630647e-05
-0.0002535770697540381
0.016266191555704707
0.00040232044986638694
-1.8868944122630647e-05
0.9831796937444478
-8.242912801598397e-05
-0.0001135944004337494
-0.000644159219324305
-0.0002535770697540381
-8.242912801598397e-05
0.7497636668041289
0.31689993653612153
-0.010233443503282048
-0.004598517703741692
0.16902687363018423
0.0004614908948368773
-0.010233443503282048
0.9881758588071985
0.006759226742439737
0.002873975696301058
0.0010219756826541592
-0.004598517703741692
0.006759226742439737
0.18397343164352836
0.0035732402973058814
0.0027824113660087015
0.16902687363018423
0.002873975696301058
0.0035732402973058814
0.94359994464883
7.063780582842807e-05
0.0004614908948368773
0.0010219756826541592
0.0027824113660087015
7.063780582842807e-05
0.3933472979013465
0.9788610779532803
-0.00045344049608426047
0.00027756755508058
-0.03823829229133968
-2.0134618567537338e-05
-0.00045344049608426047
0.8789189245115663
-0.0002536959208512916
0.00028786443049566226
0.00047545992753005907
0.00027756755508058
-0.0002536959208512916
0.9956021506998829
0.0008522518557287288
0.00011787380489148022
-0.03823829229133968
0.00028786443049566226
0.0008522518557287288
0.9047547834591494
1.049096355196514e-05
-2.0134618567537338e-05
0.00047545992753005907
0.00011787380489148022
1.049096355196514e-05
0.9945275479515057
0.1811564449070422
0.000915332826908056
-0.0009302458934274299
0.14105658188726078
-0.00039646071047984516
0.000915332826908056
0.5542364080937862
0.00033974677632906997
-0.0032055743478289866
0.0008804684291780381
-0.0009302458934274299
0.00033974677632906997
0.21025990731848568
0.0004395240450593937
-0.0011302780019449572
0.14105658188726078
-0.0032055743478289866
0.0004395240450593937
0.4458882808636528
-0.0015771322641701863
-0.00039646071047984516
0.0008804684291780381
-0.0011302780019449572
-0.0015771322641701863
0.22036016264890232
0.978658004669907
0.0009859088472384855
-8.738110447136969e-05
-0.03958380973192856
-4.901292036216995e-05
0.0009859088472384855
0.884884739454843
-0.00019692653721332292
-0.0009076951194462306
0.0004732954136137302
-8.738110447136969e-05
-0.00019692653721332292
0.9959001119026101
-0.0003048886377575396
-0.0003645770264076562
-0.03958380973192856
-0.0009076951194462306
-0.0003048886377575396
0.8999335750406289
-0.00012218489113301531
-4.901292036216995e-05
0.0004732954136137302
-0.0003645770264076562
-0.00012218489113301531
0.994877518742027
0.1805256796448924
-0.002121124723403181
3.2225176331000925e-05
0.14171480824246002
0.0019471449517270947
-0.002121124723403181
0.5514115863160035
-0.00015846186429048682
-0.00014288275748434125
-0.004307460995959341
3.2225176331000925e-05
-0.00015846186429048682
0.20814279298114707
-0.001559637119411078
0.0038040505868225114
0.14171480824246002
-0.00014288275748434125
-0.001559637119411078
0.44247855636002426
0.0010289707141510514
0.0019471449517270947
-0.004307460995959341
0.0038040505868225114
0.0010289707141510514
0.22647840921630133
0.9655375763377382
9.96425081841357e-05
0.0003307121200545299
-0.06064412675916498
0.0008295272997350594
9.96425081841357e-05
0.7934349728022702
0.00046851847584749256
-0.0016512530187578096
0.0002619730303850363
0.0003307121200545299
0.00046851847584749256
0.9950106741646692
0.0017663544670880672
-0.0003732170186437384
-0.06064412675916498
-0.0016512530187578096
0.0017663544670880672
0.8481945205889342
0.0012676459397510434
0.0008295272997350594
0.0002619730303850363
-0.0003732170186437384
0.0012676459397510434
0.9912199270154768
0.8645115158130539
0.0017729902668514358
-0.0011607788678545464
-0.2489866614600765
-0.002529525686023029
0.0017729902668514358
0.46820879440175184
-0.0007340697484708656
0.0017725221721766448
-0.001065157197049799
-0.0011607788678545464
-0.0007340697484708656
0.9947110595279308
-0.0022290552691617512
-0.00019311246610246544
-0.2489866614600765
0.0017725221721766448
-0.0022290552691617512
0.5193329826588298
-0.004794343746336962
-0.002529525686023029
-0.001065157197049799
-0.00019311246610246544
-0.004794343746336962
0.9941510257884598
0.9668070126874004
-0.003572907149604401
-0.00018546828088572884
-0.060792862786202786
-0.0006623832334871874
-0.003572907149604401
0.818581547880244
0.0007394118788653698
-0.00015684295654652049
0.00039448324282585664
-0.00018546828088572884
0.0007394118788653698
0.9963871846355478
-0.0012376156094043818
0.0011693121756800428
-0.060792862786202786
-0.00015684295654652049
-0.0012376156094043818
0.8407258319887969
-0.0008338506835769327
-0.0006623832334871874
0.00039448324282585664
0.0011693121756800428
-0.0008338506835769327
0.9922008161811734
0.8582984922969706
-0.000460423931496343
0.00154887829128638
-0.25411039202642727
0.0025894452186049546
-0.000460423931496343
0.4516812148578742
-0.0009844492210568361
-0.00025834246211233
0.0015880271257637402
0.00154887829128638
-0.0009844492210568361
0.9930513628706743
0.0029109284307435555
-0.001660892068471703
-0.25411039202642727
-0.00025834246211233
0.0029109284307435555
0.5192666113490293
0.00494124411049241
0.0025894452186049546
0.0015880271257637402
-0.001660892068471703
0.00494124411049241
0.9923973887046005
0.5604029400182949
-0.02680966754248726
-0.011420240796077669
0.02089731189650867
0.009552365754641676
-0.02680966754248726
0.8096654870780535
0.0790644265215619
-0.00041071843017894934
0.00666494486931266
-0.011420240796077669
0.0790644265215619
0.7325874878025078
0.00291768387985943
0.00894917784996452
0.02089731189650867
-0.00041071843017894934
0.00291768387985943
0.9452836023802987
-0.007025138347389748
0.009552365754641676
0.00666494486931266
0.00894917784996452
-0.007025138347389748
0.5303201507464606
0.3565613259985438
0.005139778407189969
0.008665227305583178
-0.02063358168694231
0.01726918750191293
0.005139778407189969
0.14015420733703515
-0.017470077320205172
0.0006093845090075418
-0.005254987762189089
0.008665227305583178
-0.017470077320205172
0.140357417778806
-0.0004823505509660642
-0.003322295335426331
-0.02063358168694231
0.0006093845090075418
-0.0004823505509660642
0.11279314625504454
0.003667261881097786
0.01726918750191293
-0.005254987762189089
-0.003322295335426331
0.003667261881097786
0.39074262559110845
0.9488289654750754
-0.003041769897007912
0.0019978845802892426
0.009106070875234773
0.0015922469595278288
-0.003041769897007912
0.9959420919675761
0.00030380217091219205
0.0006755328096129479
-0.0007217101711191153
0.0019978845802892426
0.00030380217091219205
0.99685714806481
-0.0003321187177455567
0.0012906132464196188
0.009106070875234773
0.0006755328096129479
-0.0003321187177455567
0.9903014229391607
-0.000857115222915464
0.0015922469595278288
-0.0007217101711191153
0.0012906132464196188
-0.000857115222915464
0.9056714467977975
0.2522283893578041
-0.04839436792589592
0.013688743391188444
0.014847249311692533
-0.001546616540300429
-0.04839436792589592
0.980315483795825
0.0006732402194658583
0.0010994015383987274
-0.002130139507393215
0.013688743391188444
0.0006732402194658583
0.9826566971225486
0.0002848040583083468
0.014136968358143761
0.014847249311692533
0.0010994015383987274
0.0002848040583083468
0.9903996398479078
-0.007399920811959115
-0.001546616540300429
-0.002130139507393215
0.014136968358143761
-0.007399920811959115
0.31294609011926594
0.5758359572428092
0.018621815915935123
-0.002860260180860125
0.03010022688894546
0.005290323597827792
0.018621815915935123
0.8160169235592537
0.02162657280697032
0.004822673085089677
0.01320054919572697
-0.002860260180860125
0.02162657280697032
0.6528801819120965
0.003984310023070791
-0.002786279442905556
0.03010022688894546
0.004822673085089677
0.003984310023070791
0.9717090928014981
-0.010868185115869834
0.005290323597827792
0.01320054919572697
-0.002786279442905556
-0.010868185115869834
0.5288775046833556
0.39559634689482037
-0.011403280737853039
0.00534083234853128
-0.021857119941888777
0.009160211770259594
-0.011403280737853039
0.15527508347232202
-0.006465842126504236
-0.0020428915915188363
-0.008521117462243433
0.00534083234853128
-0.006465842126504236
0.16896685100543968
6.681962842447574e-05
-0.00066497200908961
-0.021857119941888777
-0.0020428915915188363
6.681962842447574e-05
0.09828733701045667
0.006646951388059846
0.009160211770259594
-0.008521117462243433
-0.00066497200908961
0.006646951388059846
0.3786168369271123
0.7781046493042798
-0.005129225843816661
-0.003975679103664326
0.017041706377123815
0.002159872697976873
-0.005129225843816661
0.9917305274114109
-0.00038343627709202036
0.002011195282379116
0.0022709461898550816
-0.003975679103664326
-0.00038343627709202036
0.9981708196957857
0.0003185339308292533
-0.002172066408540114
0.017041706377123815
0.002011195282379116
0.0003185339308292533
0.9849005563471948
0.0010706306687939722
0.002159872697976873
0.0022709461898550816
-0.002172066408540114
0.0010706306687939722
0.7859787954581344
0.553827894043579
0.025734302748906642
0.016794932824644962
0.009638158568545604
0.003715374365450241
0.025734302748906642
0.5119861741337849
0.06024858243351267
0.001963330368853688
-0.0014243707202182736
0.016794932824644962
0.06024858243351267
0.5311782337163915
0.008571981524223804
-0.0071578689805275675
0.009638158568545604
0.001963330368853688
0.008571981524223804
0.9893952627155168
0.0015698967900422882
0.003715374365450241
-0.0014243707202182736
-0.0071578689805275675
0.0015698967900422882
0.4647002708663034
0.9516781615348133
-0.015176206559007982
0.0012136507228120916
-0.09849942038899503
0.0008961389688636931
-0.015176206559007982
0.6710284591596204
0.0010289285555253808
0.007283037416507585
0.0059545347161319
0.0012136507228120916
0.0010289285555253808
0.9954733427286353
0.0008031656038735816
-0.00030643296457588887
-0.09849942038899503
0.007283037416507585
0.0008031656038735816
0.7292488010207173
1.5638729770964773e-05
0.0008961389688636931
0.0059545347161319
-0.00030643296457588887
1.5638729770964773e-05
0.9902519755698161
0.9172309768955562
-0.03070533118821666
-0.016436277252073014
-0.16472030454088574
0.0029658814237711897
-0.03070533118821666
0.48705954705095866
0.007334078534154199
-0.01390018811346225
-0.0007536217982855336
-0.016436277252073014
0.007334078534154199
0.4438714080819901
0.0059684484804145765
0.0244572936536822
-0.16472030454088574
-0.01390018811346225
0.0059684484804145765
0.5829687638501837
-0.006048794301266662
0.0029658814237711897
-0.0007536217982855336
0.0244572936536822
-0.006048794301266662
0.8742773088844206
0.9774009210181157
-0.006274341755701664
0.001259066124179994
-0.03775815600789726
0.0007740030409580471
-0.006274341755701664
0.8547795787902512
0.00067801879025198
-0.02082851773825714
0.0057174267155835085
0.001259066124179994
0.00067801879025198
0.9959780539782633
0.0034304216508067383
-0.001589995695716148
-0.03775815600789726
-0.02082851773825714
0.0034304216508067383
0.8962526474226663
0.0011533077560839258
0.0007740030409580471
0.0057174267155835085
-0.001589995695716148
0.0011533077560839258
0.9929517708207085
0.8270152127488438
0.042718249314708454
0.006443173946123034
-0.28715797429931667
0.005175080233578649
0.042718249314708454
0.37079268976407836
0.0016981820054466972
0.01393356061179451
0.007055753216777403
0.006443173946123034
0.0016981820054466972
0.9937737973990927
0.01179582336873156
0.001883243314320328
-0.28715797429931667
0.01393356061179451
0.01179582336873156
0.486475357646818
0.009824954378235004
0.005175080233578649
0.007055753216777403
0.001883243314320328
0.009824954378235004
0.991755330557422
0.9459958350676902
0.019895701726305344
0.0008514732295246494
-0.10529220748123223
0.0008201631918745109
0.019895701726305344
0.658194509481599
0.00103384702061899
-0.0060114063195867195
0.006997556959765756
0.0008514732295246494
0.00103384702061899
0.9941109010707205
0.0007800266057406641
-0.00025928839869137076
-0.10529220748123223
-0.0060114063195867195
0.0007800266057406641
0.7192125663527578
0.003674671552940567
0.0008201631918745109
0.006997556959765756
-0.00025928839869137076
0.003674671552940567
0.987829409745827
0.9147215837356797
0.03350217167538669
-0.0152514847440983
-0.1659959811620349
-0.0026055677802792735
0.03350217167538669
0.4874575695651446
-0.012009379038074034
0.012832329548304117
-0.0020871712758400683
-0.0152514847440983
-0.012009379038074034
0.4886199783449794
0.005641911691990788
-0.04131530297468723
-0.1659959811620349
0.012832329548304117
0.005641911691990788
0.5917697963825503
0.010051922732955163
-0.0026055677802792735
-0.0020871712758400683
-0.04131530297468723
0.010051922732955163
0.8700574521220945
0.9801051395150175
0.0015605519461188995
0.0012317918182928069
-0.03280148423784066
-0.002326443272765168
0.0015605519461188995
0.8634904536531157
7.591227894392008e-06
0.013679170351606013
0.004858615379600948
0.0012317918182928069
7.591227894392008e-06
0.9961087541655583
0.0033103416130622234
0.0016013770325201213
-0.03280148423784066
0.013679170351606013
0.0033103416130622234
0.9077771533182307
-0.005861601467061485
-0.002326443272765168
0.004858615379600948
0.0016013770325201213
-0.005861601467061485
0.992963879888207
0.822918113338178
-0.0420018786183394
0.01254686251120544
-0.29233832989807434
-0.019560577570907657
-0.0420018786183394
0.3596725423160352
-0.0030238679037132843
0.00497552555670064
0.01344693985846548
0.01254686251120544
-0.0030238679037132843
0.9904274681458142
0.022972078233933938
-0.0004127881738659403
-0.29233832989807434
0.00497552555670064
0.022972078233933938
0.4762738747345416
-0.03566298478868165
-0.019560577570907657
0.01344693985846548
-0.0004127881738659403
-0.03566298478868165
0.9888608356523629
0.9868534006080375
0.000395706423200796
0.0003483210953830924
0.002000170432000973
0.0026356330570683996
0.000395706423200796
0.9944511743381741
-5.70253652482941e-05
-0.00019819662937322233
-0.003136830180542035
0.0003483210953830924
-5.70253652482941e-05
0.9961330398750636
-5.9157159987084646e-05
-0.0002603347276495278
0.002000170432000973
-0.00019819662937322233
-5.9157159987084646e-05
0.9963934407209173
-0.0018049199131232193
0.0026356330570683996
-0.003136830180542035
-0.0002603347276495278
-0.0018049199131232193
0.9584308802984437
0.3334724601791321
-0.001333878312379348
-0.005005268548065181
-0.05019990619794292
-0.011756047127018807
-0.001333878312379348
0.1511597562545043
0.014826739230131808
0.003990208284347268
0.01543117818908731
-0.005005268548065181
0.014826739230131808
0.21195295469996153
0.009352810651406506
0.010462406469112204
-0.05019990619794292
0.003990208284347268
0.009352810651406506
0.08565087833430507
0.018418476852126952
-0.011756047127018807
0.01543117818908731
0.010462406469112204
0.018418476852126952
0.4511332232487612
0.9790143140830806
0.0004888138435949113
-0.0017056855679649923
0.0035541534224072845
-0.001239356375820079
0.0004888138435949113
0.9927368755117607
-0.00036573975048136544
-3.2343364401994695e-05
0.0019317266774106386
-0.0017056855679649923
-0.00036573975048136544
0.9934155942308132
0.0006610196019691795
0.00523039220629574
0.0035541534224072845
-3.2343364401994695e-05
0.0006610196019691795
0.9950207532040158
-0.0014507196756711942
-0.001239356375820079
0.0019317266774106386
0.00523039220629574
-0.0014507196756711942
0.9628038882707168
0.1692394307367845
0.046205616169795974
-0.092638377535984
0.03205555237955426
0.0025338842844215247
0.046205616169795974
0.9871124669253935
0.005236412201470703
-0.00017402793913697532
0.0404903641841516
-0.092638377535984
0.005236412201470703
0.9846396915985668
0.0038184583181285724
0.012482614375112357
0.03205555237955426
-0.00017402793913697532
0.0038184583181285724
0.99087051040144
-0.02391088495912282
0.0025338842844215247
0.0404903641841516
0.012482614375112357
-0.02391088495912282
0.24531225022710007
0.5905407844141524
0.0007152251008445627
-0.003137905598338793
0.0261023985109754
0.0036981156274994566
0.0007152251008445627
0.5598270603994083
-0.0009022807602398792
0.0002351023429681137
-0.005236698029252081
-0.003137905598338793
-0.0009022807602398792
0.5590194509778682
-0.0014424075490783045
0.001580547788180455
0.0261023985109754
0.0002351023429681137
-0.0014424075490783045
0.9619588139088372
0.022290526941255048
0.0036981156274994566
-0.005236698029252081
0.001580547788180455
0.022290526941255048
0.5352372232452564
0.48409491487244816
-0.001975743167292325
-0.01000322305519649
-0.030770937817875932
0.0022801595340166767
-0.001975743167292325
0.3683259872574947
0.0008659330731126716
0.003703243684071993
-0.019208540799096757
-0.01000322305519649
0.0008659330731126716
0.354018276989615
-0.00010262896636243184
0.0013774431427414462
-0.030770937817875932
0.003703243684071993
-0.00010262896636243184
0.11193669165234599
-0.015611617643151008
0.0022801595340166767
-0.019208540799096757
0.0013774431427414462
-0.015611617643151008
0.4045565721909356
0.814995526679464
0.00163198194767133
-0.013925992039067145
0.020712815793701607
-0.014831981445913198
0.00163198194767133
0.9547738278881328
0.0029068679582738687
-0.0013267421062470822
0.002802475047383026
-0.013925992039067145
0.0029068679582738687
0.987223519771547
0.0008442002685228212
-0.02613969844887903
0.020712815793701607
-0.0013267421062470822
0.0008442002685228212
0.9878194415110169
-0.004490507823491601
-0.014831981445913198
0.002802475047383026
-0.02613969844887903
-0.004490507823491601
0.6844200661478687
0.4040984250610456
-0.017653296846639382
0.0005690300056305624
0.08148551792369083
0.03280701821717706
-0.017653296846639382
0.9653760182486383
0.07787262736397416
0.0007338279686742051
0.018939523841432156
0.0005690300056305624
0.07787262736397416
0.39566355712437307
0.016938153796229233
0.01962052638081408
0.08148551792369083
0.0007338279686742051
0.016938153796229233
0.9789615817193204
-0.00943276778768629
0.03280701821717706
0.018939523841432156
0.01962052638081408
-0.00943276778768629
0.4255904375233291
0.9883486562785478
0.0007897375139693509
0.0010017958123683406
-0.01879268114848983
0.0007330886707391132
0.0007897375139693509
0.9855917365578969
-9.471471119313368e-05
0.004099095506712033
0.0005076954360008636
0.0010017958123683406
-9.471471119313368e-05
0.9955148736417216
0.0021913944176068316
2.2354903894239604e-05
-0.01879268114848983
0.004099095506712033
0.0021913944176068316
0.9580604874757859
0.0011575545133531006
0.0007330886707391132
0.0005076954360008636
2.2354903894239604e-05
0.0011575545133531006
0.9953740410910175
0.15113354175107774
0.001250175648852619
-0.015814211810127602
0.14498093366929077
-0.005331889432372062
0.001250175648852619
0.39314851620251784
0.0025061407384226212
-0.03288860513935942
-0.01492330193052234
-0.015814211810127602
0.0025061407384226212
0.1785846444574687
-0.032241857731567146
-0.01325966750337591
0.14498093366929077
-0.03288860513935942
-0.032241857731567146
0.3882286718420899
-0.011357844534587625
-0.005331889432372062
-0.01492330193052234
-0.01325966750337591
-0.011357844534587625
0.13913541630145393
0.9890294210534256
0.0004960780464286744
0.00024137119985998202
-0.017516562605932123
-0.0008811037469667859
0.0004960780464286744
0.9747416218859584
-0.0005428525734110474
0.01187134749926996
0.00020425618171401576
0.00024137119985998202
-0.0005428525734110474
0.9956493562957123
0.0007517167443067011
0.00040440155593491413
-0.017516562605932123
0.01187134749926996
0.0007517167443067011
0.9523509493729466
-0.0018168291885968684
-0.0008811037469667859
0.00020425618171401576
0.00040440155593491413
-0.0018168291885968684
0.9959724168661208
0.16947672773366732
0.06760290254218833
0.006737563959576651
0.13991212227093366
0.015380892125900174
0.06760290254218833
0.4292629756084555
0.006017139778633848
-0.04007248161147906
0.008049541816673026
0.006737563959576651
0.006017139778633848
0.15666095058447096
0.0016219945621846143
-0.017422872090088398
0.13991212227093366
-0.04007248161147906
0.0016219945621846143
0.39301982493138404
0.026278893741197327
0.015380892125900174
0.008049541816673026
-0.017422872090088398
0.026278893741197327
0.14386767266845718
0.6177478169379972
0.0139370890399965
0.010716421107553047
-0.008244389619718696
0.011674026761199165
0.0139370890399965
0.595844724251986
-0.0009293960886444845
-0.002637345120627154
0.00017899268451184334
0.010716421107553047
-0.0009293960886444845
0.6299508475771007
0.0065268859512708
0.019409882242801556
-0.008244389619718696
-0.002637345120627154
0.0065268859512708
0.6003464639667568
-0.005489534124980406
0.011674026761199165
0.00017899268451184334
0.019409882242801556
-0.005489534124980406
0.6139109128864932
0.3260745202059151
0.0006797092055240296
-0.0045628550562132825
0.04606668386097938
-0.004318226652328984
0.0006797092055240296
0.5131020939077374
0.00451284925323477
0.003017383968696137
-0.0027182066850041787
-0.0045628550562132825
0.00451284925323477
0.3033286255873161
-0.015473614479104654
-0.012298158985706804
0.04606668386097938
0.003017383968696137
-0.015473614479104654
0.4884334885393253
0.00990030623722024
-0.004318226652328984
-0.0027182066850041787
-0.012298158985706804
0.00990030623722024
0.31216587141477276
0.5375523036487033
0.014456104181682604
-0.011706529414863193
-0.007689563001132722
-0.0017852058754045988
0.014456104181682604
0.5877301929571772
0.002989183622274779
0.004438550473771069
-0.002219755350700741
-0.011706529414863193
0.002989183622274779
0.5688541765264551
0.001508008036676371
0.027251634940313636
-0.007689563001132722
0.004438550473771069
0.001508008036676371
0.5783542644597595
-0.004759663099137611
-0.0017852058754045988
-0.002219755350700741
0.027251634940313636
-0.004759663099137611
0.5669990635997041
0.4352537810661721
0.002434668271322235
0.02636327019918648
0.011827050252033226
0.018002878369957082
0.002434668271322235
0.5285535202447005
0.021783023375800913
0.0029299187156544707
-0.016449624727909822
0.02636327019918648
0.021783023375800913
0.39941564797753604
0.00875687922184132
0.014046486361279918
0.011827050252033226
0.0029299187156544707
0.00875687922184132
0.5029926722574762
-0.035174865912621346
0.018002878369957082
-0.016449624727909822
0.014046486361279918
-0.035174865912621346
0.4105618199743596
0.0
0.0
0.0
0.0
0.0
0.0
0.0
0.0
0.0
0.0
0.0
0.0
0.0
0.0
0.0
0.0
0.0
0.0
0.0
0.0
0.0
0.0
0.0
0.0
0.0
0.0
0.0
0.0
0.0
0.0
0.0
0.0
0.0
0.0
0.0
0.0
0.0
0.0
0.0
0.0
0.0
0.0
0.0
0.0
0.0
0.0
0.0
0.0
0.0
0.0
0.0
0.0
0.0
0.0
0.0
0.0
0.0
0.0
0.0
0.0
0.0
0.0
0.0
0.0
0.0
0.0
0.0
0.0
0.0
0.0
0.0
0.0
0.0
0.0
0.0
0.0
0.0
0.0
0.0
0.0
0.0
0.0
0.0
0.0
0.0
0.0
0.0
0.0
0.0
0.0
0.0
0.0
0.0
0.0
0.0
0.0
0.0
0.0
0.0
0.0
0.0
0.0
0.0
0.0
0.0
0.0
0.0
0.0
0.0
0.0
0.0
0.0
0.0
0.0
0.0
0.0
0.0
0.0
0.0
0.0
0.0
0.0
0.0
0.0
0.0
0.0
0.0
0.0
0.0
0.0
0.0
0.0
0.0
0.0
0.0
0.0
0.0
0.0
0.0
0.0
0.0
0.0
0.0
0.0
0.0
0.0
0.0
0.0
0.0
0.0
0.0
0.0
0.0
0.0
0.0
0.0
0.0
0.0
0.0
0.0
0.0
0.0
0.0
0.0
0.0
0.0
0.0
0.0
0.0
0.0
0.0
0.0
0.0
0.0
0.0
0.0
0.0
0.0
0.0
0.0
0.0
0.0
0.0
0.0
0.0
0.0
0.0
0.0
0.0
0.0
0.0
0.0
0.0
0.0
0.0
0.0
0.0
0.0
0.0
0.0
0.0
0.0
0.0
0.0
0.0
0.0
0.0
0.0
0.0
0.0
0.0
0.0
0.0
0.0
0.0
0.0
0.0
0.0
0.0
0.0
0.0
0.0
0.0
0.0
0.0
0.0
0.0
0.0
0.0
0.0
0.0
0.0
0.0
0.0
0.0
0.0
0.0
0.0
0.0
0.0
0.0
0.0
0.0
0.0
0.0
0.0
0.0
0.0
0.0
0.0
0.0
0.0
0.0
0.0
0.0
0.0
0.0
0.0
0.0
0.0
0.0
0.0
0.0
0.0
0.0
0.0
0.0
0.0
0.0
0.0
0.0
0.0
0.0
0.0
0.0
0.0
0.0
0.0
0.0
0.0
0.0
0.0
0.0
0.0
0.0
0.0
0.0
0.0
0.0
0.0
0.0
0.0
0.0
0.0
0.0
0.0
0.0
0.0
0.0
0.0
0.0
0.0
0.0
0.0
0.0
0.0
0.0
0.0
0.0
0.0
0.0
0.0
0.0
0.0
0.0
0.0
0.0
0.0
0.0
0.0
0.0
0.0
0.0
0.0
0.0
0.0
0.0
0.0
0.0
0.0
0.0
0.0
0.0
0.0
0.0
0.0
0.0
0.0
0.0
0.0
0.0
0.0
0.0
0.0
0.0
0.0
0.0
0.0
0.0
0.0
0.0
0.0
0.0
0.0
0.0
0.0
0.0
0.0
0.0
0.0
0.0
0.0
0.0
0.0
0.0
0.0
0.0
0.0
0.0
0.0
0.0
0.0
0.0
0.0
0.0
0.0
0.0
0.0
0.0
0.0
0.0
0.0
0.0
0.0
0.0
0.0
0.0
0.0
0.0
0.0
0.0
0.0
0.0
0.0
0.0
0.0
0.0
0.0
0.0
0.0
0.0
0.0
0.0
0.0
0.0
0.0
0.0
0.0
0.0
0.0
0.0
0.0
0.0
0.0
0.0
0.0
0.0
0.0
0.0
0.0
0.0
0.0
0.0
0.0
0.0
0.0
0.0
0.0
0.0
0.0
0.0
0.0
0.0
0.0
0.0
0.0
0.0
0.0
0.0
0.0
0.0
0.0
0.0
0.0
0.0
0.0
0.0
0.0
0.0
0.0
0.0
0.0
0.0
0.0
0.0
0.0
0.0
0.0
0.0
0.0
0.0
0.0
0.0
0.0
0.0
0.0
0.0
0.0
0.0
0.0
0.0
0.0
0.0
0.0
0.0
0.0
0.0
0.0
0.0
0.0
0.0
0.0
0.0
0.0
0.0
0.0
0.0
0.0
0.0
0.0
0.0
0.0
0.0
0.0
0.0
0.0
0.0
0.0
0.0
0.0
0.0
0.0
0.0
0.0
0.0
0.0
0.0
0.0
0.0
0.0
0.0
0.0
0.0
0.0
0.0
0.0
0.0
0.0
0.0
0.0
0.0
0.0
0.0
0.0
0.0
0.0
0.0
0.0
0.0
0.0
0.0
0.0
0.0
0.0
0.0
0.0
0.0
0.0
0.0
0.0
0.0
0.0
0.0
0.0
0.0
0.0
0.0
0.0
0.0
0.0
0.0
0.0
0.0
0.0
0.0
0.0
0.0
0.0
0.0
0.0
0.0
0.0
0.0
0.0
0.0
0.0
0.0
0.0
0.0
0.0
0.0
0.0
0.0
0.0
0.0
0.0
0.0
0.0
0.0
0.0
0.0
0.0
0.0
0.0
0.0
0.0
0.0
0.0
0.0
0.0
0.0
0.0
0.0
0.0
0.0
0.0
0.0
0.0
0.0
0.0
0.0
0.0
0.0
0.0
0.0
0.0
0.0
0.0
0.0
0.0
0.0
0.0
0.0
0.0
0.0
0.0
0.0
0.0
0.0
0.0
0.0
0.0
0.0
0.0
0.0
0.0
0.0
0.0
0.0
0.0
0.0
0.0
0.0
0.0
0.0
0.0
0.0
0.0
0.0
0.0
0.0
0.0
0.0
0.0
0.0
0.0
0.0
0.0
0.0
0.0
0.0
0.0
0.0
0.0
0.0
0.0
0.0
0.0
0.0
0.0
0.0
0.0
0.0
0.0
0.0
0.0
0.0
0.0
0.0
0.0
0.0
0.0
0.0
0.0
0.0
0.0
0.0
0.0
0.0
0.0
0.0
0.0
0.0
0.0
0.0
0.0
0.0
0.0
0.0
0.0
0.0
0.0
0.0
0.0
0.0
0.0
0.0
0.0
0.0
0.0
0.0
0.0
0.0
0.0
0.0
0.0
0.0
0.0
0.0
0.0
0.0
0.0
0.0
0.0
0.0
0.0
0.0
0.0
0.0
0.0
0.0
0.0
0.0
0.0
0.0
0.0
0.0
0.0
0.0
0.0
0.0
0.0
0.0
0.0
0.0
0.0
0.0
0.0
0.0
0.0
0.0
0.0
0.0
0.0
0.0
0.0
0.0
0.0
0.0
0.0
0.0
0.0
0.0
0.0
0.0
0.0
0.0
0.0
0.0
0.0
0.0
0.0
0.0
0.0
0.0
0.0
0.0
0.0
0.0
0.0
0.0
0.0
0.0
0.0
0.0
0.0
0.0
0.0
0.0
0.0
0.0
0.0
0.0
0.0
0.0
0.0
0.0
0.0
0.0
0.0
0.0
0.0
0.0
0.0
0.0
0.0
0.0
0.0
0.0
0.0
0.0
0.0
0.0
0.0
0.0
0.0
0.0
0.0
0.0
0.0
0.0
0.0
0.0
0.0
0.0
0.0
0.0
0.0
0.0
0.0
0.0
0.0
0.0
0.0
0.0
0.0
0.0
0.0
0.0
0.0
0.0
0.0
0.0
0.0
0.0
0.0
0.0
0.0
0.0
0.0
0.0
0.0
0.0
0.0
0.0
0.0
0.0
0.0
0.0
0.0
0.0
0.0
0.0
0.0
0.0
0.0
0.0
0.0
0.0
0.0
0.0
0.0
0.0
0.0
0.0
0.0
0.0
0.0
0.0
0.0
0.0
0.0
0.0
0.0
0.0
0.0
0.0
0.0
0.0
0.0
0.0
0.0
0.0
0.0
0.0
0.0
0.0
0.0
0.0
0.0
0.0
0.0
0.0
0.0
0.0
0.0
0.0
0.0
0.0
0.0
0.0
0.0
0.0
0.0
0.0
0.0
0.0
0.0
0.0
0.0
0.0
0.0
0.0
0.0
0.0
0.0
0.0
0.0
0.0
0.0
0.0
0.0
0.0
0.0
0.0
0.0
0.0
0.0
0.0
0.0
0.0
0.0
0.0
0.0
0.0
0.0
0.0
0.0
0.0
0.0
0.0
0.0
0.0
0.0
0.0
0.0
0.0
0.0
0.0
0.0
0.0
0.0
0.0
0.0
0.0
0.0
0.0
0.0
0.0
0.0
0.0
0.0
0.0
0.0
0.0
0.0
0.0
0.0
0.0
0.0
0.0
0.0
0.0
0.0
0.0
0.0
0.0
0.0
0.0
0.0
0.0
0.0
0.0
0.0
0.0
0.0
0.0
0.0
0.0
0.0
0.0
0.0
0.0
0.0
0.0
0.0
0.0
0.0
0.0
0.0
0.0
0.0
0.0
0.0
0.0
0.0
0.0
0.0
0.0
0.0
0.0
0.0
0.0
0.0
0.0
0.0
0.0
0.0
0.0
0.0
0.0
0.0
0.0
0.0
0.0
0.0
0.0
0.0
0.0
0.0
0.0
0.0
0.0
0.0
0.0
0.0
0.0
0.0
0.0
0.0
0.0
0.0
0.0
0.0
0.0
0.0
0.0
0.0
0.0
0.0
0.0
0.0
0.0
0.0
0.0
0.0
0.0
0.0
0.0
0.0
0.0
0.0
0.0
0.0
0.0
0.0
0.0
0.0
0.0
0.0
0.0
0.0
0.0
0.0
0.0
0.0
0.0
0.0
0.0
0.0
0.0
0.0
0.0
0.0
0.0
0.0
0.0
0.0
0.0
0.0
0.0
0.0
0.0
0.0
0.0
0.0
0.0
0.0
0.0
0.0
0.0
0.0
0.0
0.0
0.0
0.0
0.0
0.0
0.0
0.0
0.0
0.0
0.0
0.0
0.0
0.0
0.0
0.0
0.0
0.0
0.0
0.0
0.0
0.0
0.0
0.0
0.0
0.0
0.0
0.0
0.0
0.0
0.0
0.0
0.0
0.0
0.0
0.0
0.0
0.0
0.0
0.0
0.0
0.0
0.0
0.0
0.0
0.0
0.0
0.0
0.0
0.0
0.0
0.0
0.0
0.0
0.0
0.0
0.0
0.0
0.0
0.0
0.0
0.0
0.0
0.0
0.0
0.0
0.0
0.0
0.0
0.0
0.0
0.0
0.0
0.0
0.0
0.0
0.0
0.0
0.0
0.0
0.0
0.0
0.0
0.0
0.0
0.0
0.0
0.0
0.0
0.0
0.0
0.0
0.0
0.0
0.0
0.0
0.0
0.0
0.0
0.0
0.0
0.0
0.0
0.0
0.0
0.0
0.0
0.0
0.0
0.0
0.0
0.0
0.0
0.0
0.0
0.0
0.0
0.0
0.0
0.0
0.0
0.0
0.0
0.0
0.0
0.0
0.0
0.0
0.0
0.0
0.0
0.0
0.0
0.0
0.0
0.0
0.0
0.0
0.0
0.0
0.0
0.0
0.0
0.0
0.0
0.0
0.0
0.0
0.0
0.0
0.0
0.0
0.0
0.0
0.0
0.0
0.0
0.0
0.0
0.0
0.0
0.0
0.0
0.0
0.0
0.0
0.0
0.0
0.0
0.0
0.0
0.0
0.0
0.0
0.0
0.0
0.0
0.0
0.0
0.0
0.0
0.0
0.0
0.0
0.0
0.0
0.0
0.0
0.0
0.0
0.0
0.0
0.0
0.0
0.0
0.0
0.0
0.0
0.0
0.0
0.0
0.0
0.0
0.0
0.0
0.0
0.0
0.0
0.0
0.0
0.0
0.0
0.0
0.0
0.0
0.0
0.0
0.0
0.0
0.0
0.0
0.0
0.0
0.0
0.0
0.0
0.0
0.0
0.0
0.0
0.0
0.0
0.0
0.0
0.0
0.0
0.0
0.0
0.0
0.0
0.0
0.0
0.0
0.0
0.0
0.0
0.0
0.0
0.0
0.0
0.0
0.0
0.0
0.0
0.0
0.0
0.0
0.0
0.0
0.0
0.0
0.0
0.0
0.0
0.0
0.0
0.0
0.0
0.0
0.0
0.0
0.0
0.0
0.0
0.0
0.0
0.0
0.0
0.0
0.0
0.0
0.0
0.0
0.0
0.0
0.0
0.0
0.0
0.0
0.0
0.0
0.0
0.0
0.0
0.0
0.0
0.0
0.0
0.0
0.0
0.0
0.0
0.0
0.0
0.0
0.0
0.0
0.0
0.0
0.0
0.0
0.0
0.0
0.0
0.0
0.0
0.0
0.0
0.0
0.0
0.0
0.0
0.0
0.0
0.0
0.0
0.0
0.0
0.0
0.0
0.0
0.0
0.0
0.0
0.0
0.0
0.0
0.0
0.0
0.0
0.0
0.0
0.0
0.0
0.0
0.0
0.0
0.0
0.0
0.0
0.0
0.0
0.0
0.0
0.0
0.0
0.0
0.0
0.0
0.0
0.0
0.0
0.0
0.0
0.0
0.0
0.0
0.0
0.0
0.0
0.0
0.0
0.0
0.0
0.0
0.0
0.0
0.0
0.0
0.0
0.0
0.0
0.0
0.0
0.0
0.0
0.0
0.0
0.0
0.0
0.0
0.0
0.0
0.0
0.0
0.0
0.0
0.0
0.0
0.0
0.0
0.0
0.0
0.0
0.0
0.0
0.0
0.0
0.0
0.0
0.0
0.0
0.0
0.0
0.0
0.0
0.0
0.0
0.0
0.0
0.0
0.0
0.0
0.0
0.0
0.0
0.0
0.0
0.0
0.0
0.0
0.0
0.0
0.0
0.0
0.0
0.0
0.0
0.0
0.0
0.0
0.0
0.0
0.0
0.0
0.0
0.0
0.0
0.0
0.0
0.0
0.0
0.0
0.0
0.0
0.0
0.0
0.0
0.0
0.0
0.0
0.0
0.0
0.0
0.0
0.0
0.0
0.0
0.0
0.0
0.0
0.0
0.0
0.0
0.0
0.0
0.0
0.0
0.0
0.0
0.0
0.0
0.0
0.0
0.0
0.0
0.0
0.0
0.0
0.0
0.0
0.0
0.0
0.0
0.0
0.0
0.0
0.0
0.0
0.0
0.0
0.0
0.0
0.0
0.0
0.0
0.0
0.0
0.0
0.0
0.0
0.0
0.0
0.0
0.0
0.0
0.0
0.0
0.0
0.0
0.0
0.0
0.0
0.0
0.0
0.0
0.0
0.0
0.0
0.0
0.0
0.0
0.0
0.0
0.0
0.0
0.0
0.0
0.0
0.0
0.0
0.0
0.0
0.0
0.0
0.0
0.0
0.0
0.0
0.0
0.0
0.0
0.0
0.0
0.0
0.0
0.0
0.0
0.0
0.0
0.0
0.0
0.0
0.0
0.0
0.0
0.0
0.0
0.0
0.0
0.0
0.0
0.0
0.0
0.0
0.0
0.0
0.0
0.0
0.0
0.0
0.0
0.0
0.0
0.0
0.0
0.0
0.0
0.0
0.0
0.0
0.0
0.0
0.0
0.0
0.0
0.0
0.0
0.0
0.0
0.0
0.0
0.0
0.0
0.0
0.0
0.0
0.0
0.0
0.0
0.0
0.0
0.0
0.0
0.0
0.0
0.0
0.0
0.0
0.0
0.0
0.0
0.0
0.0
0.0
0.0
0.0
0.0
0.0
0.0
0.0
0.0
0.0
0.0
0.0
0.0
0.0
0.0
0.0
0.0
0.0
0.0
0.0
0.0
0.0
0.0
0.0
0.0
0.0
0.0
0.0
0.0
0.0
0.0
0.0
0.0
0.0
0.0
0.0
0.0
0.0
0.0
0.0
0.0
0.0
0.0
0.0
0.0
0.0
0.0
0.0
0.0
0.0
0.0
0.0
0.0
0.0
0.0
0.0
0.0
0.0
0.0
0.0
0.0
0.0
0.0
0.0
0.0
0.0
0.0
0.0
0.0
0.0
0.0
0.0
0.0
0.0
0.0
0.0
0.0
0.0
0.0
0.0
0.0
0.0
0.0
0.0
0.0
0.0
0.0
0.0
0.0
0.0
0.0
0.0
0.0
0.0
0.0
0.0
0.0
0.0
0.0
0.0
0.0
0.0
0.0
0.0
0.0
0.0
0.0
0.0
0.0
0.0
0.0
0.0
0.0
0.0
0.0
0.0
0.0
0.0
0.0
0.0
0.0
0.0
0.0
0.0
0.0
0.0
0.0
0.0
0.0
0.0
0.0
0.0
0.0
0.0
0.0
0.0
0.0
0.0
0.0
0.0
0.0
0.0
0.0
0.0
0.0
0.0
0.0
0.0
0.0
0.0
0.0
0.0
0.0
0.0
0.0
0.0
0.0
0.0
0.0
0.0
0.0
0.0
0.0
0.0
0.0
0.0
0.0
0.0
0.0
0.0
0.0
0.0
0.0
0.0
0.0
0.0
0.0
0.0
0.0
0.0
0.0
0.0
0.0
0.0
0.0
0.0
0.0
0.0
0.0
0.0
0.0
0.0
0.0
0.0
0.0
0.0
0.0
0.0
0.0
0.0
0.0
0.0
0.0
0.0
0.0
0.0
0.0
0.0
0.0
0.0
0.0
0.0
0.0
0.0
0.0
0.0
0.0
0.0
0.0
0.0
0.0
0.0
0.0
0.0
0.0
0.0
0.0
0.0
0.0
0.0
0.0
0.0
0.0
0.0
0.0
0.0
0.0
0.0
0.0
0.0
0.0
0.0
0.0
0.0
0.0
0.0
0.0
0.0
0.0
0.0
0.0
0.0
0.0
0.0
0.0
0.0
0.0
0.0
0.0
0.0
0.0
0.0
0.0
0.0
0.0
0.0
0.0
0.0
0.0
0.0
0.0
0.0
0.0
0.0
0.0
0.0
0.0
0.0
0.0
0.0
0.0
0.0
0.0
0.0
0.0
0.0
0.0
0.0
0.0
0.0
0.0
0.0
0.0
0.0
0.0
0.0
0.0
0.0
0.0
0.0
0.0
0.0
0.0
0.0
0.0
0.0
0.0
0.0
0.0
0.0
0.0
0.0
0.0
0.0
0.0
0.0
0.0
0.0
0.0
0.0
0.0
0.0
0.0
0.0
0.0
0.0
0.0
0.0
0.0
0.0
0.0
0.0
0.0
0.0
0.0
0.0
0.0
0.0
0.0
0.0
0.0
0.0
0.0
0.0
0.0
0.0
0.0
0.0
0.0
0.0
0.0
0.0
0.0
0.0
0.0
0.0
0.0
0.0
0.0
0.0
0.0
0.0
0.0
0.0
0.0
0.0
0.0
0.0
0.0
0.0
0.0
0.0
0.0
0.0
0.0
0.0
0.0
0.0
0.0
0.0
0.0
0.0
0.0
0.0
0.0
0.0
0.0
0.0
0.0
0.0
0.0
0.0
0.0
0.0
0.0
0.0
0.0
0.0
0.0
0.0
0.0
0.0
0.0
0.0
0.0
0.0
0.0
0.0
0.0
0.0
0.0
0.0
0.0
0.0
0.0
0.0
0.0
0.0
0.0
0.0
0.0
0.0
0.0
0.0
0.0
0.0
0.0
0.0
0.0
0.0
0.0
0.0
0.0
0.0
0.0
0.0
0.0
0.0
0.0
0.0
0.0
0.0
0.0
0.0
0.0
0.0
0.0
0.0
0.0
0.0
0.0
0.0
0.0
0.0
0.0
0.0
0.0
0.0
0.0
0.0
0.0
0.0
0.0
0.0
0.0
0.0
0.0
0.0
0.0
0.0
0.0
0.0
0.0
0.0
0.0
0.0
0.0
0.0
0.0
0.0
0.0
0.0
0.0
0.0
0.0
0.0
0.0
0.0
0.0
0.0
0.0
0.0
0.0
0.0
0.0
0.0
0.0
0.0
0.0
0.0
0.0
0.0
0.0
0.0
0.0
0.0
0.0
0.0
0.0
0.0
0.0
0.0
0.0
0.0
0.0
0.0
0.0
0.0
0.0
0.0
0.0
0.0
0.0
0.0
0.0
0.0
0.0
0.0
0.0
0.0
0.0
0.0
0.0
0.0
0.0
0.0
0.0
0.0
0.0
0.0
0.0
0.0
0.0
0.0
0.0
0.0
0.0
0.0
0.0
0.0
0.0
0.0
0.0
0.0
0.0
0.0
0.0
0.0
0.0
0.0
0.0
0.0
0.0
0.0
0.0
0.0
0.0
0.0
0.0
0.0
0.0
0.0
0.0
0.0
0.0
0.0
0.0
0.0
0.0
0.0
0.0
0.0
0.0
0.0
0.0
0.0
0.0
0.0
0.0
0.0
0.0
0.0
0.0
0.0
0.0
0.0
0.0
0.0
0.0
0.0
0.0
0.0
0.0
0.0
0.0
0.0
0.0
0.0
0.0
0.0
0.0
0.0
0.0
0.0
0.0
0.0
0.0
0.0
0.0
0.0
0.0
0.0
0.0
0.0
0.0
0.0
0.0
0.0
0.0
0.0
0.0
0.0
0.0
0.0
0.0
0.0
0.0
0.0
0.0
0.0
0.0
0.0
0.0
0.0
0.0
0.0
0.0
0.0
0.0
0.0
0.0
0.0
0.0
0.0
0.0
0.0
0.0
0.0
0.0
0.0
0.0
0.0
0.0
0.0
0.0
0.0
0.0
0.0
0.0
0.0
0.0
0.0
0.0
0.0
0.0
0.0
0.0
0.0
0.0
0.0
0.0
0.0
0.0
0.0
0.0
0.0
0.0
0.0
0.0
0.0
0.0
0.0
0.0
0.0
0.0
0.0
0.0
0.0
0.0
0.0
0.0
0.0
0.0
0.0
0.0
0.0
0.0
0.0
0.0
0.0
0.0
0.0
0.0
0.0
0.0
0.0
0.0
0.0
0.0
0.0
0.0
0.0
0.0
0.0
0.0
