&CONTROL
  calculation = 'relax'
  prefix = 's0_OH__2x1o_mir'
  outdir = './tmp'
  pseudo_dir = '/usr/share/espresso/pseudo'
  tprnfor = .true.
  forc_conv_thr = 2.0d-3
  nstep = 200
  max_seconds = 216513
/
&SYSTEM
  ibrav = 0
  nat = 39
  ntyp = 3
  ecutwfc = 80.0
  ecutrho = 640.0
  occupations = 'smearing'
  smearing = 'mv'
  degauss = 0.01
/
&ELECTRONS
  conv_thr = 1.0d-6
  mixing_mode = 'local-TF'
  mixing_beta = 0.3
  electron_maxstep = 200
/
&IONS
  ion_dynamics = 'bfgs'
/
ATOMIC_SPECIES
  H  1.008  H.pbe-rrkjus_psl.1.0.0.UPF
  Ir  192.217  Ir_pbe_v1.2.uspp.F.UPF
  O  15.999  O.pbe-n-kjpaw_psl.0.1.UPF
CELL_PARAMETERS angstrom
  6.30800000  0.00000000  0.00000000
  0.00000000  6.36113260  0.00000000
  0.00000000  0.00000000  25.44453041
ATOMIC_POSITIONS angstrom
  Ir  0.00000000  4.77084945  9.54169891  0 0 0
  Ir  1.57700000  1.59028315  9.54169891  0 0 0
  Ir  -0.00259957  1.59028315  12.75499318  1 1 1
  Ir  1.57467838  4.77084945  12.72387653  1 1 1
  Ir  -0.00835724  4.77084945  15.96559270  1 1 1
  Ir  1.56185850  1.59028315  15.99383904  1 1 1
  O  0.00000000  1.59028315  10.78211976  0 0 0
  O  0.00000000  1.59028315  8.30127805  0 0 0
  O  1.57700000  3.53042859  9.54169891  0 0 0
  O  1.57700000  6.01127031  9.54169891  0 0 0
  O  -0.00498257  4.77084945  13.97013960  1 1 1
  O  0.00000000  4.77084945  11.48184435  0 0 0
  O  1.57479082  0.37293878  12.73323124  1 1 1
  O  1.57479082  2.80762752  12.73323124  1 1 1
  O  -0.01602391  1.59028315  17.17313507  1 1 1
  O  -0.01276238  1.59028315  14.73846213  1 1 1
  O  1.56437256  3.54865969  15.94481271  1 1 1
  O  1.56437256  5.99303921  15.94481271  1 1 1
  Ir  3.15400000  4.77084945  9.54169891  0 0 0
  Ir  4.73100000  1.59028315  9.54169891  0 0 0
  Ir  3.15400000  1.59028315  12.75117848  1 1 1
  Ir  4.73100000  4.77084945  12.73150794  1 1 1
  Ir  3.15400000  4.77084945  16.03521583  1 1 1
  Ir  4.73100000  1.59028315  15.97501111  1 1 1
  O  3.15400000  1.59028315  10.78211976  0 0 0
  O  3.15400000  1.59028315  8.30127805  0 0 0
  O  4.73100000  3.53042859  9.54169891  0 0 0
  O  4.73100000  6.01127031  9.54169891  0 0 0
  O  3.15400000  4.77084945  13.99528842  1 1 1
  O  3.15400000  4.77084945  11.48184435  0 0 0
  O  4.73100000  0.37072595  12.73074591  1 1 1
  O  4.73100000  2.80984035  12.73074591  1 1 1
  O  3.15400000  1.59028315  17.15210716  1 1 1
  O  3.15400000  1.59028315  14.72492815  1 1 1
  O  4.73100000  3.55336977  15.90196223  1 1 1
  O  4.73100000  5.98832913  15.90196223  1 1 1
  O  -0.11031295  4.77084945  17.89998572  1 1 1
  H  0.78921723  4.77084945  18.29061421  1 1 1
  O  3.15400000  4.77084945  17.80230168  1 1 1
K_POINTS automatic
  4 4 1 0 0 0
