&CONTROL
  calculation = 'relax'
  prefix = 'lt__Cu26Ni9Cr31Co33__s17_site1__O_recon__atomic'
  outdir = './tmp'
  pseudo_dir = '/usr/share/espresso/pseudo'
  tprnfor = .true.
  forc_conv_thr = 2.0d-3
  nstep = 200
  max_seconds = 165000
/
&SYSTEM
  ibrav = 0
  nat = 73
  ntyp = 5
  ecutwfc = 80.0
  ecutrho = 640.0
  occupations = 'smearing'
  smearing = 'mv'
  degauss = 0.01
  nosym = .true.
  noinv = .true.
  nspin = 2
  starting_magnetization(1) = 0.4
  starting_magnetization(2) = 0.6
  starting_magnetization(3) = 0.2
  starting_magnetization(4) = 0.3
  starting_magnetization(5) = 0.0
/
&ELECTRONS
  conv_thr = 1.0d-6
  mixing_mode = 'local-TF'
  mixing_beta = 0.3
  electron_maxstep = 300
/
&IONS
  ion_dynamics = 'bfgs'
/
ATOMIC_SPECIES
  Co  58.933  Co_pbe_v1.2.uspp.F.UPF
  Cr  51.996  cr_pbe_v1.5.uspp.F.UPF
  Cu  63.546  Cu.paw.z_11.ld1.psl.v1.0.0-low.upf
  Ni  58.693  ni_pbe_v1.4.uspp.F.UPF
  O  15.999  O.pbe-n-kjpaw_psl.0.1.UPF
CELL_PARAMETERS angstrom
  5.937647166200523  0.0  3.6357602982769114e-16
  2.0233485575117938e-15  12.582053725309144  7.704285910699937e-16
  0.0  0.0  25.164107450618296
ATOMIC_POSITIONS angstrom
  Cu  2.5291856968897417e-16  1.5727567156636428  9.43654029398186  0 0 0
  Ni  1.2645928484448713e-15  7.863783578318215  9.43654029398186  0 0 0
  Cu  2.9688235831002623  1.5727567156636428  9.43654029398186  0 0 0
  Cu  2.9688235831002627  7.863783578318215  9.43654029398186  0 0 0
  Co  1.4844117915501316  4.718270146990929  9.43654029398186  0 0 0
  Co  1.4844117915501327  11.0092970096455  9.43654029398186  0 0 0
  Co  4.453235374650393  4.718270146990929  9.43654029398186  0 0 0
  Cr  4.453235374650394  11.0092970096455  9.436540293981862  0 0 0
  Co  -0.026503930607797176  4.71791922642991  12.636791137703666  1 1 1
  Cr  -0.02586921899794772  11.010787584589766  12.633942736364736  1 1 1
  Cr  2.9182264946430827  4.7017775170876925  12.620583279537366  1 1 1
  Cr  2.9451964359347182  11.034923385525818  12.644937313517516  1 1 1
  Co  1.5478536181732074  1.5735909144124531  12.467210647801213  1 1 1
  Ni  1.4525667426239468  7.845750651817427  12.561162386526187  1 1 1
  Cu  4.462674973141678  1.6040514727446713  12.5515726248385  1 1 1
  Cu  4.5159142803715255  7.841318973300612  12.59282738562164  1 1 1
  Cr  0.007538804710060781  1.5709892044838918  15.617780133935499  1 1 1
  Cr  0.040177011339412906  7.879872452258077  16.068118723611022  1 1 1
  Cu  2.9568477800931876  1.5843291400943234  15.88653778194157  1 1 1
  Cr  2.9866030729218362  7.804480464000831  15.530089410194739  1 1 1
  Co  1.5017794409225333  4.651405603147655  15.80336301451296  1 1 1
  Cr  1.4644073295898834  10.998234315352056  15.936173044883278  1 1 1
  Co  4.4504137850986005  4.649513861115232  15.820596148065649  1 1 1
  Co  4.432664373768792  11.0501937953008  15.88498777090324  1 1 1
  O  7.587557090669226e-16  4.718270146990929  10.663290532199504  0 0 0
  O  1.7704299878228195e-15  11.0092970096455  10.663290532199504  0 0 0
  O  2.9688235831002623  4.718270146990929  10.663290532199504  0 0 0
  O  2.968823583100263  11.0092970096455  10.663290532199504  0 0 0
  O  7.587557090669229e-16  4.718270146990931  8.209790055764218  0 0 0
  O  1.7704299878228197e-15  11.009297009645502  8.209790055764218  0 0 0
  O  2.9688235831002623  4.718270146990931  8.209790055764218  0 0 0
  O  2.968823583100263  11.009297009645502  8.209790055764218  0 0 0
  O  1.484411791550131  0.3460064774460025  9.43654029398186  0 0 0
  O  1.484411791550132  6.637033340100575  9.43654029398186  0 0 0
  O  4.453235374650392  0.3460064774460025  9.43654029398186  0 0 0
  O  4.453235374650393  6.637033340100575  9.43654029398186  0 0 0
  O  1.4844117915501314  2.7995069538812856  9.43654029398186  0 0 0
  O  1.4844117915501325  9.090533816535856  9.43654029398186  0 0 0
  O  4.453235374650393  2.7995069538812856  9.43654029398186  0 0 0
  O  4.453235374650394  9.090533816535856  9.43654029398186  0 0 0
  O  0.04008748925235308  1.5277137152324676  13.931720950682774  1 1 1
  O  0.008593276352489413  7.876906116143658  14.081100773128957  1 1 1
  O  2.9159863848846914  1.5954964443257624  13.713418582761088  1 1 1
  O  3.0030979774621036  7.903010003148457  13.831902430084606  1 1 1
  O  2.529185696889745e-16  1.5727567156636444  11.355303487091508  0 0 0
  O  1.2645928484448713e-15  7.863783578318215  11.355303487091508  0 0 0
  O  2.9688235831002623  1.5727567156636444  11.355303487091508  0 0 0
  O  2.9688235831002627  7.863783578318215  11.355303487091508  0 0 0
  O  1.4574184465411368  3.430334749821559  12.55000556884456  1 1 1
  O  1.4540292171097597  9.843597531873632  12.593931724590284  1 1 1
  O  4.497156466314543  3.5312323513620734  12.515905565326927  1 1 1
  O  4.474274340487119  9.791227283511946  12.657834315016084  1 1 1
  O  1.4912805986842126  5.87865095132847  12.605417696221147  1 1 1
  O  1.4840835056863513  12.316277507400068  12.54585948111504  1 1 1
  O  4.493636832784922  5.916691462147496  12.57202122985411  1 1 1
  O  4.487249369057699  12.221503612814063  12.622666144136616  1 1 1
  O  -0.034760384619723764  4.775808153099958  16.828486186646405  1 1 1
  O  0.021414187468350172  10.914546721207966  16.953775493325896  1 1 1
  O  2.986884202487176  4.649604730235349  16.85254469385703  1 1 1
  O  2.886512386961527  11.07098798436549  16.952143941179624  1 1 1
  O  -0.046341057345471934  4.676690287403796  14.452736154105526  1 1 1
  O  0.11800940623234182  11.069293173520697  14.515687058133114  1 1 1
  O  3.019681857409343  4.651467865227297  14.451144565880176  1 1 1
  O  2.877425328531484  11.03072452828167  14.487709008415203  1 1 1
  O  1.4031776191138812  0.43905191129867627  16.10023978592345  1 1 1
  O  1.587692626063953  6.5980968773624795  15.800178807673616  1 1 1
  O  4.460792825816123  0.30977278019886967  15.987523469861658  1 1 1
  O  4.3231883596770295  6.665794227824969  15.869970395842342  1 1 1
  O  1.4599204769836949  2.8352394365337346  15.984094714821989  1 1 1
  O  1.5772788630664674  9.049120519171424  15.904449385062438  1 1 1
  O  4.52412514479808  2.725548352796884  16.023965890656566  1 1 1
  O  4.3990654270566285  9.166670051783553  15.859332640218685  1 1 1
  O  0.011359512400019254  7.764542119101441  17.68362544823345  1 1 1
K_POINTS automatic
  4 2 1 0 0 0
HUBBARD (atomic)
U Co-3d 3.3200
U Cr-3d 3.7000
U Ni-3d 6.2000
