&CONTROL
  calculation = 'relax'
  prefix = 'lt__Cu26Ni9Cr31Co33__s17_site1__slab__atomic'
  outdir = './tmp'
  pseudo_dir = '/usr/share/espresso/pseudo'
  tprnfor = .true.
  forc_conv_thr = 2.0d-3
  nstep = 200
  max_seconds = 165000
/
&SYSTEM
  ibrav = 0
  nat = 72
  ntyp = 5
  ecutwfc = 80.0
  ecutrho = 640.0
  occupations = 'smearing'
  smearing = 'mv'
  degauss = 0.01
  nosym = .true.
  noinv = .true.
  nspin = 2
  starting_magnetization(1) = 0.4
  starting_magnetization(2) = 0.6
  starting_magnetization(3) = 0.2
  starting_magnetization(4) = 0.3
  starting_magnetization(5) = 0.0
/
&ELECTRONS
  conv_thr = 1.0d-6
  mixing_mode = 'local-TF'
  mixing_beta = 0.3
  electron_maxstep = 300
/
&IONS
  ion_dynamics = 'bfgs'
/
ATOMIC_SPECIES
  Co  58.933  Co_pbe_v1.2.uspp.F.UPF
  Cr  51.996  cr_pbe_v1.5.uspp.F.UPF
  Cu  63.546  Cu.paw.z_11.ld1.psl.v1.0.0-low.upf
  Ni  58.693  ni_pbe_v1.4.uspp.F.UPF
  O  15.999  O.pbe-n-kjpaw_psl.0.1.UPF
CELL_PARAMETERS angstrom
  5.937647166200523  0.0  3.6357602982769114e-16
  2.0233485575117938e-15  12.582053725309144  7.704285910699937e-16
  0.0  0.0  25.164107450618296
ATOMIC_POSITIONS angstrom
  Cu  2.5291856968897417e-16  1.5727567156636428  9.43654029398186  0 0 0
  Ni  1.2645928484448713e-15  7.863783578318215  9.43654029398186  0 0 0
  Cu  2.9688235831002623  1.5727567156636428  9.43654029398186  0 0 0
  Cu  2.9688235831002627  7.863783578318215  9.43654029398186  0 0 0
  Co  1.4844117915501316  4.718270146990929  9.43654029398186  0 0 0
  Co  1.4844117915501327  11.0092970096455  9.43654029398186  0 0 0
  Co  4.453235374650393  4.718270146990929  9.43654029398186  0 0 0
  Cr  4.453235374650394  11.0092970096455  9.436540293981862  0 0 0
  Co  -0.03466589960031312  4.714654699286543  12.619894666963651  1 1 1
  Cr  -0.025787704046034587  11.024977217943695  12.61331825382911  1 1 1
  Cr  2.9114605882787057  4.706076748594072  12.667676861419208  1 1 1
  Cr  2.940473798097861  11.017700382696711  12.694444492275231  1 1 1
  Co  1.548491259808909  1.5753494657849025  12.472003241248244  1 1 1
  Ni  1.4879728952421039  7.84685875166308  12.518631696079284  1 1 1
  Cu  4.462730835343935  1.6042958778686274  12.553547497315972  1 1 1
  Cu  4.460467137853189  7.845126076438002  12.557342538779437  1 1 1
  Cr  0.008473944977427752  1.5788753243645837  15.622235534996062  1 1 1
  Cr  0.0020305334926953847  7.8540132194408185  15.699567077594534  1 1 1
  Cu  2.9605829066625637  1.5889225407557734  15.868587893764927  1 1 1
  Cr  2.964826752994198  7.83063257221836  15.693219311267432  1 1 1
  Co  1.4829807904790062  4.673765937122959  15.857087220027303  1 1 1
  Cr  1.4301723420852426  11.019394416341006  15.964910155946479  1 1 1
  Co  4.468023459870717  4.6801526228285155  15.866126070377923  1 1 1
  Co  4.449027599895882  11.035632531272592  15.950084597759192  1 1 1
  O  7.587557090669226e-16  4.718270146990929  10.663290532199504  0 0 0
  O  1.7704299878228195e-15  11.0092970096455  10.663290532199504  0 0 0
  O  2.9688235831002623  4.718270146990929  10.663290532199504  0 0 0
  O  2.968823583100263  11.0092970096455  10.663290532199504  0 0 0
  O  7.587557090669229e-16  4.718270146990931  8.209790055764218  0 0 0
  O  1.7704299878228197e-15  11.009297009645502  8.209790055764218  0 0 0
  O  2.9688235831002623  4.718270146990931  8.209790055764218  0 0 0
  O  2.968823583100263  11.009297009645502  8.209790055764218  0 0 0
  O  1.484411791550131  0.3460064774460025  9.43654029398186  0 0 0
  O  1.484411791550132  6.637033340100575  9.43654029398186  0 0 0
  O  4.453235374650392  0.3460064774460025  9.43654029398186  0 0 0
  O  4.453235374650393  6.637033340100575  9.43654029398186  0 0 0
  O  1.4844117915501314  2.7995069538812856  9.43654029398186  0 0 0
  O  1.4844117915501325  9.090533816535856  9.43654029398186  0 0 0
  O  4.453235374650393  2.7995069538812856  9.43654029398186  0 0 0
  O  4.453235374650394  9.090533816535856  9.43654029398186  0 0 0
  O  0.04447894835126256  1.5340481822242757  13.928900080218442  1 1 1
  O  0.008711115721601968  7.919373751738093  13.982593974364946  1 1 1
  O  2.916838341915297  1.5924697960675762  13.714073616174622  1 1 1
  O  2.9717797225257874  7.8907640160106  13.955068099147416  1 1 1
  O  2.529185696889745e-16  1.5727567156636444  11.355303487091508  0 0 0
  O  1.2645928484448713e-15  7.863783578318215  11.355303487091508  0 0 0
  O  2.9688235831002623  1.5727567156636444  11.355303487091508  0 0 0
  O  2.9688235831002627  7.863783578318215  11.355303487091508  0 0 0
  O  1.4628461141801756  3.433242927599863  12.564460464299263  1 1 1
  O  1.4458801146080476  9.83758893451137  12.60303014413326  1 1 1
  O  4.492047470311872  3.538990812575088  12.529769856833344  1 1 1
  O  4.43924922370655  9.780300739523081  12.65459697547095  1 1 1
  O  1.4759374329430244  5.883593553537157  12.601302169715893  1 1 1
  O  1.488183349822427  12.305970256333094  12.564690354056419  1 1 1
  O  4.468449187551488  5.932133849383645  12.562508610221737  1 1 1
  O  4.509923252724157  12.212960696825036  12.65266737356844  1 1 1
  O  -0.03047062116404066  4.709468939869468  16.89480207509566  1 1 1
  O  0.0029684785116140177  10.995813567728726  17.037704423607117  1 1 1
  O  2.9952062547144016  4.6715213106144535  16.868883124819668  1 1 1
  O  2.9071499797859133  11.041496209828559  16.95889999077417  1 1 1
  O  -0.05232539505128345  4.714491645024258  14.493703633324001  1 1 1
  O  0.11079065578385128  11.001027206503869  14.582819585691608  1 1 1
  O  3.016740434625215  4.699149598920515  14.462035144488542  1 1 1
  O  2.884203678391706  11.000897904806276  14.516839610936303  1 1 1
  O  1.4047489931197774  0.4394242209319987  16.101548432643643  1 1 1
  O  1.4883164853356097  6.602281990280689  15.986854239850473  1 1 1
  O  4.464184877088064  0.3077613068753915  15.96752047850908  1 1 1
  O  4.449439980176222  6.6759847219569535  16.042420044691934  1 1 1
  O  1.467859457231545  2.8502002452353  15.963357591343064  1 1 1
  O  1.4714741576788775  9.00825287028921  16.13008728324391  1 1 1
  O  4.5236772628950686  2.7324999956889773  16.01849397915425  1 1 1
  O  4.448026651576393  9.119565604233497  16.040117707601965  1 1 1
K_POINTS automatic
  4 2 1 0 0 0
HUBBARD (atomic)
U Co-3d 3.3200
U Cr-3d 3.7000
U Ni-3d 6.2000
