&CONTROL
  calculation = 'scf'
  prefix = 'OH__atomic'
  outdir = './tmp'
  pseudo_dir = '/usr/share/espresso/pseudo'
  tprnfor = .true.
  forc_conv_thr = 2.0d-3
  nstep = 200
  max_seconds = 165000
/
&SYSTEM
  ibrav = 0
  nat = 74
  ntyp = 6
  ecutwfc = 80.0
  ecutrho = 640.0
  occupations = 'smearing'
  smearing = 'mv'
  degauss = 0.01
  nosym = .true.
  noinv = .true.
  nspin = 2
  starting_magnetization(1) = 0.4
  starting_magnetization(2) = 0.6
  starting_magnetization(3) = 0.2
  starting_magnetization(4) = 0.5
  starting_magnetization(5) = 0.0
  starting_magnetization(6) = 0.0
/
&ELECTRONS
  conv_thr = 1.0d-6
  mixing_mode = 'local-TF'
  mixing_beta = 0.3
  electron_maxstep = 300
/
&IONS
  ion_dynamics = 'bfgs'
/
ATOMIC_SPECIES
  Co  58.933  Co_pbe_v1.2.uspp.F.UPF
  Cr  51.996  cr_pbe_v1.5.uspp.F.UPF
  Cu  63.546  Cu.paw.z_11.ld1.psl.v1.0.0-low.upf
  Mn  54.938  mn_pbe_v1.5.uspp.F.UPF
  O  15.999  O.pbe-n-kjpaw_psl.0.1.UPF
  H  1.008  H.pbe-rrkjus_psl.1.0.0.UPF
CELL_PARAMETERS angstrom
  5.868293765917553  0.0  3.593293588443649e-16
  2.016042504137234e-15  12.536621535320224  7.676466717675844e-16
  0.0  0.0  25.073243070640455
ATOMIC_POSITIONS angstrom
  Mn  2.5200531301715427e-16  1.5670776919150278  9.402466151490172  0 0 0
  Co  1.2600265650857714e-15  7.835388459575139  9.402466151490172  0 0 0
  Cu  2.9341468829587773  1.5670776919150278  9.402466151490172  0 0 0
  Cr  2.934146882958778  7.835388459575139  9.402466151490172  0 0 0
  Cr  1.4670734414793891  4.701233075745084  9.40246615149017  0 0 0
  Mn  1.4670734414793902  10.969543843405196  9.402466151490168  0 0 0
  Cr  4.4012203244381665  4.701233075745084  9.40246615149017  0 0 0
  Co  4.4012203244381665  10.969543843405196  9.40246615149017  0 0 0
  Cr  -0.015147388520133365  4.695528436236989  12.619536417761239  1 1 1
  Mn  -0.009541704825469101  10.973888059783205  12.6148280347932  1 1 1
  Co  2.9314000538910974  4.674425721803045  12.706879280837274  1 1 1
  Mn  2.938964023610492  10.972284330658287  12.584124498859516  1 1 1
  Mn  1.4738697158206542  1.556072591466081  12.563946306530713  1 1 1
  Co  1.484559441118375  7.809121762259705  12.566670560788314  1 1 1
  Co  4.361157941411698  1.5758717285961403  12.538339232972707  1 1 1
  Mn  4.403723880767726  7.825672872456246  12.577289103652978  1 1 1
  Cu  -0.024916110244538114  1.5023472315405777  15.904691687484855  1 1 1
  Cr  -0.004438433709692504  7.6853739211946515  15.860402643997475  1 1 1
  Mn  2.9225481467650622  1.498837744781403  15.843937092103975  1 1 1
  Co  2.90406835274318  7.712551574408086  15.67235200757219  1 1 1
  Co  1.4459348730861685  4.562284458531997  15.860192940933391  1 1 1
  Mn  1.4130735849374776  10.928051370498233  15.7837583459707  1 1 1
  Co  4.39162618676146  4.577588676319475  15.860737626720951  1 1 1
  Cr  4.291381875327505  10.912217143041303  15.926687032939531  1 1 1
  O  7.560159390514627e-16  4.701233075745084  10.624786751183894  0 0 0
  O  1.7640371911200798e-15  10.969543843405196  10.624786751183894  0 0 0
  O  2.934146882958778  4.701233075745084  10.624786751183894  0 0 0
  O  2.9341468829587782  10.969543843405196  10.624786751183894  0 0 0
  O  7.560159390514627e-16  4.701233075745084  8.180145551796448  0 0 0
  O  1.7640371911200798e-15  10.969543843405196  8.180145551796448  0 0 0
  O  2.934146882958778  4.701233075745084  8.180145551796448  0 0 0
  O  2.9341468829587782  10.969543843405196  8.180145551796446  0 0 0
  O  1.4670734414793885  0.3447570922213058  9.402466151490172  0 0 0
  O  1.4670734414793896  6.613067859881418  9.402466151490172  0 0 0
  O  4.401220324438165  0.3447570922213058  9.402466151490172  0 0 0
  O  4.401220324438166  6.613067859881418  9.402466151490172  0 0 0
  O  1.467073441479389  2.789398291608749  9.40246615149017  0 0 0
  O  1.4670734414793904  9.057709059268861  9.40246615149017  0 0 0
  O  4.4012203244381665  2.789398291608749  9.40246615149017  0 0 0
  O  4.401220324438167  9.057709059268861  9.402466151490168  0 0 0
  O  -0.07011459435040884  1.6118932536273718  13.714973004796486  1 1 1
  O  -0.020532172986053435  7.79311685556106  13.950654813317286  1 1 1
  O  2.93799873266803  1.567625673838269  13.749230123842143  1 1 1
  O  2.907709385845642  7.813030561949077  13.754487629846821  1 1 1
  O  2.5200531301715427e-16  1.5670776919150278  11.314300935626504  0 0 0
  O  1.2600265650857714e-15  7.835388459575139  11.314300935626504  0 0 0
  O  2.9341468829587773  1.5670776919150278  11.314300935626504  0 0 0
  O  2.934146882958778  7.835388459575139  11.314300935626504  0 0 0
  O  1.4984780642264661  3.5058266137575256  12.549992779068237  1 1 1
  O  1.4626767999437642  9.711848773595946  12.62220116351021  1 1 1
  O  4.356683388649723  3.440932374531716  12.543398240583578  1 1 1
  O  4.398883863380871  9.74632689766585  12.594629407921339  1 1 1
  O  1.4730997319872914  5.972351995006744  12.596832914623187  1 1 1
  O  1.4614748412359522  12.180236402004196  12.625118256985287  1 1 1
  O  4.376395179027979  5.890879991765359  12.591936938649123  1 1 1
  O  4.396500921238686  12.23846824779066  12.575190717098605  1 1 1
  O  -0.016585237146612204  4.698255404246711  16.901976055176682  1 1 1
  O  -0.06444996294610073  10.710662253932462  16.999261376885364  1 1 1
  O  2.8982784813750087  4.607081234963673  16.902938763049296  1 1 1
  O  2.984670368092911  10.831391628472607  17.04140638572275  1 1 1
  O  0.007254079958657456  4.600742121739369  14.48402766474652  1 1 1
  O  -0.07760585565604995  10.969332184011236  14.564599934676584  1 1 1
  O  2.915661264527203  4.589672102413094  14.463705758714534  1 1 1
  O  2.9833871852553355  11.017670322557695  14.584722162330456  1 1 1
  O  1.439431499133011  0.3033775904476205  16.092514917319996  1 1 1
  O  1.512273396512477  6.5055141197206225  15.851903046112104  1 1 1
  O  4.389235428677203  0.29623025593615965  16.120546361056395  1 1 1
  O  4.319887260760216  6.46158124270344  15.829833413009077  1 1 1
  O  1.401928458993851  2.7428948447195514  16.04341221210925  1 1 1
  O  1.5523976990539505  8.950342206334746  15.800557173608658  1 1 1
  O  4.422552881455342  2.7615197492920456  16.064729560512205  1 1 1
  O  4.29075702882497  8.905643793478575  15.710798760409672  1 1 1
  O  -0.057396041961136006  8.050246094821517  17.645261096552726  1 1 1
  H  -0.05219364844308812  9.048110320309593  17.6958904441575  1 1 1
K_POINTS automatic
  4 2 1 0 0 0
HUBBARD (atomic)
U Co-3d 3.3200
U Cr-3d 3.7000
U Mn-3d 3.9000
