&CONTROL
  calculation = 'scf'
  prefix = 'O__atomic'
  outdir = '/anvil/projects/x-che260157/sts_arm_c_2026-10-07/runs/hea/arm_c_2026-10-07/Cu22Fe30Co32Mn15__s6_site1/tmp_O__atomic'
  pseudo_dir = '/anvil/projects/x-che260157/pseudo'
  tprnfor = .true.
  forc_conv_thr = 2.0d-3
  nstep = 200
  max_seconds = 165000
/
&SYSTEM
  ibrav = 0
  nat = 73
  ntyp = 5
  ecutwfc = 80.0
  ecutrho = 640.0
  occupations = 'smearing'
  smearing = 'mv'
  degauss = 0.01
  nosym = .true.
  noinv = .true.
  nspin = 2
  starting_magnetization(1) = 0.4
  starting_magnetization(2) = 0.2
  starting_magnetization(3) = 0.5
  starting_magnetization(4) = 0.5
  starting_magnetization(5) = 0.0
/
&ELECTRONS
  conv_thr = 1.0d-6
  mixing_mode = 'local-TF'
  mixing_beta = 0.3
  electron_maxstep = 300
/
&IONS
  ion_dynamics = 'bfgs'
/
ATOMIC_SPECIES
  Co  58.933  Co_pbe_v1.2.uspp.F.UPF
  Cu  63.546  Cu.paw.z_11.ld1.psl.v1.0.0-low.upf
  Fe  55.845  Fe.pbe-spn-kjpaw_psl.0.2.1.UPF
  Mn  54.938  mn_pbe_v1.5.uspp.F.UPF
  O  15.999  O.pbe-n-kjpaw_psl.0.1.UPF
CELL_PARAMETERS angstrom
  5.955113842225956  0.0  3.646455552720057e-16
  2.031127503823677e-15  12.630426567476672  7.733905733862998e-16
  0.0  0.0  25.26085313495335
ATOMIC_POSITIONS angstrom
  Cu  7.616728139338787e-16  4.7364099628037515  9.472819925607507  0 0 0
  Mn  1.7772365658457176e-15  11.051623246542086  9.472819925607507  0 0 0
  Mn  2.977556921112979  4.7364099628037515  9.472819925607507  0 0 0
  Cu  2.97755692111298  11.051623246542086  9.472819925607505  0 0 0
  Cu  1.4887784605564893  1.5788033209345838  9.472819925607507  0 0 0
  Co  1.4887784605564907  7.89401660467292  9.472819925607507  0 0 0
  Co  4.4663353816694675  1.5788033209345838  9.472819925607507  0 0 0
  Fe  4.466335381669468  7.89401660467292  9.472819925607505  0 0 0
  Fe  -0.0019438889825393955  1.5723617481665928  12.64215187681863  1 1 1
  Mn  -0.006983121242597986  7.907621458215308  12.640131776952517  1 1 1
  Fe  2.95309044313756  1.5590209244787947  12.653254471191474  1 1 1
  Co  2.9589610830115602  7.897344359928843  12.713267297759524  1 1 1
  Mn  1.4812221093110944  4.755661482850492  12.64294272151544  1 1 1
  Fe  1.4730324415940197  11.035480043956198  12.6408562298292  1 1 1
  Fe  4.474979927329225  4.7494629768005545  12.647471680713672  1 1 1
  Co  4.4145898716506915  11.031828870595454  12.593677863858485  1 1 1
  Cu  0.00576655164619481  4.810825555575276  15.95074151143351  1 1 1
  Co  -0.0269670453305984  11.040447359682831  15.81139831623887  1 1 1
  Cu  2.9911524446746642  4.805785053581009  15.944432737885464  1 1 1
  Fe  3.010583848370644  11.057930161149546  15.713367251999264  1 1 1
  Co  1.49222663010771  1.690982780893346  15.964325834192032  1 1 1
  Co  1.4732484128966696  7.861950399074077  15.88287853863535  1 1 1
  Fe  4.4721766006656605  1.701464569739702  15.905595749955591  1 1 1
  Co  4.5070566655583795  7.861661306202433  15.874470137442335  1 1 1
  O  2.538909379779596e-16  1.5788033209345838  10.704286515936483  0 0 0
  O  1.2694546898897982e-15  7.89401660467292  10.704286515936483  0 0 0
  O  2.977556921112979  1.5788033209345838  10.704286515936483  0 0 0
  O  2.9775569211129795  7.89401660467292  10.704286515936483  0 0 0
  O  2.538909379779596e-16  1.5788033209345838  8.24135333527853  0 0 0
  O  1.2694546898897982e-15  7.89401660467292  8.24135333527853  0 0 0
  O  2.977556921112979  1.5788033209345838  8.24135333527853  0 0 0
  O  2.9775569211129795  7.89401660467292  8.24135333527853  0 0 0
  O  1.48877846055649  3.5049433724747754  9.472819925607507  0 0 0
  O  1.4887784605564909  9.820156656213111  9.472819925607507  0 0 0
  O  4.466335381669468  3.5049433724747754  9.472819925607507  0 0 0
  O  4.466335381669469  9.820156656213111  9.472819925607505  0 0 0
  O  1.48877846055649  5.967876553132727  9.472819925607507  0 0 0
  O  1.4887784605564913  12.283089836871062  9.472819925607505  0 0 0
  O  4.466335381669468  5.967876553132727  9.472819925607507  0 0 0
  O  4.466335381669469  12.283089836871062  9.472819925607507  0 0 0
  O  0.010794333279437253  4.741750158222468  13.838774930716182  1 1 1
  O  -0.03857882401065901  11.039506262339358  14.036840506798027  1 1 1
  O  2.9711080103129857  4.72998112048007  13.840411634074382  1 1 1
  O  3.0023043359714636  11.071287315510304  13.84746697786378  1 1 1
  O  7.616728139338787e-16  4.7364099628037515  11.3989599771477  0 0 0
  O  1.777236565845717e-15  11.051623246542086  11.3989599771477  0 0 0
  O  2.977556921112979  4.7364099628037515  11.3989599771477  0 0 0
  O  2.97755692111298  11.051623246542086  11.398959977147697  0 0 0
  O  1.464218402319466  0.35144130278830216  12.73360606055531  1 1 1
  O  1.500246880313865  6.68704321315608  12.63472777066785  1 1 1
  O  4.4511204617517866  0.24719619810125676  12.678260988279447  1 1 1
  O  4.44169512813847  6.741686452614394  12.64215507489762  1 1 1
  O  1.482655998657168  2.8301139549211642  12.67788100646776  1 1 1
  O  1.488643648282448  9.093146559670302  12.650139156838984  1 1 1
  O  4.453323512418052  2.760628816129437  12.66208765643812  1 1 1
  O  4.447200207803085  9.166739436087502  12.655251151653802  1 1 1
  O  0.12723573330294463  1.5696426931024454  17.044513369895846  1 1 1
  O  0.020574784148862525  7.9486532826799925  16.958455945425843  1 1 1
  O  2.894408526190394  1.6330518038848092  17.055653588906406  1 1 1
  O  2.980767195682194  7.9001032718557  16.86140516838818  1 1 1
  O  -0.0037922122416976936  1.6958315615944055  14.659727644754351  1 1 1
  O  -0.005148851934920313  7.838603590251303  14.607365074786104  1 1 1
  O  2.944923557043272  1.7057377305697314  14.680393909415159  1 1 1
  O  2.979811512539377  7.8468588393927385  14.500289974586233  1 1 1
  O  1.4927690148525998  3.6338578308821385  16.167270584159493  1 1 1
  O  1.5348719780270128  9.813692802175506  16.015324598764643  1 1 1
  O  4.479240450115989  3.6552154318322225  16.254304423215228  1 1 1
  O  4.436775870421489  9.769362507186669  16.02983848528563  1 1 1
  O  1.5033861083319906  5.9943837144573076  16.13906327772097  1 1 1
  O  1.5459120314885153  12.291678235859294  16.011008766346162  1 1 1
  O  4.470535171953144  6.016620734575971  16.143075847447225  1 1 1
  O  4.442755813786306  12.267476386147717  16.047949367119372  1 1 1
  O  0.19401086357843123  11.063685521217506  17.464597723254652  1 1 1
K_POINTS automatic
  4 2 1 0 0 0
HUBBARD (atomic)
U Co-3d 3.3200
U Fe-3d 5.3000
U Mn-3d 3.9000
