&CONTROL
  calculation = 'scf'
  prefix = 'OH__atomic'
  outdir = '/anvil/projects/x-che260157/sts_arm_c_2026-10-07/runs/hea/arm_c_2026-10-07/Cu22Fe30Co32Mn15__s6_site1/tmp_OH__atomic'
  pseudo_dir = '/anvil/projects/x-che260157/pseudo'
  tprnfor = .true.
  forc_conv_thr = 2.0d-3
  nstep = 200
  max_seconds = 165000
/
&SYSTEM
  ibrav = 0
  nat = 74
  ntyp = 6
  ecutwfc = 80.0
  ecutrho = 640.0
  occupations = 'smearing'
  smearing = 'mv'
  degauss = 0.01
  nosym = .true.
  noinv = .true.
  nspin = 2
  starting_magnetization(1) = 0.4
  starting_magnetization(2) = 0.2
  starting_magnetization(3) = 0.5
  starting_magnetization(4) = 0.5
  starting_magnetization(5) = 0.0
  starting_magnetization(6) = 0.0
/
&ELECTRONS
  conv_thr = 1.0d-6
  mixing_mode = 'local-TF'
  mixing_beta = 0.3
  electron_maxstep = 300
/
&IONS
  ion_dynamics = 'bfgs'
/
ATOMIC_SPECIES
  Co  58.933  Co_pbe_v1.2.uspp.F.UPF
  Cu  63.546  Cu.paw.z_11.ld1.psl.v1.0.0-low.upf
  Fe  55.845  Fe.pbe-spn-kjpaw_psl.0.2.1.UPF
  Mn  54.938  mn_pbe_v1.5.uspp.F.UPF
  O  15.999  O.pbe-n-kjpaw_psl.0.1.UPF
  H  1.008  H.pbe-rrkjus_psl.1.0.0.UPF
CELL_PARAMETERS angstrom
  5.955113842225956  0.0  3.646455552720057e-16
  2.031127503823677e-15  12.630426567476672  7.733905733862998e-16
  0.0  0.0  25.26085313495335
ATOMIC_POSITIONS angstrom
  Cu  7.616728139338787e-16  4.7364099628037515  9.472819925607507  0 0 0
  Mn  1.7772365658457176e-15  11.051623246542086  9.472819925607507  0 0 0
  Mn  2.977556921112979  4.7364099628037515  9.472819925607507  0 0 0
  Cu  2.97755692111298  11.051623246542086  9.472819925607505  0 0 0
  Cu  1.4887784605564893  1.5788033209345838  9.472819925607507  0 0 0
  Co  1.4887784605564907  7.89401660467292  9.472819925607507  0 0 0
  Co  4.4663353816694675  1.5788033209345838  9.472819925607507  0 0 0
  Fe  4.466335381669468  7.89401660467292  9.472819925607505  0 0 0
  Fe  -0.0010878674135692185  1.5640874262678588  12.664479159756405  1 1 1
  Mn  -0.01115664962936621  7.917476731790166  12.662314465998824  1 1 1
  Fe  2.958479500411576  1.5585058435865842  12.672218464164938  1 1 1
  Co  2.9633342002055367  7.896323440418573  12.744730116539642  1 1 1
  Mn  1.4824954231610914  4.759197721657907  12.647755997296738  1 1 1
  Fe  1.4748843896152255  11.029514066761749  12.62247089196186  1 1 1
  Fe  4.475101231849198  4.747537413811182  12.649464719687643  1 1 1
  Co  4.453092391850098  11.037008596493374  12.622560163816855  1 1 1
  Cu  -0.006243109677784156  4.802918418595359  15.946203533506207  1 1 1
  Co  -0.026349189255358858  11.027055585456019  16.23490611009059  1 1 1
  Cu  2.988515219146205  4.798604029275481  15.933933720992325  1 1 1
  Fe  2.9753873668091044  11.033499924297116  15.722870909135139  1 1 1
  Co  1.460290806112448  1.7052907554920465  16.014699577502988  1 1 1
  Co  1.4514287016519585  7.840590685167208  15.921242728869485  1 1 1
  Fe  4.442209184080083  1.6549278799397245  15.950887168706627  1 1 1
  Co  4.483875674283317  7.860839111397578  15.903889789924829  1 1 1
  O  2.538909379779596e-16  1.5788033209345838  10.704286515936483  0 0 0
  O  1.2694546898897982e-15  7.89401660467292  10.704286515936483  0 0 0
  O  2.977556921112979  1.5788033209345838  10.704286515936483  0 0 0
  O  2.9775569211129795  7.89401660467292  10.704286515936483  0 0 0
  O  2.538909379779596e-16  1.5788033209345838  8.24135333527853  0 0 0
  O  1.2694546898897982e-15  7.89401660467292  8.24135333527853  0 0 0
  O  2.977556921112979  1.5788033209345838  8.24135333527853  0 0 0
  O  2.9775569211129795  7.89401660467292  8.24135333527853  0 0 0
  O  1.48877846055649  3.5049433724747754  9.472819925607507  0 0 0
  O  1.4887784605564909  9.820156656213111  9.472819925607507  0 0 0
  O  4.466335381669468  3.5049433724747754  9.472819925607507  0 0 0
  O  4.466335381669469  9.820156656213111  9.472819925607505  0 0 0
  O  1.48877846055649  5.967876553132727  9.472819925607507  0 0 0
  O  1.4887784605564913  12.283089836871062  9.472819925607505  0 0 0
  O  4.466335381669468  5.967876553132727  9.472819925607507  0 0 0
  O  4.466335381669469  12.283089836871062  9.472819925607507  0 0 0
  O  0.009473600129905413  4.743361769749727  13.837456291203841  1 1 1
  O  -0.10191030146820673  11.04919907517443  13.820798301296707  1 1 1
  O  2.969364954063517  4.732443286100638  13.839347473351273  1 1 1
  O  2.9811790159382823  11.072388137436793  13.87901694041121  1 1 1
  O  7.616728139338787e-16  4.7364099628037515  11.3989599771477  0 0 0
  O  1.777236565845717e-15  11.051623246542086  11.3989599771477  0 0 0
  O  2.977556921112979  4.7364099628037515  11.3989599771477  0 0 0
  O  2.97755692111298  11.051623246542086  11.398959977147697  0 0 0
  O  1.4774637014915974  0.3485503702130663  12.735495003118414  1 1 1
  O  1.4969750838194549  6.688651672720176  12.665246592615619  1 1 1
  O  4.444770161232388  0.27151165452394527  12.70052249156157  1 1 1
  O  4.4429833131050005  6.737234750291942  12.670817843255769  1 1 1
  O  1.484215718321576  2.824282980546002  12.711646944704372  1 1 1
  O  1.4982761018221713  9.090893000924588  12.65966774327357  1 1 1
  O  4.454520163538723  2.7607835040549396  12.698469527527429  1 1 1
  O  4.442123097279127  9.145487879714208  12.671037398554423  1 1 1
  O  0.10722183897035588  1.6107739018086955  17.105957822423065  1 1 1
  O  0.014537928248259738  7.887981199941488  16.991205500725325  1 1 1
  O  2.8722301846889153  1.6202612707379278  17.10122064691922  1 1 1
  O  2.9733727893965436  7.889962717064484  16.906638472228046  1 1 1
  O  -0.0015465766288320034  1.6569742975812118  14.728389957466943  1 1 1
  O  -0.01333334333640816  7.864636964044194  14.645428572032191  1 1 1
  O  2.932642797956336  1.6354639562798172  14.729964065192302  1 1 1
  O  2.972025490802947  7.878511281348176  14.550866560107307  1 1 1
  O  1.4854462069426093  3.630128112061291  16.1445585655288  1 1 1
  O  1.4522937036501642  9.836559772381772  16.080402393316998  1 1 1
  O  4.467261262414777  3.643607816742493  16.241151226784687  1 1 1
  O  4.461823807779611  9.778109320310296  16.086579174332165  1 1 1
  O  1.4960622147553935  5.983903868018811  16.137232551421924  1 1 1
  O  1.4331723550773783  12.206710802689441  16.12407813426456  1 1 1
  O  4.460925670046363  6.0021549209401  16.15059161370403  1 1 1
  O  4.468390844853327  12.230190336305624  16.110830960446915  1 1 1
  O  -0.0088829078602628  10.987488498060843  18.029165270606835  1 1 1
  H  0.9372928637387482  11.09147488803083  18.25772072268744  1 1 1
K_POINTS automatic
  4 2 1 0 0 0
HUBBARD (atomic)
U Co-3d 3.3200
U Fe-3d 5.3000
U Mn-3d 3.9000
