&CONTROL
  calculation = 'scf'
  prefix = 'O__ortho'
  outdir = './tmp'
  pseudo_dir = '/usr/share/espresso/pseudo'
  tprnfor = .true.
  forc_conv_thr = 2.0d-3
  nstep = 200
  max_seconds = 165000
/
&SYSTEM
  ibrav = 0
  nat = 73
  ntyp = 5
  ecutwfc = 80.0
  ecutrho = 640.0
  occupations = 'smearing'
  smearing = 'mv'
  degauss = 0.01
  nosym = .true.
  noinv = .true.
  nspin = 2
  starting_magnetization(1) = 0.4
  starting_magnetization(2) = 0.6
  starting_magnetization(3) = 0.5
  starting_magnetization(4) = 0.3
  starting_magnetization(5) = 0.0
/
&ELECTRONS
  conv_thr = 1.0d-6
  mixing_mode = 'local-TF'
  mixing_beta = 0.3
  electron_maxstep = 300
/
&IONS
  ion_dynamics = 'bfgs'
/
ATOMIC_SPECIES
  Co  58.933  Co_pbe_v1.2.uspp.F.UPF
  Cr  51.996  cr_pbe_v1.5.uspp.F.UPF
  Fe  55.845  Fe.pbe-spn-kjpaw_psl.0.2.1.UPF
  Ni  58.693  ni_pbe_v1.4.uspp.F.UPF
  O  15.999  O.pbe-n-kjpaw_psl.0.1.UPF
CELL_PARAMETERS angstrom
  5.9455  0.0  3.640568772165294e-16
  2.0264516267117194e-15  12.601349947525463  7.716101439086363e-16
  0.0  0.0  25.20269989505093
ATOMIC_POSITIONS angstrom
  Cr  2.5330645333896493e-16  1.575168743440683  9.4510124606441  0 0 0
  Cr  1.266532266694825e-15  7.875843717203415  9.4510124606441  0 0 0
  Cr  2.972750000000001  1.575168743440683  9.4510124606441  0 0 0
  Ni  2.9727500000000013  7.875843717203415  9.4510124606441  0 0 0
  Ni  1.486375000000001  4.725506230322049  9.4510124606441  0 0 0
  Co  1.486375000000002  11.02618120408478  9.451012460644098  0 0 0
  Co  4.459125000000001  4.725506230322049  9.4510124606441  0 0 0
  Cr  4.459125000000002  11.02618120408478  9.4510124606441  0 0 0
  Ni  0.019425077263855  4.697903994050194  12.649769162613145  1 1 1
  Cr  0.0658099115949254  11.031243304148804  12.668934294550072  1 1 1
  Fe  2.9926055187080802  4.742798282426961  12.657703592080681  1 1 1
  Co  3.0027295151934563  11.022794019479287  12.729654250973944  1 1 1
  Co  1.4325712235113741  1.605256506668425  12.664752040528791  1 1 1
  Ni  1.5061694519503  7.83208125836801  12.652378528674417  1 1 1
  Fe  4.455845341151227  1.602739265688284  12.586362115886343  1 1 1
  Ni  4.433102462142156  7.854126293528343  12.661570399188872  1 1 1
  Cr  0.00930609055990241  1.623122473516432  16.509457631097547  1 1 1
  Ni  0.0072287382126584  7.848504571291739  15.827232036202666  1 1 1
  Co  2.9607530392245556  1.6283890519064526  15.688465670772237  1 1 1
  Fe  2.9828070324413063  7.867094991411885  15.796420917384875  1 1 1
  Fe  1.4618858600433484  4.797217055196475  15.866827679128695  1 1 1
  Fe  1.469917643871401  10.987860365997545  15.964353407656176  1 1 1
  Co  4.481580585182948  4.747371283155087  15.924438828121824  1 1 1
  Fe  4.479242536751904  10.979651745888129  15.951551646287326  1 1 1
  O  7.599193600168949e-16  4.72550623032205  10.679644080527831  0 0 0
  O  1.7731451733727548e-15  11.026181204084782  10.679644080527831  0 0 0
  O  2.9727500000000013  4.72550623032205  10.679644080527831  0 0 0
  O  2.972750000000002  11.026181204084782  10.67964408052783  0 0 0
  O  7.59919360016895e-16  4.7255062303220505  8.222380840760364  0 0 0
  O  1.7731451733727548e-15  11.026181204084782  8.222380840760364  0 0 0
  O  2.9727500000000013  4.7255062303220505  8.222380840760364  0 0 0
  O  2.972750000000002  11.026181204084782  8.222380840760362  0 0 0
  O  1.4863750000000002  0.34653712355695127  9.4510124606441  0 0 0
  O  1.4863750000000013  6.647212097319683  9.4510124606441  0 0 0
  O  4.459125  0.34653712355695127  9.4510124606441  0 0 0
  O  4.459125000000001  6.647212097319683  9.4510124606441  0 0 0
  O  1.4863750000000007  2.803800363324416  9.4510124606441  0 0 0
  O  1.4863750000000022  9.104475337087148  9.4510124606441  0 0 0
  O  4.459125000000001  2.803800363324416  9.4510124606441  0 0 0
  O  4.459125000000002  9.104475337087148  9.451012460644098  0 0 0
  O  0.05391619958203029  1.5800671825471162  13.751996447719812  1 1 1
  O  0.00960587702514797  7.890544691601653  13.831617871307655  1 1 1
  O  2.9836484790248723  1.5788832386750165  13.946644460239593  1 1 1
  O  2.9665680549508173  7.792560728018871  13.873554632471304  1 1 1
  O  2.53306453338965e-16  1.575168743440683  11.37271832764173  0 0 0
  O  1.266532266694825e-15  7.875843717203415  11.37271832764173  0 0 0
  O  2.972750000000001  1.575168743440683  11.37271832764173  0 0 0
  O  2.9727500000000013  7.875843717203415  11.37271832764173  0 0 0
  O  1.5323758736164173  3.4437310821533136  12.668014594284967  1 1 1
  O  1.4341768766490863  9.863454081541061  12.647935322935863  1 1 1
  O  4.4322756010127575  3.5044455834582715  12.66341086770638  1 1 1
  O  4.434510639250015  9.867998829462405  12.662363401367665  1 1 1
  O  1.5407076835898907  5.891117119488868  12.657851195738326  1 1 1
  O  1.4963999073048835  12.282257445934857  12.631857138014722  1 1 1
  O  4.439666637473104  5.925640213793968  12.615089210410948  1 1 1
  O  4.505008901261034  12.229383896416044  12.649625560653833  1 1 1
  O  -0.0683880308831906  4.669251580087841  17.029807915744776  1 1 1
  O  0.0019900871771949226  11.128575574684016  17.111283100559557  1 1 1
  O  3.0586549124242484  4.69535376542028  16.963283427793026  1 1 1
  O  2.975039260045523  11.09096384449402  17.054090930517788  1 1 1
  O  -0.00234447691236916  4.7894908804194  14.65903170778871  1 1 1
  O  0.012302139784779892  11.021874266826885  14.650685981126223  1 1 1
  O  2.973747661094733  4.760003566168668  14.60919729311708  1 1 1
  O  2.9812181456071594  11.023958378571297  14.562087217720743  1 1 1
  O  1.4511839989628021  0.4990051531211271  16.025171222834775  1 1 1
  O  1.490310562356933  6.679369319501348  16.142996158816317  1 1 1
  O  4.511286605456634  0.5391803933324284  16.008190777916738  1 1 1
  O  4.47368869554783  6.628464627695291  16.092380065289507  1 1 1
  O  1.4732983755825229  2.7748302594823313  16.042205591588477  1 1 1
  O  1.4818755847938394  9.053898684650031  16.08267693969975  1 1 1
  O  4.488102315400492  2.7951552344180164  15.999130406197901  1 1 1
  O  4.473869770586161  9.019482295501446  16.09984759070213  1 1 1
  O  0.007570618852839278  1.636091512174126  18.09886552376393  1 1 1
K_POINTS automatic
  4 2 1 0 0 0
HUBBARD (ortho-atomic)
U Co-3d 3.3200
U Cr-3d 3.7000
U Fe-3d 5.3000
U Ni-3d 6.2000
