&CONTROL
  calculation = 'scf'
  prefix = 'OH__ortho'
  outdir = './tmp'
  pseudo_dir = '/usr/share/espresso/pseudo'
  tprnfor = .true.
  forc_conv_thr = 2.0d-3
  nstep = 200
  max_seconds = 165000
/
&SYSTEM
  ibrav = 0
  nat = 74
  ntyp = 6
  ecutwfc = 80.0
  ecutrho = 640.0
  occupations = 'smearing'
  smearing = 'mv'
  degauss = 0.01
  nosym = .true.
  noinv = .true.
  nspin = 2
  starting_magnetization(1) = 0.4
  starting_magnetization(2) = 0.6
  starting_magnetization(3) = 0.5
  starting_magnetization(4) = 0.3
  starting_magnetization(5) = 0.0
  starting_magnetization(6) = 0.0
/
&ELECTRONS
  conv_thr = 1.0d-6
  mixing_mode = 'local-TF'
  mixing_beta = 0.3
  electron_maxstep = 300
/
&IONS
  ion_dynamics = 'bfgs'
/
ATOMIC_SPECIES
  Co  58.933  Co_pbe_v1.2.uspp.F.UPF
  Cr  51.996  cr_pbe_v1.5.uspp.F.UPF
  Fe  55.845  Fe.pbe-spn-kjpaw_psl.0.2.1.UPF
  Ni  58.693  ni_pbe_v1.4.uspp.F.UPF
  O  15.999  O.pbe-n-kjpaw_psl.0.1.UPF
  H  1.008  H.pbe-rrkjus_psl.1.0.0.UPF
CELL_PARAMETERS angstrom
  5.9455  0.0  3.640568772165294e-16
  2.0264516267117194e-15  12.601349947525463  7.716101439086363e-16
  0.0  0.0  25.20269989505093
ATOMIC_POSITIONS angstrom
  Cr  2.5330645333896493e-16  1.575168743440683  9.4510124606441  0 0 0
  Cr  1.266532266694825e-15  7.875843717203415  9.4510124606441  0 0 0
  Cr  2.972750000000001  1.575168743440683  9.4510124606441  0 0 0
  Ni  2.9727500000000013  7.875843717203415  9.4510124606441  0 0 0
  Ni  1.486375000000001  4.725506230322049  9.4510124606441  0 0 0
  Co  1.486375000000002  11.02618120408478  9.451012460644098  0 0 0
  Co  4.459125000000001  4.725506230322049  9.4510124606441  0 0 0
  Cr  4.459125000000002  11.02618120408478  9.4510124606441  0 0 0
  Ni  0.028994006084253527  4.723851948014664  12.635920208713769  1 1 1
  Cr  0.0500941945813356  11.05365336000333  12.663062925270953  1 1 1
  Fe  3.008081055699316  4.779317828236189  12.640034988288482  1 1 1
  Co  2.9971319299266654  11.024624550695107  12.70206290645343  1 1 1
  Co  1.4680766431544863  1.6280942006348256  12.673884234274404  1 1 1
  Ni  1.5132191353272324  7.851186537063704  12.64536108814866  1 1 1
  Fe  4.476391185823889  1.6328911270922666  12.615340762552554  1 1 1
  Ni  4.44400331077131  7.878129572154907  12.658014726671789  1 1 1
  Cr  0.008363888448109983  1.7431402724032006  15.956307218154269  1 1 1
  Ni  0.02884674244696253  7.909315472388499  15.826075661409408  1 1 1
  Co  2.9708242212233453  1.6802972683627415  15.657905439964722  1 1 1
  Fe  3.002250437962169  7.925386841078106  15.792514390894164  1 1 1
  Fe  1.495217404374239  4.884483321291462  15.849053167421353  1 1 1
  Fe  1.49151766436226  11.022100485147222  15.940642816730236  1 1 1
  Co  4.48592296993083  4.838168902102755  15.900125128883905  1 1 1
  Fe  4.4865729265266605  11.009514373753792  15.944830360871968  1 1 1
  O  7.599193600168949e-16  4.72550623032205  10.679644080527831  0 0 0
  O  1.7731451733727548e-15  11.026181204084782  10.679644080527831  0 0 0
  O  2.9727500000000013  4.72550623032205  10.679644080527831  0 0 0
  O  2.972750000000002  11.026181204084782  10.67964408052783  0 0 0
  O  7.59919360016895e-16  4.7255062303220505  8.222380840760364  0 0 0
  O  1.7731451733727548e-15  11.026181204084782  8.222380840760364  0 0 0
  O  2.9727500000000013  4.7255062303220505  8.222380840760364  0 0 0
  O  2.972750000000002  11.026181204084782  8.222380840760362  0 0 0
  O  1.4863750000000002  0.34653712355695127  9.4510124606441  0 0 0
  O  1.4863750000000013  6.647212097319683  9.4510124606441  0 0 0
  O  4.459125  0.34653712355695127  9.4510124606441  0 0 0
  O  4.459125000000001  6.647212097319683  9.4510124606441  0 0 0
  O  1.4863750000000007  2.803800363324416  9.4510124606441  0 0 0
  O  1.4863750000000022  9.104475337087148  9.4510124606441  0 0 0
  O  4.459125000000001  2.803800363324416  9.4510124606441  0 0 0
  O  4.459125000000002  9.104475337087148  9.451012460644098  0 0 0
  O  0.006723311710831096  1.6115257494734507  13.962156812233728  1 1 1
  O  0.026347696687928576  7.921757286803439  13.822853164534106  1 1 1
  O  3.008951891532686  1.6377248862177305  13.890295229391366  1 1 1
  O  2.9771134700241633  7.82875377058111  13.869113910025744  1 1 1
  O  2.53306453338965e-16  1.575168743440683  11.37271832764173  0 0 0
  O  1.266532266694825e-15  7.875843717203415  11.37271832764173  0 0 0
  O  2.972750000000001  1.575168743440683  11.37271832764173  0 0 0
  O  2.9727500000000013  7.875843717203415  11.37271832764173  0 0 0
  O  1.5369065947978409  3.4380826608098  12.68414119251439  1 1 1
  O  1.4335166911843849  9.887051025629962  12.623817316447306  1 1 1
  O  4.451525633466829  3.5400691105437283  12.660139209468719  1 1 1
  O  4.449310092587092  9.874598446618162  12.646997378147017  1 1 1
  O  1.5423773935948144  5.9046540210378655  12.619552826182591  1 1 1
  O  1.4867588863628567  12.317622128034007  12.648560256902119  1 1 1
  O  4.4553630237607065  5.96277610650347  12.580890009846508  1 1 1
  O  4.531974305268442  12.242996826854665  12.651237334802046  1 1 1
  O  -0.04550566345864565  4.702824161959833  16.983832745057075  1 1 1
  O  0.023832823732752598  11.327870503996634  17.098957551934923  1 1 1
  O  3.0656358352063844  4.7813987657780155  16.954124824724396  1 1 1
  O  2.9809465460640205  11.106029005016373  17.048896298775148  1 1 1
  O  0.03644495642513458  4.8392570944037425  14.636907310459163  1 1 1
  O  0.023554766256389224  11.047858981020042  14.645884782977173  1 1 1
  O  2.9855002970622317  4.8824047258438  14.571288490698162  1 1 1
  O  2.99187038343288  10.986221186229328  14.512743275395996  1 1 1
  O  1.5995555931390986  0.5136300865081296  15.793716680525193  1 1 1
  O  1.496492920127812  6.745570820954305  16.140394326607172  1 1 1
  O  4.379620808767701  0.5477525605830029  15.830478781383976  1 1 1
  O  4.511938294167377  6.685035985495043  16.083077243629102  1 1 1
  O  1.5813091404457347  2.8636532337640466  15.935357105861392  1 1 1
  O  1.4829774970099083  9.104435195984673  16.091372300983558  1 1 1
  O  4.421458605364496  2.8996955627224676  15.888304100160592  1 1 1
  O  4.504695248915218  9.068499835060136  16.11619324132383  1 1 1
  O  0.051484863251792086  1.3680271680112284  17.72500369172793  1 1 1
  H  0.022942834197915093  0.3682628817479025  17.76561682950373  1 1 1
K_POINTS automatic
  4 2 1 0 0 0
HUBBARD (ortho-atomic)
U Co-3d 3.3200
U Cr-3d 3.7000
U Fe-3d 5.3000
U Ni-3d 6.2000
