&CONTROL
  calculation = 'scf'
  prefix = 'slab__ortho'
  outdir = './tmp'
  pseudo_dir = '/usr/share/espresso/pseudo'
  tprnfor = .true.
  forc_conv_thr = 2.0d-3
  nstep = 200
  max_seconds = 165000
/
&SYSTEM
  ibrav = 0
  nat = 72
  ntyp = 5
  ecutwfc = 80.0
  ecutrho = 640.0
  occupations = 'smearing'
  smearing = 'mv'
  degauss = 0.01
  nosym = .true.
  noinv = .true.
  nspin = 2
  starting_magnetization(1) = 0.4
  starting_magnetization(2) = 0.6
  starting_magnetization(3) = 0.5
  starting_magnetization(4) = 0.3
  starting_magnetization(5) = 0.0
/
&ELECTRONS
  conv_thr = 1.0d-6
  mixing_mode = 'local-TF'
  mixing_beta = 0.3
  electron_maxstep = 300
/
&IONS
  ion_dynamics = 'bfgs'
/
ATOMIC_SPECIES
  Co  58.933  Co_pbe_v1.2.uspp.F.UPF
  Cr  51.996  cr_pbe_v1.5.uspp.F.UPF
  Fe  55.845  Fe.pbe-spn-kjpaw_psl.0.2.1.UPF
  Ni  58.693  ni_pbe_v1.4.uspp.F.UPF
  O  15.999  O.pbe-n-kjpaw_psl.0.1.UPF
CELL_PARAMETERS angstrom
  5.9455  0.0  3.640568772165294e-16
  2.0264516267117194e-15  12.601349947525463  7.716101439086363e-16
  0.0  0.0  25.20269989505093
ATOMIC_POSITIONS angstrom
  Cr  2.5330645333896493e-16  1.575168743440683  9.4510124606441  0 0 0
  Cr  1.266532266694825e-15  7.875843717203415  9.4510124606441  0 0 0
  Cr  2.972750000000001  1.575168743440683  9.4510124606441  0 0 0
  Ni  2.9727500000000013  7.875843717203415  9.4510124606441  0 0 0
  Ni  1.486375000000001  4.725506230322049  9.4510124606441  0 0 0
  Co  1.486375000000002  11.02618120408478  9.451012460644098  0 0 0
  Co  4.459125000000001  4.725506230322049  9.4510124606441  0 0 0
  Cr  4.459125000000002  11.02618120408478  9.4510124606441  0 0 0
  Ni  0.02920972260441469  4.706011235897511  12.641119387324641  1 1 1
  Cr  0.03901505519059965  11.033139037766384  12.674240022912004  1 1 1
  Fe  3.009356560994943  4.7504079215406545  12.647858120929138  1 1 1
  Co  2.997216105785103  11.008363514329345  12.71455055722915  1 1 1
  Co  1.5438320860919876  1.5971342358326337  12.61843877262787  1 1 1
  Ni  1.5051322885881933  7.830777746968113  12.645099309157535  1 1 1
  Fe  4.437304889095701  1.6091675074874014  12.603037883106648  1 1 1
  Ni  4.432947802627923  7.858636724110985  12.655950327029139  1 1 1
  Cr  0.018548086415230966  1.607129834218614  15.710535075935208  1 1 1
  Ni  0.003768546376851917  7.841108089791765  15.80760829457071  1 1 1
  Co  2.9593733113471314  1.6401918083606328  15.748381645182208  1 1 1
  Fe  2.9825236496865988  7.855220093507109  15.776751857163456  1 1 1
  Fe  1.4606317855446045  4.8110704454955835  15.875208758235217  1 1 1
  Fe  1.4810533907122434  10.96232125696112  15.959257771311128  1 1 1
  Co  4.460501250949345  4.75369697416981  15.915671365160144  1 1 1
  Fe  4.473532032986996  10.956017006862295  15.962686039782662  1 1 1
  O  7.599193600168949e-16  4.72550623032205  10.679644080527831  0 0 0
  O  1.7731451733727548e-15  11.026181204084782  10.679644080527831  0 0 0
  O  2.9727500000000013  4.72550623032205  10.679644080527831  0 0 0
  O  2.972750000000002  11.026181204084782  10.67964408052783  0 0 0
  O  7.59919360016895e-16  4.7255062303220505  8.222380840760364  0 0 0
  O  1.7731451733727548e-15  11.026181204084782  8.222380840760364  0 0 0
  O  2.9727500000000013  4.7255062303220505  8.222380840760364  0 0 0
  O  2.972750000000002  11.026181204084782  8.222380840760362  0 0 0
  O  1.4863750000000002  0.34653712355695127  9.4510124606441  0 0 0
  O  1.4863750000000013  6.647212097319683  9.4510124606441  0 0 0
  O  4.459125  0.34653712355695127  9.4510124606441  0 0 0
  O  4.459125000000001  6.647212097319683  9.4510124606441  0 0 0
  O  1.4863750000000007  2.803800363324416  9.4510124606441  0 0 0
  O  1.4863750000000022  9.104475337087148  9.4510124606441  0 0 0
  O  4.459125000000001  2.803800363324416  9.4510124606441  0 0 0
  O  4.459125000000002  9.104475337087148  9.451012460644098  0 0 0
  O  0.0010869738698850333  1.5903186111972674  13.985186203976209  1 1 1
  O  0.010178957480617692  7.8761944073006305  13.82190682168925  1 1 1
  O  3.005769233905193  1.5729566638631218  13.947398434859219  1 1 1
  O  2.9605363102627447  7.799312727469507  13.858386231095071  1 1 1
  O  2.53306453338965e-16  1.575168743440683  11.37271832764173  0 0 0
  O  1.266532266694825e-15  7.875843717203415  11.37271832764173  0 0 0
  O  2.972750000000001  1.575168743440683  11.37271832764173  0 0 0
  O  2.9727500000000013  7.875843717203415  11.37271832764173  0 0 0
  O  1.5473666873088605  3.4025976123734147  12.674039627643548  1 1 1
  O  1.4116524055025934  9.87248679398735  12.63710696614151  1 1 1
  O  4.4549828709247095  3.5160199320324317  12.666440509648401  1 1 1
  O  4.446586765077844  9.851096254683378  12.655064965785943  1 1 1
  O  1.5465794026181816  5.877633272836498  12.649783051005365  1 1 1
  O  1.4982311759249618  12.311872397708473  12.640918088310835  1 1 1
  O  4.439005797007723  5.941941575815141  12.606169514477468  1 1 1
  O  4.552876818147303  12.232237783539931  12.64922265868712  1 1 1
  O  -0.08748865964227193  4.731383983728999  17.014382137955266  1 1 1
  O  0.015085012876495578  11.029196431540194  17.114115731282777  1 1 1
  O  3.0324541213233602  4.704479204432599  16.97152234613234  1 1 1
  O  2.969923390842059  11.071289430988275  17.054923080640677  1 1 1
  O  0.0277939584991338  4.735117688936841  14.643743903779969  1 1 1
  O  0.015228157941966868  11.049883044798056  14.65290367966996  1 1 1
  O  2.969430828435864  4.776557759734672  14.60109358342216  1 1 1
  O  2.9861011832352773  11.001428215777299  14.541876766446416  1 1 1
  O  1.4639112216169858  0.4558341505074802  16.03873950595303  1 1 1
  O  1.4893572985033332  6.6836241248635595  16.123622244518998  1 1 1
  O  4.528524347767658  0.5213752554855569  16.086989855978047  1 1 1
  O  4.463014469815517  6.617643830926337  16.06858231558673  1 1 1
  O  1.439919191888939  2.7805152069493837  16.10115455432021  1 1 1
  O  1.4912040159211484  9.040554410174664  16.05898159317239  1 1 1
  O  4.464736194362576  2.840637905047322  15.990943692074216  1 1 1
  O  4.464952105632707  8.998928268813584  16.084789776515663  1 1 1
K_POINTS automatic
  4 2 1 0 0 0
HUBBARD (ortho-atomic)
U Co-3d 3.3200
U Cr-3d 3.7000
U Fe-3d 5.3000
U Ni-3d 6.2000
