&CONTROL
  calculation = 'scf'
  prefix = 'OOH__atomic_seeded'
  outdir = './tmp'
  pseudo_dir = '/usr/share/espresso/pseudo'
  tprnfor = .true.
  forc_conv_thr = 2.0d-3
  nstep = 200
  max_seconds = 165000
/
&SYSTEM
  ibrav = 0
  nat = 75
  ntyp = 6
  ecutwfc = 80.0
  ecutrho = 640.0
  occupations = 'smearing'
  smearing = 'mv'
  degauss = 0.01
  nosym = .true.
  noinv = .true.
  nspin = 2
  starting_magnetization(1) = 0.4
  starting_magnetization(2) = 0.6
  starting_magnetization(3) = 0.2
  starting_magnetization(4) = 0.5
  starting_magnetization(5) = 0.0
  starting_magnetization(6) = 0.0
/
&ELECTRONS
  conv_thr = 1.0d-6
  mixing_mode = 'local-TF'
  mixing_beta = 0.3
  electron_maxstep = 300
  startingpot = 'file'
/
&IONS
  ion_dynamics = 'bfgs'
/
ATOMIC_SPECIES
  Co  58.933  Co_pbe_v1.2.uspp.F.UPF
  Cr  51.996  cr_pbe_v1.5.uspp.F.UPF
  Cu  63.546  Cu.paw.z_11.ld1.psl.v1.0.0-low.upf
  Mn  54.938  mn_pbe_v1.5.uspp.F.UPF
  O  15.999  O.pbe-n-kjpaw_psl.0.1.UPF
  H  1.008  H.pbe-rrkjus_psl.1.0.0.UPF
CELL_PARAMETERS angstrom
  5.868293765917553  0.0  3.593293588443649e-16
  2.016042504137234e-15  12.536621535320224  7.676466717675844e-16
  0.0  0.0  25.073243070640455
ATOMIC_POSITIONS angstrom
  Mn  2.5200531301715427e-16  1.5670776919150278  9.402466151490172  0 0 0
  Mn  1.2600265650857714e-15  7.835388459575139  9.402466151490172  0 0 0
  Cr  2.9341468829587773  1.5670776919150278  9.402466151490172  0 0 0
  Mn  2.934146882958778  7.835388459575139  9.402466151490172  0 0 0
  Cr  1.4670734414793891  4.701233075745084  9.40246615149017  0 0 0
  Co  1.4670734414793902  10.969543843405196  9.402466151490168  0 0 0
  Cu  4.4012203244381665  4.701233075745084  9.40246615149017  0 0 0
  Mn  4.4012203244381665  10.969543843405196  9.40246615149017  0 0 0
  Cr  -0.01108727157525864  4.70037890607007  12.626473667344106  1 1 1
  Cu  -0.014049412080010674  10.97808705952583  12.587167262596504  1 1 1
  Cr  2.9423808965449743  4.686950362172581  12.627080465123644  1 1 1
  Co  2.910115086095501  10.96221633582588  12.761681248796918  1 1 1
  Co  1.48442812848997  1.5116176529039649  12.552217296191074  1 1 1
  Mn  1.4712418611015519  7.852274125658732  12.562225480918396  1 1 1
  Co  4.394076409858836  1.5243941930203995  12.553477378925116  1 1 1
  Co  4.391473696626577  7.895255713070297  12.574921303576843  1 1 1
  Co  0.027967034622727843  1.6132467392676566  15.644912369758321  1 1 1
  Mn  0.018572338123116754  7.825300143232603  15.82475472437536  1 1 1
  Cr  2.9444132976597897  1.5955035641664075  15.751479169719076  1 1 1
  Mn  2.9581072072608867  7.834100044577159  15.854747926206928  1 1 1
  Co  1.4670247775805259  4.724943938704231  15.846318994352758  1 1 1
  Mn  1.517546877830822  10.96202815286371  15.890799045749382  1 1 1
  Co  4.420956652907025  4.721383541971915  15.85093324841626  1 1 1
  Cr  4.565471694480925  10.997658533196999  16.131992501975986  1 1 1
  O  7.560159390514627e-16  4.701233075745084  10.624786751183894  0 0 0
  O  1.7640371911200798e-15  10.969543843405196  10.624786751183894  0 0 0
  O  2.934146882958778  4.701233075745084  10.624786751183894  0 0 0
  O  2.9341468829587782  10.969543843405196  10.624786751183894  0 0 0
  O  7.560159390514627e-16  4.701233075745084  8.180145551796448  0 0 0
  O  1.7640371911200798e-15  10.969543843405196  8.180145551796448  0 0 0
  O  2.934146882958778  4.701233075745084  8.180145551796448  0 0 0
  O  2.9341468829587782  10.969543843405196  8.180145551796446  0 0 0
  O  1.4670734414793885  0.3447570922213058  9.402466151490172  0 0 0
  O  1.4670734414793896  6.613067859881418  9.402466151490172  0 0 0
  O  4.401220324438165  0.3447570922213058  9.402466151490172  0 0 0
  O  4.401220324438166  6.613067859881418  9.402466151490172  0 0 0
  O  1.467073441479389  2.789398291608749  9.40246615149017  0 0 0
  O  1.4670734414793904  9.057709059268861  9.40246615149017  0 0 0
  O  4.4012203244381665  2.789398291608749  9.40246615149017  0 0 0
  O  4.401220324438167  9.057709059268861  9.402466151490168  0 0 0
  O  0.009188599877808387  1.582108956609982  13.712878713683407  1 1 1
  O  -0.01053844009161535  7.820826824208755  13.75839779152511  1 1 1
  O  2.9454442903660127  1.5926559379367324  13.926842344518281  1 1 1
  O  2.9495893573462624  7.8067420379447645  13.757807661830798  1 1 1
  O  2.5200531301715427e-16  1.5670776919150278  11.314300935626504  0 0 0
  O  1.2600265650857714e-15  7.835388459575139  11.314300935626504  0 0 0
  O  2.9341468829587773  1.5670776919150278  11.314300935626504  0 0 0
  O  2.934146882958778  7.835388459575139  11.314300935626504  0 0 0
  O  1.4904854678064208  3.422692092365615  12.555219393890388  1 1 1
  O  1.4916283779412658  9.795678537129174  12.601329752571393  1 1 1
  O  4.388759969309408  3.40037988116703  12.573664918364308  1 1 1
  O  4.390608612831431  9.679934835980209  12.617268882996777  1 1 1
  O  1.4684686592128724  5.909254915969299  12.574426524958227  1 1 1
  O  1.4779212197221163  12.275927871352781  12.620334610649353  1 1 1
  O  4.3979536245692525  5.934988150719404  12.563205507643175  1 1 1
  O  4.379221225397099  12.240171842578086  12.65108160619833  1 1 1
  O  0.020147343673525733  4.695442013384185  16.90007204678765  1 1 1
  O  -0.026480982960677153  11.054953124497226  17.23097101204216  1 1 1
  O  2.95126311157174  4.602772453822304  16.892557367467475  1 1 1
  O  3.0958342044774954  11.08620227880397  17.063597919774278  1 1 1
  O  0.010759980043464016  4.732774168356664  14.435921944332609  1 1 1
  O  -0.06815359243532255  10.944016042430952  14.766347038925508  1 1 1
  O  2.934756749710108  4.711115831330009  14.487510972597656  1 1 1
  O  2.9678059622632627  10.959963123607803  14.590204819120054  1 1 1
  O  1.4057465365819373  0.3911495730971293  15.953502351956352  1 1 1
  O  1.4936448548935437  6.569107254826739  16.00440230838833  1 1 1
  O  4.514803566801996  0.42579972984311465  15.878208613318227  1 1 1
  O  4.41476983382638  6.560333696314599  16.03337976292133  1 1 1
  O  1.3934353412107754  2.8275078434997973  15.81733981318846  1 1 1
  O  1.4816835106940665  9.05396367897074  16.10880172665937  1 1 1
  O  4.4804009376501055  2.859517156418597  15.802422289078072  1 1 1
  O  4.4363258947132795  9.085495448868302  16.088235095065315  1 1 1
  O  2.9086230260755968  1.7084171463188411  17.7384100451646  1 1 1
  O  4.16245639423455  1.5272132326842645  18.279989615607732  1 1 1
  H  3.979029038087752  1.6117602118821375  19.248336776804873  1 1 1
K_POINTS automatic
  4 2 1 0 0 0
HUBBARD (atomic)
U Co-3d 3.3200
U Cr-3d 3.7000
U Mn-3d 3.9000
