&CONTROL
  calculation = 'scf'
  prefix = 'OOH__atomic'
  outdir = './tmp'
  pseudo_dir = '/usr/share/espresso/pseudo'
  tprnfor = .true.
  forc_conv_thr = 2.0d-3
  nstep = 200
  max_seconds = 165000
/
&SYSTEM
  ibrav = 0
  nat = 75
  ntyp = 6
  ecutwfc = 80.0
  ecutrho = 640.0
  occupations = 'smearing'
  smearing = 'mv'
  degauss = 0.01
  nosym = .true.
  noinv = .true.
  nspin = 2
  starting_magnetization(1) = 0.4
  starting_magnetization(2) = 0.6
  starting_magnetization(3) = 0.2
  starting_magnetization(4) = 0.3
  starting_magnetization(5) = 0.0
  starting_magnetization(6) = 0.0
/
&ELECTRONS
  conv_thr = 1.0d-6
  mixing_mode = 'local-TF'
  mixing_beta = 0.3
  electron_maxstep = 300
/
&IONS
  ion_dynamics = 'bfgs'
/
ATOMIC_SPECIES
  Co  58.933  Co_pbe_v1.2.uspp.F.UPF
  Cr  51.996  cr_pbe_v1.5.uspp.F.UPF
  Cu  63.546  Cu.paw.z_11.ld1.psl.v1.0.0-low.upf
  Ni  58.693  ni_pbe_v1.4.uspp.F.UPF
  O  15.999  O.pbe-n-kjpaw_psl.0.1.UPF
  H  1.008  H.pbe-rrkjus_psl.1.0.0.UPF
CELL_PARAMETERS angstrom
  5.937647166200523  0.0  3.6357602982769114e-16
  2.0233485575117938e-15  12.582053725309144  7.704285910699937e-16
  0.0  0.0  25.164107450618296
ATOMIC_POSITIONS angstrom
  Cu  2.5291856968897417e-16  1.5727567156636428  9.43654029398186  0 0 0
  Co  1.2645928484448713e-15  7.863783578318215  9.43654029398186  0 0 0
  Ni  2.9688235831002623  1.5727567156636428  9.43654029398186  0 0 0
  Co  2.9688235831002627  7.863783578318215  9.43654029398186  0 0 0
  Co  1.4844117915501316  4.718270146990929  9.43654029398186  0 0 0
  Co  1.4844117915501327  11.0092970096455  9.43654029398186  0 0 0
  Co  4.453235374650393  4.718270146990929  9.43654029398186  0 0 0
  Cr  4.453235374650394  11.0092970096455  9.436540293981862  0 0 0
  Co  -0.012080963650488743  4.7767586943197555  12.665628424853587  1 1 1
  Cr  0.0090776684789068  11.02362822200876  12.732051612856479  1 1 1
  Cu  2.9716405218447006  4.733266183908426  12.590153941068811  1 1 1
  Cr  2.9765387251284117  11.014661772772428  12.631514171550142  1 1 1
  Cr  1.434062575051212  1.6222954535427314  12.467053589722976  1 1 1
  Cu  1.4654469076539254  7.84179446362787  12.561711253679587  1 1 1
  Cu  4.487279642836459  1.6200674923658875  12.590994570349816  1 1 1
  Cu  4.498082679975233  7.8516775489300485  12.563282905710938  1 1 1
  Cr  0.02785462197893044  1.584179681245261  15.836740361943441  1 1 1
  Cu  0.025197246366405145  7.892725685552638  15.922926011531578  1 1 1
  Cr  2.9786683067155537  1.627535917697212  15.537747756264999  1 1 1
  Cr  3.024957746047579  7.902752334908359  15.641558516194534  1 1 1
  Co  1.5233718592550467  4.826501708738568  15.826389034025349  1 1 1
  Cr  1.584171093009724  11.022931301394006  16.038147666734275  1 1 1
  Ni  4.433326725414716  4.792728241136051  15.729207837676782  1 1 1
  Co  4.4496772728142275  11.021369038236575  15.917280203436308  1 1 1
  O  7.587557090669226e-16  4.718270146990929  10.663290532199504  0 0 0
  O  1.7704299878228195e-15  11.0092970096455  10.663290532199504  0 0 0
  O  2.9688235831002623  4.718270146990929  10.663290532199504  0 0 0
  O  2.968823583100263  11.0092970096455  10.663290532199504  0 0 0
  O  7.587557090669229e-16  4.718270146990931  8.209790055764218  0 0 0
  O  1.7704299878228197e-15  11.009297009645502  8.209790055764218  0 0 0
  O  2.9688235831002623  4.718270146990931  8.209790055764218  0 0 0
  O  2.968823583100263  11.009297009645502  8.209790055764218  0 0 0
  O  1.484411791550131  0.3460064774460025  9.43654029398186  0 0 0
  O  1.484411791550132  6.637033340100575  9.43654029398186  0 0 0
  O  4.453235374650392  0.3460064774460025  9.43654029398186  0 0 0
  O  4.453235374650393  6.637033340100575  9.43654029398186  0 0 0
  O  1.4844117915501314  2.7995069538812856  9.43654029398186  0 0 0
  O  1.4844117915501325  9.090533816535856  9.43654029398186  0 0 0
  O  4.453235374650393  2.7995069538812856  9.43654029398186  0 0 0
  O  4.453235374650394  9.090533816535856  9.43654029398186  0 0 0
  O  0.04421885787379652  1.5476685756724744  13.97023725991375  1 1 1
  O  0.027060551757616756  7.853507279075132  13.823210992419604  1 1 1
  O  2.963423812554548  1.5417594642237655  13.850730620153538  1 1 1
  O  2.999587543057937  7.87934196122328  13.959316027458136  1 1 1
  O  2.529185696889745e-16  1.5727567156636444  11.355303487091508  0 0 0
  O  1.2645928484448713e-15  7.863783578318215  11.355303487091508  0 0 0
  O  2.9688235831002623  1.5727567156636444  11.355303487091508  0 0 0
  O  2.9688235831002627  7.863783578318215  11.355303487091508  0 0 0
  O  1.4473631179846946  3.4066209980751605  12.646386533300845  1 1 1
  O  1.5021346958975617  9.8311233793677  12.583303659680045  1 1 1
  O  4.520305428156798  3.543859302044209  12.559605008419725  1 1 1
  O  4.4560334593916515  9.82964357109105  12.676243495226643  1 1 1
  O  1.431542935781808  5.911585317408901  12.570628337822969  1 1 1
  O  1.485196842700421  12.32121793127012  12.587179726851954  1 1 1
  O  4.516800501698201  5.929526159409476  12.552669378244724  1 1 1
  O  4.458338842401125  12.223393968593737  12.647599463050108  1 1 1
  O  0.1241547760568867  4.723491510009805  16.865093151246693  1 1 1
  O  0.10698233222059367  11.049009234531773  16.958970524870505  1 1 1
  O  2.8837857666836966  4.834996936322516  16.92466475291457  1 1 1
  O  2.941135762191032  11.02376333850465  17.105521626889374  1 1 1
  O  0.009725022811305023  4.793829822968675  14.459931085910558  1 1 1
  O  0.11964374535446365  11.029559727740311  14.516528668600989  1 1 1
  O  2.9222772792372953  4.885388579947596  14.531373130209367  1 1 1
  O  2.8590402370737684  11.019442720754238  14.601740079593487  1 1 1
  O  1.6167694250699227  0.4230510802216292  16.038379264242003  1 1 1
  O  1.5361722322995957  6.672918942863597  15.998319277120618  1 1 1
  O  4.394123740060227  0.2860509984077168  15.919060880980917  1 1 1
  O  4.392497453622844  6.79245332297232  16.125008379893295  1 1 1
  O  1.5897565262171536  2.836639179249581  15.850660226111062  1 1 1
  O  1.5907083693201942  9.026406739969735  16.105494855535518  1 1 1
  O  4.292629323753491  2.7438543173282186  15.938298346869344  1 1 1
  O  4.464229898745943  9.185867690536584  16.02880512713041  1 1 1
  O  -0.14443274030345557  1.6839589155534676  17.77100434310288  1 1 1
  O  1.0310720276542975  2.0535674389088365  18.423286616818856  1 1 1
  H  1.0205216246121376  1.478238770462057  19.226513031293265  1 1 1
K_POINTS automatic
  4 2 1 0 0 0
HUBBARD (atomic)
U Co-3d 3.3200
U Cr-3d 3.7000
U Ni-3d 6.2000
