&CONTROL
  calculation = 'relax'
  prefix = 'lt__Cu8Cr23Mn35Co34__s16_site2__O_recon__atomic'
  outdir = './tmp'
  pseudo_dir = '/usr/share/espresso/pseudo'
  tprnfor = .true.
  forc_conv_thr = 2.0d-3
  nstep = 200
  max_seconds = 165000
/
&SYSTEM
  ibrav = 0
  nat = 73
  ntyp = 5
  ecutwfc = 80.0
  ecutrho = 640.0
  occupations = 'smearing'
  smearing = 'mv'
  degauss = 0.01
  nosym = .true.
  noinv = .true.
  nspin = 2
  starting_magnetization(1) = 0.4
  starting_magnetization(2) = 0.6
  starting_magnetization(3) = 0.2
  starting_magnetization(4) = 0.5
  starting_magnetization(5) = 0.0
/
&ELECTRONS
  conv_thr = 1.0d-6
  mixing_mode = 'local-TF'
  mixing_beta = 0.3
  electron_maxstep = 300
/
&IONS
  ion_dynamics = 'bfgs'
/
ATOMIC_SPECIES
  Co  58.933  Co_pbe_v1.2.uspp.F.UPF
  Cr  51.996  cr_pbe_v1.5.uspp.F.UPF
  Cu  63.546  Cu.paw.z_11.ld1.psl.v1.0.0-low.upf
  Mn  54.938  mn_pbe_v1.5.uspp.F.UPF
  O  15.999  O.pbe-n-kjpaw_psl.0.1.UPF
CELL_PARAMETERS angstrom
  5.868293765917553  0.0  3.593293588443649e-16
  2.016042504137234e-15  12.536621535320224  7.676466717675844e-16
  0.0  0.0  25.073243070640455
ATOMIC_POSITIONS angstrom
  Mn  2.5200531301715427e-16  1.5670776919150278  9.402466151490172  0 0 0
  Mn  1.2600265650857714e-15  7.835388459575139  9.402466151490172  0 0 0
  Cr  2.9341468829587773  1.5670776919150278  9.402466151490172  0 0 0
  Mn  2.934146882958778  7.835388459575139  9.402466151490172  0 0 0
  Cr  1.4670734414793891  4.701233075745084  9.40246615149017  0 0 0
  Co  1.4670734414793902  10.969543843405196  9.402466151490168  0 0 0
  Cu  4.4012203244381665  4.701233075745084  9.40246615149017  0 0 0
  Mn  4.4012203244381665  10.969543843405196  9.40246615149017  0 0 0
  Cr  -0.007539968598212751  4.702335310567063  12.588071644926119  1 1 1
  Cu  -0.017457639077680984  10.993166682435255  12.587714471321648  1 1 1
  Cr  2.94437116353755  4.6776561556474805  12.677011075145856  1 1 1
  Co  2.9051925249735153  10.988092120907313  12.799341443743456  1 1 1
  Co  1.5038870376778697  1.5175920969216603  12.545788740948337  1 1 1
  Mn  1.4757916927122572  7.862513190112872  12.563996208780368  1 1 1
  Co  4.362924241799506  1.531093933424116  12.545831484366929  1 1 1
  Co  4.3910357052093545  7.90739705747708  12.578144834904595  1 1 1
  Co  0.02752300588017197  1.6983701503163298  15.549200354673005  1 1 1
  Mn  0.02011490863847909  7.806964448110005  15.809117480752231  1 1 1
  Cr  2.9497266211141513  1.5209731638351145  16.488211534755443  1 1 1
  Mn  2.9524867911191524  7.816745214669022  15.85891085342862  1 1 1
  Co  1.4545416082661  4.661823377041167  15.892834123947067  1 1 1
  Mn  1.5360720482238266  10.976678065105983  15.94501911954134  1 1 1
  Co  4.466338377720267  4.668092694952905  15.919346220840701  1 1 1
  Cr  4.543278222259496  10.956008336763237  16.1395180817524  1 1 1
  O  7.560159390514627e-16  4.701233075745084  10.624786751183894  0 0 0
  O  1.7640371911200798e-15  10.969543843405196  10.624786751183894  0 0 0
  O  2.934146882958778  4.701233075745084  10.624786751183894  0 0 0
  O  2.9341468829587782  10.969543843405196  10.624786751183894  0 0 0
  O  7.560159390514627e-16  4.701233075745084  8.180145551796448  0 0 0
  O  1.7640371911200798e-15  10.969543843405196  8.180145551796448  0 0 0
  O  2.934146882958778  4.701233075745084  8.180145551796448  0 0 0
  O  2.9341468829587782  10.969543843405196  8.180145551796446  0 0 0
  O  1.4670734414793885  0.3447570922213058  9.402466151490172  0 0 0
  O  1.4670734414793896  6.613067859881418  9.402466151490172  0 0 0
  O  4.401220324438165  0.3447570922213058  9.402466151490172  0 0 0
  O  4.401220324438166  6.613067859881418  9.402466151490172  0 0 0
  O  1.467073441479389  2.789398291608749  9.40246615149017  0 0 0
  O  1.4670734414793904  9.057709059268861  9.40246615149017  0 0 0
  O  4.4012203244381665  2.789398291608749  9.40246615149017  0 0 0
  O  4.401220324438167  9.057709059268861  9.402466151490168  0 0 0
  O  0.009230240114388536  1.5922794090941546  13.766781184015334  1 1 1
  O  -0.008501055551764865  7.814652937408459  13.75941879780812  1 1 1
  O  2.934306747859349  1.596592445294199  13.652121642670883  1 1 1
  O  2.95097753423266  7.8198130867487325  13.758843473060917  1 1 1
  O  2.5200531301715427e-16  1.5670776919150278  11.314300935626504  0 0 0
  O  1.2600265650857714e-15  7.835388459575139  11.314300935626504  0 0 0
  O  2.9341468829587773  1.5670776919150278  11.314300935626504  0 0 0
  O  2.934146882958778  7.835388459575139  11.314300935626504  0 0 0
  O  1.4764305444984451  3.437419115579166  12.540993090363763  1 1 1
  O  1.4887985730768671  9.807059283361772  12.625388535656299  1 1 1
  O  4.379265439967376  3.4107846463858236  12.553119921999015  1 1 1
  O  4.394895331674097  9.683086464596952  12.636027197922129  1 1 1
  O  1.4723597049303345  5.909256825769124  12.594641043098964  1 1 1
  O  1.468553006644827  12.275558080699094  12.628981052922207  1 1 1
  O  4.425840959355365  5.928298685434549  12.580011618023125  1 1 1
  O  4.376880050742728  12.235891147344887  12.653786973882633  1 1 1
  O  0.043051595575317056  4.675072545388185  16.99995974759073  1 1 1
  O  -0.050170598551356756  11.069467770554295  17.244261275726235  1 1 1
  O  2.9505817226642423  4.635867791692215  16.890457001510704  1 1 1
  O  3.0725481444071794  11.000483466824468  17.118669964147326  1 1 1
  O  0.0128099290320607  4.646658083161647  14.586184393945189  1 1 1
  O  -0.08131148396485174  11.055055496992239  14.817700214374193  1 1 1
  O  2.947380820612549  4.679261461984702  14.426023787739789  1 1 1
  O  2.977938128919138  10.974508140849142  14.643492901288855  1 1 1
  O  1.5454573035521264  0.418994093850059  16.06726386612414  1 1 1
  O  1.489443295787664  6.557887697736857  15.99726982159376  1 1 1
  O  4.307427151369586  0.47586836936107424  15.98911641989372  1 1 1
  O  4.419558293686089  6.545596788211496  16.04131750607424  1 1 1
  O  1.552965274747189  2.7919902808508383  15.97008534856535  1 1 1
  O  1.4712806165905252  9.047836489413921  16.091680690690946  1 1 1
  O  4.406382655881834  2.8183521368584943  16.020740247539273  1 1 1
  O  4.442114039703588  9.087261590809184  16.07609704911338  1 1 1
  O  2.9547019883887313  1.5750823316269527  18.075216146846415  1 1 1
K_POINTS automatic
  4 2 1 0 0 0
HUBBARD (atomic)
U Co-3d 3.3200
U Cr-3d 3.7000
U Mn-3d 3.9000
