&CONTROL
  calculation = 'relax'
  prefix = 'lt__Cu8Cr23Mn35Co34__s16_site2__O_unrecon__atomic'
  outdir = './tmp'
  pseudo_dir = '/usr/share/espresso/pseudo'
  tprnfor = .true.
  forc_conv_thr = 2.0d-3
  nstep = 200
  max_seconds = 165000
/
&SYSTEM
  ibrav = 0
  nat = 73
  ntyp = 5
  ecutwfc = 80.0
  ecutrho = 640.0
  occupations = 'smearing'
  smearing = 'mv'
  degauss = 0.01
  nosym = .true.
  noinv = .true.
  nspin = 2
  starting_magnetization(1) = 0.4
  starting_magnetization(2) = 0.6
  starting_magnetization(3) = 0.2
  starting_magnetization(4) = 0.5
  starting_magnetization(5) = 0.0
/
&ELECTRONS
  conv_thr = 1.0d-6
  mixing_mode = 'local-TF'
  mixing_beta = 0.3
  electron_maxstep = 300
/
&IONS
  ion_dynamics = 'bfgs'
/
ATOMIC_SPECIES
  Co  58.933  Co_pbe_v1.2.uspp.F.UPF
  Cr  51.996  cr_pbe_v1.5.uspp.F.UPF
  Cu  63.546  Cu.paw.z_11.ld1.psl.v1.0.0-low.upf
  Mn  54.938  mn_pbe_v1.5.uspp.F.UPF
  O  15.999  O.pbe-n-kjpaw_psl.0.1.UPF
CELL_PARAMETERS angstrom
  5.868293765917553  0.0  3.593293588443649e-16
  2.016042504137234e-15  12.536621535320224  7.676466717675844e-16
  0.0  0.0  25.073243070640455
ATOMIC_POSITIONS angstrom
  Mn  2.5200531301715427e-16  1.5670776919150278  9.402466151490172  0 0 0
  Mn  1.2600265650857714e-15  7.835388459575139  9.402466151490172  0 0 0
  Cr  2.9341468829587773  1.5670776919150278  9.402466151490172  0 0 0
  Mn  2.934146882958778  7.835388459575139  9.402466151490172  0 0 0
  Cr  1.4670734414793891  4.701233075745084  9.40246615149017  0 0 0
  Co  1.4670734414793902  10.969543843405196  9.402466151490168  0 0 0
  Cu  4.4012203244381665  4.701233075745084  9.40246615149017  0 0 0
  Mn  4.4012203244381665  10.969543843405196  9.40246615149017  0 0 0
  Cr  -0.014017317025955656  4.6819469182204365  12.659659225853718  1 1 1
  Cu  -0.021425747690022034  10.980513547948396  12.587501476453722  1 1 1
  Cr  2.939504102749662  4.693302603416265  12.626907955142427  1 1 1
  Co  2.9026241471275265  10.957032494407265  12.76723941947917  1 1 1
  Co  1.4476936693859197  1.5169013043185056  12.536121939747652  1 1 1
  Mn  1.4692975608035415  7.85243749583553  12.564429033837  1 1 1
  Co  4.414966273020228  1.5266293809501035  12.530661715336466  1 1 1
  Co  4.391373177925326  7.892268992248863  12.578388849585059  1 1 1
  Co  0.0028991682367508695  1.6363640400361963  15.754529401428057  1 1 1
  Mn  0.00798983579922588  7.816559022558022  15.829971392028845  1 1 1
  Cr  2.9327027912991697  1.6056351799355968  15.647160934310705  1 1 1
  Mn  2.9420024399367852  7.824590247064285  15.86381039907125  1 1 1
  Co  1.4865676357333775  4.7144664975606485  15.897856392942149  1 1 1
  Mn  1.5103240302995316  10.97798389510002  15.913478981674878  1 1 1
  Co  4.392011451018996  4.713296438804404  15.917760527724136  1 1 1
  Cr  4.540586508835364  10.96614702762667  16.120608163863462  1 1 1
  O  7.560159390514627e-16  4.701233075745084  10.624786751183894  0 0 0
  O  1.7640371911200798e-15  10.969543843405196  10.624786751183894  0 0 0
  O  2.934146882958778  4.701233075745084  10.624786751183894  0 0 0
  O  2.9341468829587782  10.969543843405196  10.624786751183894  0 0 0
  O  7.560159390514627e-16  4.701233075745084  8.180145551796448  0 0 0
  O  1.7640371911200798e-15  10.969543843405196  8.180145551796448  0 0 0
  O  2.934146882958778  4.701233075745084  8.180145551796448  0 0 0
  O  2.9341468829587782  10.969543843405196  8.180145551796446  0 0 0
  O  1.4670734414793885  0.3447570922213058  9.402466151490172  0 0 0
  O  1.4670734414793896  6.613067859881418  9.402466151490172  0 0 0
  O  4.401220324438165  0.3447570922213058  9.402466151490172  0 0 0
  O  4.401220324438166  6.613067859881418  9.402466151490172  0 0 0
  O  1.467073441479389  2.789398291608749  9.40246615149017  0 0 0
  O  1.4670734414793904  9.057709059268861  9.40246615149017  0 0 0
  O  4.4012203244381665  2.789398291608749  9.40246615149017  0 0 0
  O  4.401220324438167  9.057709059268861  9.402466151490168  0 0 0
  O  -0.0015790519129577306  1.5904149899259798  13.739191529691972  1 1 1
  O  -0.013686354112037506  7.819169590643297  13.758237570174513  1 1 1
  O  2.929310452563971  1.6261815091154976  13.938408080625592  1 1 1
  O  2.947585084648475  7.805836895515245  13.756702384195727  1 1 1
  O  2.5200531301715427e-16  1.5670776919150278  11.314300935626504  0 0 0
  O  1.2600265650857714e-15  7.835388459575139  11.314300935626504  0 0 0
  O  2.9341468829587773  1.5670776919150278  11.314300935626504  0 0 0
  O  2.934146882958778  7.835388459575139  11.314300935626504  0 0 0
  O  1.482052905839581  3.4076041182476597  12.563105395326899  1 1 1
  O  1.483996263558102  9.794890611957387  12.615635718091532  1 1 1
  O  4.382993919216616  3.3922092861824056  12.572558901218262  1 1 1
  O  4.387861104493422  9.675477731576777  12.614814664742614  1 1 1
  O  1.4676061313737623  5.897437757920992  12.586902811669065  1 1 1
  O  1.4699902275604833  12.28212227018901  12.631794742077068  1 1 1
  O  4.396099212231418  5.9251236785199435  12.577379998166148  1 1 1
  O  4.372236990901225  12.250812927311692  12.638329689513867  1 1 1
  O  0.017412096786784438  4.677302156981264  16.922223112883135  1 1 1
  O  -0.04198254284383651  11.065226755566663  17.223701046191678  1 1 1
  O  2.9283187479767157  4.656940059194602  16.96434626883557  1 1 1
  O  3.0617666883952515  11.029432455943503  17.07565017308847  1 1 1
  O  0.008699658893197121  4.689741571270856  14.439451140504746  1 1 1
  O  -0.09969143211235047  11.00042882891875  14.781677547903252  1 1 1
  O  2.9294417056640487  4.651299279591055  14.538586616348269  1 1 1
  O  2.964029542696003  11.003657727502041  14.611699702958115  1 1 1
  O  1.4856506681413604  0.41296066874193615  16.026752131434336  1 1 1
  O  1.4779687014320158  6.56703407670629  16.012940533309905  1 1 1
  O  4.414144463250087  0.48299550929892177  16.00858367065984  1 1 1
  O  4.403850590400008  6.552197549023918  16.04889916548102  1 1 1
  O  1.4843634874902745  2.813150315026626  15.972810447127342  1 1 1
  O  1.465893353100477  9.053433123913853  16.09587840211216  1 1 1
  O  4.4077684464498335  2.853352291090091  15.958081696871215  1 1 1
  O  4.4258939134679744  9.082420600991064  16.104903117126955  1 1 1
  O  2.9327027912991697  1.6056351799355968  17.282160934310706  1 1 1
K_POINTS automatic
  4 2 1 0 0 0
HUBBARD (atomic)
U Co-3d 3.3200
U Cr-3d 3.7000
U Mn-3d 3.9000
