&CONTROL
  calculation = 'scf'
  prefix = 'OOH__atomic'
  outdir = '/anvil/projects/x-che260157/sts_arm_c_2026-10-07/runs/hea/arm_c_2026-10-07/Fe25Co25Ni25Cr25__s25_site2/tmp_OOH__atomic'
  pseudo_dir = '/anvil/projects/x-che260157/pseudo'
  tprnfor = .true.
  forc_conv_thr = 2.0d-3
  nstep = 200
  max_seconds = 165000
/
&SYSTEM
  ibrav = 0
  nat = 75
  ntyp = 6
  ecutwfc = 80.0
  ecutrho = 640.0
  occupations = 'smearing'
  smearing = 'mv'
  degauss = 0.01
  nosym = .true.
  noinv = .true.
  nspin = 2
  starting_magnetization(1) = 0.4
  starting_magnetization(2) = 0.6
  starting_magnetization(3) = 0.5
  starting_magnetization(4) = 0.3
  starting_magnetization(5) = 0.0
  starting_magnetization(6) = 0.0
/
&ELECTRONS
  conv_thr = 1.0d-6
  mixing_mode = 'local-TF'
  mixing_beta = 0.3
  electron_maxstep = 300
/
&IONS
  ion_dynamics = 'bfgs'
/
ATOMIC_SPECIES
  Co  58.933  Co_pbe_v1.2.uspp.F.UPF
  Cr  51.996  cr_pbe_v1.5.uspp.F.UPF
  Fe  55.845  Fe.pbe-spn-kjpaw_psl.0.2.1.UPF
  Ni  58.693  ni_pbe_v1.4.uspp.F.UPF
  O  15.999  O.pbe-n-kjpaw_psl.0.1.UPF
  H  1.008  H.pbe-rrkjus_psl.1.0.0.UPF
CELL_PARAMETERS angstrom
  5.9455  0.0  3.640568772165294e-16
  2.0264516267117194e-15  12.601349947525463  7.716101439086363e-16
  0.0  0.0  25.20269989505093
ATOMIC_POSITIONS angstrom
  Co  2.5330645333896493e-16  1.575168743440683  9.4510124606441  0 0 0
  Fe  1.266532266694825e-15  7.875843717203415  9.4510124606441  0 0 0
  Cr  2.972750000000001  1.575168743440683  9.4510124606441  0 0 0
  Co  2.9727500000000013  7.875843717203415  9.4510124606441  0 0 0
  Fe  1.486375000000001  4.725506230322049  9.4510124606441  0 0 0
  Fe  1.486375000000002  11.02618120408478  9.451012460644098  0 0 0
  Ni  4.459125000000001  4.725506230322049  9.4510124606441  0 0 0
  Ni  4.459125000000002  11.02618120408478  9.4510124606441  0 0 0
  Cr  -0.021154997560766546  4.7643246601339575  12.641395778232583  1 1 1
  Ni  -0.01160901429824055  11.059495680399444  12.595554049177672  1 1 1
  Cr  2.9489394012432664  4.630183860008499  12.68158397773248  1 1 1
  Co  2.9753361611137152  11.045256508035315  12.602430875124279  1 1 1
  Co  1.4825610272959047  1.5218074321326314  12.588699164808267  1 1 1
  Ni  1.4802327022704755  7.9474373787159305  12.587615530504353  1 1 1
  Co  4.430740559731787  1.523165767632485  12.6062242778692  1 1 1
  Ni  4.477670142330896  7.957141693432772  12.590153463701219  1 1 1
  Fe  0.013105500698648584  1.5673577908374137  15.637104820596427  1 1 1
  Ni  0.08066811061224334  7.873955914884335  15.749175752432402  1 1 1
  Cr  2.9847132652530353  1.565280907007718  15.85432831422363  1 1 1
  Co  2.9711585255818607  7.8736738867794624  15.615398021130694  1 1 1
  Fe  1.4609225501665581  4.774006402317008  15.847444180921462  1 1 1
  Fe  1.4864634211543364  10.9644974112221  15.713682408128122  1 1 1
  Cr  4.486807171814461  4.810998434180753  16.08091657894289  1 1 1
  Cr  4.551991989035007  10.90998068537765  16.06937975310163  1 1 1
  O  7.599193600168949e-16  4.72550623032205  10.679644080527831  0 0 0
  O  1.7731451733727548e-15  11.026181204084782  10.679644080527831  0 0 0
  O  2.9727500000000013  4.72550623032205  10.679644080527831  0 0 0
  O  2.972750000000002  11.026181204084782  10.67964408052783  0 0 0
  O  7.59919360016895e-16  4.7255062303220505  8.222380840760364  0 0 0
  O  1.7731451733727548e-15  11.026181204084782  8.222380840760364  0 0 0
  O  2.9727500000000013  4.7255062303220505  8.222380840760364  0 0 0
  O  2.972750000000002  11.026181204084782  8.222380840760362  0 0 0
  O  1.4863750000000002  0.34653712355695127  9.4510124606441  0 0 0
  O  1.4863750000000013  6.647212097319683  9.4510124606441  0 0 0
  O  4.459125  0.34653712355695127  9.4510124606441  0 0 0
  O  4.459125000000001  6.647212097319683  9.4510124606441  0 0 0
  O  1.4863750000000007  2.803800363324416  9.4510124606441  0 0 0
  O  1.4863750000000022  9.104475337087148  9.4510124606441  0 0 0
  O  4.459125000000001  2.803800363324416  9.4510124606441  0 0 0
  O  4.459125000000002  9.104475337087148  9.451012460644098  0 0 0
  O  -0.0018097394048330732  1.6176639617368263  13.742275449206714  1 1 1
  O  0.017226162237055684  7.955475172097466  13.764899745951249  1 1 1
  O  2.9675907837244644  1.6078880235570876  13.933011965648893  1 1 1
  O  2.980957620931142  7.891783685274687  13.89765994134588  1 1 1
  O  2.53306453338965e-16  1.575168743440683  11.37271832764173  0 0 0
  O  1.266532266694825e-15  7.875843717203415  11.37271832764173  0 0 0
  O  2.972750000000001  1.575168743440683  11.37271832764173  0 0 0
  O  2.9727500000000013  7.875843717203415  11.37271832764173  0 0 0
  O  1.4786718109235883  3.458391166090825  12.607578136645186  1 1 1
  O  1.5329264621316707  9.875751683036365  12.574540063282473  1 1 1
  O  4.448914690016555  3.4344739952480596  12.556598882126995  1 1 1
  O  4.388518603710999  9.882281366500857  12.561406637590776  1 1 1
  O  1.4505078505832596  5.909433063324939  12.647749156180197  1 1 1
  O  1.4850612099935838  12.35944067193553  12.621324085644638  1 1 1
  O  4.513979582486089  5.901484883602893  12.615899798741157  1 1 1
  O  4.440645404567668  12.36898626426724  12.600851348349991  1 1 1
  O  -0.17125748114762532  4.810628067093098  17.14043386821179  1 1 1
  O  -0.1515768526952186  10.939451550735866  17.15057989306889  1 1 1
  O  3.114777275605466  4.673437854270556  17.041695406135734  1 1 1
  O  3.104801821185268  11.090947072701184  16.926779153452625  1 1 1
  O  -0.07081201786366226  4.686717568308574  14.601182546509703  1 1 1
  O  -0.10215196011242413  11.00421405847655  14.640116526636774  1 1 1
  O  3.0320499802439342  4.683801488733313  14.463110112582129  1 1 1
  O  2.9877618771750503  11.023859538208294  14.37905025472783  1 1 1
  O  1.4473442595134358  0.29862390652435633  15.951029682974733  1 1 1
  O  1.6044069247904906  6.657339088800863  15.967461295701982  1 1 1
  O  4.51253346786162  0.31011389246728116  15.816000022404463  1 1 1
  O  4.395009751599114  6.611543798611562  15.820987786247336  1 1 1
  O  1.442495558999546  2.8327267326155376  15.96997192082171  1 1 1
  O  1.612450092861898  9.087545925194844  15.987613562282545  1 1 1
  O  4.502284124594268  2.8457553221627285  15.822195363275476  1 1 1
  O  4.402062858819488  9.094129246195667  15.895104996712384  1 1 1
  O  3.024279854779353  1.568539421428684  17.791531779584716  1 1 1
  O  4.324338058979836  1.5580731613511687  18.268245478050375  1 1 1
  H  4.190049549957794  1.61944396971179  19.246757792334996  1 1 1
K_POINTS automatic
  4 2 1 0 0 0
HUBBARD (atomic)
U Co-3d 3.3200
U Cr-3d 3.7000
U Fe-3d 5.3000
U Ni-3d 6.2000
