Cr               0.0000000000        1.5670776919        9.4024661515    0   0   0
Co               0.0000000000        7.8353884596        9.4024661515    0   0   0
Mn               2.9341468830        1.5670776919        9.4024661515    0   0   0
Cu               2.9341468830        7.8353884596        9.4024661515    0   0   0
Mn               1.4670734415        4.7012330757        9.4024661515    0   0   0
Cr               1.4670734415       10.9695438434        9.4024661515    0   0   0
Cu               4.4012203244        4.7012330757        9.4024661515    0   0   0
Mn               4.4012203244       10.9695438434        9.4024661515    0   0   0
Mn              -0.0070772721        4.7136216366       12.5685035865
Mn              -0.0022412293       10.9575008886       12.5564704411
Cr               2.9364152892        4.7185689365       12.6046237519
Co               2.9217928811       10.9485047988       12.5937710028
Co               1.5113792417        1.5243030405       12.5287635544
Cr               1.5151521678        7.8511659444       12.4745673614
Mn               4.3952694814        1.5504670329       12.5425940609
Co               4.3845082260        7.8630703901       12.5206636570
Mn               0.0084945790        1.6044715479       15.6104584516
Cr               0.0016940247        7.8273461100       15.5228738819
Cr               2.9184172085        1.6204527634       16.2456586308
Co               2.9392465305        7.7854754025       15.6640814658
Co               1.4692141621        4.7388076765       15.7513103850
Co               1.4754288539       10.9620639186       15.8263721162
Co               4.4012499203        4.7252774872       15.7349029939
Mn               4.4321664193       10.9656668617       15.7068386248
O                0.0000000000        4.7012330757       10.6247867512    0   0   0
O                0.0000000000       10.9695438434       10.6247867512    0   0   0
O                2.9341468830        4.7012330757       10.6247867512    0   0   0
O                2.9341468830       10.9695438434       10.6247867512    0   0   0
O                0.0000000000        4.7012330757        8.1801455518    0   0   0
O                0.0000000000       10.9695438434        8.1801455518    0   0   0
O                2.9341468830        4.7012330757        8.1801455518    0   0   0
O                2.9341468830       10.9695438434        8.1801455518    0   0   0
O                1.4670734415        0.3447570922        9.4024661515    0   0   0
O                1.4670734415        6.6130678599        9.4024661515    0   0   0
O                4.4012203244        0.3447570922        9.4024661515    0   0   0
O                4.4012203244        6.6130678599        9.4024661515    0   0   0
O                1.4670734415        2.7893982916        9.4024661515    0   0   0
O                1.4670734415        9.0577090593        9.4024661515    0   0   0
O                4.4012203244        2.7893982916        9.4024661515    0   0   0
O                4.4012203244        9.0577090593        9.4024661515    0   0   0
O                0.0449364791        1.5582277227       13.7376396795
O                0.0097261986        7.8441705530       13.7907747722
O                2.8762865485        1.5630751674       13.6952897381
O                2.9595332746        7.8174001298       13.7330297697
O                0.0000000000        1.5670776919       11.3143009356    0   0   0
O                0.0000000000        7.8353884596       11.3143009356    0   0   0
O                2.9341468830        1.5670776919       11.3143009356    0   0   0
O                2.9341468830        7.8353884596       11.3143009356    0   0   0
O                1.4673505191        3.4957200745       12.5322650826
O                1.4716249118        9.7283193393       12.5383617131
O                4.4029725697        3.4781640793       12.6230370605
O                4.3729258002        9.7176920817       12.5725875691
O                1.4534414374        5.9621743896       12.5553059194
O                1.4879482394       12.1716731863       12.5273214896
O                4.3934965639        5.9581146726       12.5585912249
O                4.3809598951       12.1656405395       12.6309468412
O                0.0235238517        4.6444094654       16.8785698809
O                0.0273044346       10.9973347470       16.9158955845
O                2.9102293404        4.6857491736       16.8783624649
O                2.8402282086       10.9807342704       16.8937170921
O                0.0071360035        4.7434649477       14.5287836673
O                0.0613847536       10.9173799500       14.5199131963
O                2.9208760173        4.7939626473       14.5158626282
O                2.9002813869       10.8650382880       14.4491236865
O                1.4976648663        0.4305207148       15.8575433385
O                1.4355920772        6.6147941118       15.8791997355
O                4.3720780515        0.4078502580       15.8200958331
O                4.4436881501        6.6049670740       15.9218217661
O                1.5014585909        2.8035796386       15.7806445550
O                1.4254006489        8.9623330979       15.9715676534
O                4.3663362843        2.8130723583       15.7697990522
O                4.4324088403        9.0062907791       15.9199554242
O                2.9354119093        1.6618726967       17.8060126186
