&CONTROL
  calculation = 'scf'
  prefix = 'O__atomic'
  outdir = '/anvil/projects/x-che260157/sts_arm_c_2026-10-07/runs/hea/arm_c_2026-10-07/Ni31Cr29Cu5Mn35__s10_site2/tmp_O__atomic'
  pseudo_dir = '/anvil/projects/x-che260157/pseudo'
  tprnfor = .true.
  forc_conv_thr = 2.0d-3
  nstep = 200
  max_seconds = 165000
/
&SYSTEM
  ibrav = 0
  nat = 73
  ntyp = 5
  ecutwfc = 80.0
  ecutrho = 640.0
  occupations = 'smearing'
  smearing = 'mv'
  degauss = 0.01
  nosym = .true.
  noinv = .true.
  nspin = 2
  starting_magnetization(1) = 0.6
  starting_magnetization(2) = 0.2
  starting_magnetization(3) = 0.5
  starting_magnetization(4) = 0.3
  starting_magnetization(5) = 0.0
/
&ELECTRONS
  conv_thr = 1.0d-6
  mixing_mode = 'local-TF'
  mixing_beta = 0.3
  electron_maxstep = 300
/
&IONS
  ion_dynamics = 'bfgs'
/
ATOMIC_SPECIES
  Cr  51.996  cr_pbe_v1.5.uspp.F.UPF
  Cu  63.546  Cu.paw.z_11.ld1.psl.v1.0.0-low.upf
  Mn  54.938  mn_pbe_v1.5.uspp.F.UPF
  Ni  58.693  ni_pbe_v1.4.uspp.F.UPF
  O  15.999  O.pbe-n-kjpaw_psl.0.1.UPF
CELL_PARAMETERS angstrom
  5.855999434240528  0.0  3.585765481475687e-16
  2.0120443058924784e-15  12.511759014755889  7.66124281456192e-16
  0.0  0.0  25.023518029511784
ATOMIC_POSITIONS angstrom
  Ni  7.545166147096794e-16  4.691909630533458  9.383819261066916  0 0 0
  Cr  1.7605387676559188e-15  10.947789137911403  9.383819261066916  0 0 0
  Cr  2.9279997171202647  4.691909630533458  9.383819261066916  0 0 0
  Ni  2.9279997171202656  10.947789137911403  9.383819261066915  0 0 0
  Mn  1.4639998585601322  1.563969876844486  9.383819261066916  0 0 0
  Mn  1.4639998585601335  7.81984938422243  9.383819261066916  0 0 0
  Mn  4.391999575680396  1.563969876844486  9.383819261066916  0 0 0
  Ni  4.391999575680397  7.81984938422243  9.383819261066915  0 0 0
  Ni  0.018658461177939425  1.5451110580237835  12.596369752813054  1 1 1
  Ni  -0.0460277723527326  7.800950419006047  12.590953350677422  1 1 1
  Cu  2.937594336388126  1.5117947548969737  12.501370553000285  1 1 1
  Mn  2.90031948125571  7.833575202238512  12.594674337780527  1 1 1
  Cr  1.5281012062563577  4.678746961369944  12.649108935218173  1 1 1
  Mn  1.4632686170692575  10.925055773796085  12.56227990371753  1 1 1
  Cr  4.4207315771227575  4.665369199878323  12.487864267816448  1 1 1
  Ni  4.367669514531092  10.936390272703353  12.568291033574466  1 1 1
  Mn  -0.03578581293143522  4.700040251392359  15.737987907081797  1 1 1
  Ni  -0.06369097903812851  10.958593117324073  15.751315382449572  1 1 1
  Cr  2.9269379977222716  4.709216317848957  16.50411589209319  1 1 1
  Mn  2.887451387150271  10.962049316723778  15.707000901419232  1 1 1
  Cr  1.2365968913886856  1.4710440623410344  16.229673155110742  1 1 1
  Mn  1.4715045664150683  7.858567782535774  15.82366916322758  1 1 1
  Ni  4.306104438181152  1.5499357540074432  15.785056690105822  1 1 1
  Cr  4.437343825863228  7.905862091556963  16.014068726970574  1 1 1
  O  2.5150553823655976e-16  1.5639698768444859  10.603715765005616  0 0 0
  O  1.257527691182799e-15  7.81984938422243  10.603715765005616  0 0 0
  O  2.9279997171202647  1.5639698768444859  10.603715765005616  0 0 0
  O  2.927999717120265  7.81984938422243  10.603715765005616  0 0 0
  O  2.515055382365597e-16  1.5639698768444854  8.163922757128216  0 0 0
  O  1.2575276911827989e-15  7.819849384222429  8.163922757128216  0 0 0
  O  2.9279997171202647  1.5639698768444854  8.163922757128216  0 0 0
  O  2.927999717120265  7.819849384222429  8.163922757128216  0 0 0
  O  1.4639998585601328  3.472013126594758  9.383819261066916  0 0 0
  O  1.4639998585601337  9.727892633972703  9.383819261066916  0 0 0
  O  4.391999575680397  3.472013126594758  9.383819261066916  0 0 0
  O  4.391999575680398  9.727892633972703  9.383819261066915  0 0 0
  O  1.4639998585601328  5.911806134472157  9.383819261066916  0 0 0
  O  1.4639998585601341  12.167685641850102  9.383819261066915  0 0 0
  O  4.391999575680397  5.911806134472157  9.383819261066916  0 0 0
  O  4.391999575680398  12.167685641850102  9.383819261066916  0 0 0
  O  0.009974621394900832  4.697158272492284  13.851330047203946  1 1 1
  O  0.005818598051796588  10.957951602072157  13.760217870185267  1 1 1
  O  2.8737907235510574  4.713509514880611  13.722306070144851  1 1 1
  O  2.868784478583501  10.976227607372639  13.864268583529096  1 1 1
  O  7.545166147096793e-16  4.691909630533457  11.291862510817188  0 0 0
  O  1.7605387676559186e-15  10.947789137911402  11.291862510817188  0 0 0
  O  2.9279997171202647  4.691909630533457  11.291862510817188  0 0 0
  O  2.9279997171202656  10.947789137911402  11.291862510817186  0 0 0
  O  1.4480009973835049  0.29802178445671645  12.599201807536419  1 1 1
  O  1.4695043927098463  6.525296633064924  12.573654657105784  1 1 1
  O  4.418954635211249  0.29020880180778147  12.66735697415496  1 1 1
  O  4.308699194511361  6.500101250149373  12.603447403550184  1 1 1
  O  1.4631332449054484  2.9005962536062078  12.54285305328238  1 1 1
  O  1.4511683446355161  9.025435894618058  12.605689255916683  1 1 1
  O  4.381167451432295  2.8844110640089067  12.64245491735352  1 1 1
  O  4.350936072158464  9.044022193568853  12.611119854890031  1 1 1
  O  0.09280961612554482  1.5203109695765007  17.377839892533707  1 1 1
  O  -0.12030069930228068  7.8285999277696074  17.11238091560274  1 1 1
  O  2.7412546070922867  1.636361323701814  16.96481644433255  1 1 1
  O  2.994763227917846  7.777906684198596  17.03115872286017  1 1 1
  O  0.19194115927240807  1.6824051008695733  14.821116844172359  1 1 1
  O  -0.12862319673448486  7.768122932507307  14.69998225592191  1 1 1
  O  2.952963618134257  1.6413518494804356  14.350123290367828  1 1 1
  O  2.927515015324  7.805706090559731  14.566100338160457  1 1 1
  O  1.4709495020243442  3.518330555703365  16.03760028618402  1 1 1
  O  1.480941808571816  9.743815700562717  16.021151403934077  1 1 1
  O  4.3396317926453465  3.534437636003245  16.080514216414606  1 1 1
  O  4.2906255899351216  9.71213327949434  15.982055438367267  1 1 1
  O  1.4676162403856947  5.889297594642976  16.05197328244406  1 1 1
  O  1.4421852352256845  12.215963599700027  15.985112235965051  1 1 1
  O  4.3007467469011385  5.867867659426503  16.009188507742852  1 1 1
  O  4.254507792578889  12.176671503015864  16.027035264498085  1 1 1
  O  2.9077427593512977  4.721381270864086  18.095110716982504  1 1 1
K_POINTS automatic
  4 2 1 0 0 0
HUBBARD (atomic)
U Cr-3d 3.7000
U Mn-3d 3.9000
U Ni-3d 6.2000
