&CONTROL
  calculation = 'scf'
  prefix = 'OOH__atomic'
  outdir = '/anvil/projects/x-che260157/sts_arm_c_2026-10-07/runs/hea/arm_c_2026-10-07/Ni31Cr29Cu5Mn35__s10_site2/tmp_OOH__atomic'
  pseudo_dir = '/anvil/projects/x-che260157/pseudo'
  tprnfor = .true.
  forc_conv_thr = 2.0d-3
  nstep = 200
  max_seconds = 165000
/
&SYSTEM
  ibrav = 0
  nat = 75
  ntyp = 6
  ecutwfc = 80.0
  ecutrho = 640.0
  occupations = 'smearing'
  smearing = 'mv'
  degauss = 0.01
  nosym = .true.
  noinv = .true.
  nspin = 2
  starting_magnetization(1) = 0.6
  starting_magnetization(2) = 0.2
  starting_magnetization(3) = 0.5
  starting_magnetization(4) = 0.3
  starting_magnetization(5) = 0.0
  starting_magnetization(6) = 0.0
/
&ELECTRONS
  conv_thr = 1.0d-6
  mixing_mode = 'local-TF'
  mixing_beta = 0.3
  electron_maxstep = 300
/
&IONS
  ion_dynamics = 'bfgs'
/
ATOMIC_SPECIES
  Cr  51.996  cr_pbe_v1.5.uspp.F.UPF
  Cu  63.546  Cu.paw.z_11.ld1.psl.v1.0.0-low.upf
  Mn  54.938  mn_pbe_v1.5.uspp.F.UPF
  Ni  58.693  ni_pbe_v1.4.uspp.F.UPF
  O  15.999  O.pbe-n-kjpaw_psl.0.1.UPF
  H  1.008  H.pbe-rrkjus_psl.1.0.0.UPF
CELL_PARAMETERS angstrom
  5.855999434240528  0.0  3.585765481475687e-16
  2.0120443058924784e-15  12.511759014755889  7.66124281456192e-16
  0.0  0.0  25.023518029511784
ATOMIC_POSITIONS angstrom
  Ni  7.545166147096794e-16  4.691909630533458  9.383819261066916  0 0 0
  Cr  1.7605387676559188e-15  10.947789137911403  9.383819261066916  0 0 0
  Cr  2.9279997171202647  4.691909630533458  9.383819261066916  0 0 0
  Ni  2.9279997171202656  10.947789137911403  9.383819261066915  0 0 0
  Mn  1.4639998585601322  1.563969876844486  9.383819261066916  0 0 0
  Mn  1.4639998585601335  7.81984938422243  9.383819261066916  0 0 0
  Mn  4.391999575680396  1.563969876844486  9.383819261066916  0 0 0
  Ni  4.391999575680397  7.81984938422243  9.383819261066915  0 0 0
  Ni  0.023427777315130578  1.529593743666007  12.599968087364884  1 1 1
  Ni  -0.037390526244022566  7.81180521901054  12.597549962013996  1 1 1
  Cu  2.9401559776906168  1.504320870729209  12.50213067240831  1 1 1
  Mn  2.9111872962990555  7.833281158060044  12.588303295970785  1 1 1
  Cr  1.456529603863887  4.683546890857982  12.533583277583775  1 1 1
  Mn  1.4666999411230541  10.924996206022946  12.563480907078414  1 1 1
  Cr  4.367989120422769  4.660427145190945  12.546839658932525  1 1 1
  Ni  4.368528482834306  10.932668801235414  12.569782672748772  1 1 1
  Mn  -0.00742205586463913  4.704292393696565  15.692932905656107  1 1 1
  Ni  -0.047688411380765426  10.963401600443971  15.761169102418432  1 1 1
  Cr  2.938610724454847  4.691999977777804  15.734009633969139  1 1 1
  Mn  2.897865453719227  10.96612992899052  15.711483669555767  1 1 1
  Cr  1.2676342199950599  1.5076572322613058  16.236231703161152  1 1 1
  Mn  1.4722232489909732  7.8694282455631885  15.793359194018823  1 1 1
  Ni  4.339669713170422  1.533793630659289  15.74811993910681  1 1 1
  Cr  4.452399586673791  7.891496475619402  16.036233587612458  1 1 1
  O  2.5150553823655976e-16  1.5639698768444859  10.603715765005616  0 0 0
  O  1.257527691182799e-15  7.81984938422243  10.603715765005616  0 0 0
  O  2.9279997171202647  1.5639698768444859  10.603715765005616  0 0 0
  O  2.927999717120265  7.81984938422243  10.603715765005616  0 0 0
  O  2.515055382365597e-16  1.5639698768444854  8.163922757128216  0 0 0
  O  1.2575276911827989e-15  7.819849384222429  8.163922757128216  0 0 0
  O  2.9279997171202647  1.5639698768444854  8.163922757128216  0 0 0
  O  2.927999717120265  7.819849384222429  8.163922757128216  0 0 0
  O  1.4639998585601328  3.472013126594758  9.383819261066916  0 0 0
  O  1.4639998585601337  9.727892633972703  9.383819261066916  0 0 0
  O  4.391999575680397  3.472013126594758  9.383819261066916  0 0 0
  O  4.391999575680398  9.727892633972703  9.383819261066915  0 0 0
  O  1.4639998585601328  5.911806134472157  9.383819261066916  0 0 0
  O  1.4639998585601341  12.167685641850102  9.383819261066915  0 0 0
  O  4.391999575680397  5.911806134472157  9.383819261066916  0 0 0
  O  4.391999575680398  12.167685641850102  9.383819261066916  0 0 0
  O  -0.010903645888451071  4.700713351404655  13.81775098672358  1 1 1
  O  0.01077566537255863  10.95388561088487  13.761405366846503  1 1 1
  O  2.9124303305674286  4.692403189430519  13.860911311326724  1 1 1
  O  2.868358408161448  10.98202343931485  13.868431232567055  1 1 1
  O  7.545166147096793e-16  4.691909630533457  11.291862510817188  0 0 0
  O  1.7605387676559186e-15  10.947789137911402  11.291862510817188  0 0 0
  O  2.9279997171202647  4.691909630533457  11.291862510817188  0 0 0
  O  2.9279997171202656  10.947789137911402  11.291862510817186  0 0 0
  O  1.458366796432774  0.2899131863943613  12.572854526714451  1 1 1
  O  1.4918644594134804  6.508833534711715  12.590430456247777  1 1 1
  O  4.418279065407425  0.2727845505159525  12.654802141297033  1 1 1
  O  4.3116154089625  6.495416471918884  12.58844633690145  1 1 1
  O  1.4779174089548888  2.906334563334612  12.572221677216218  1 1 1
  O  1.4630475999750985  9.028216936345004  12.58331818052001  1 1 1
  O  4.377419456093963  2.876653618903035  12.6206581669347  1 1 1
  O  4.348609711990749  9.051662768218236  12.593986985180535  1 1 1
  O  0.1317446841290528  1.559348505925706  17.386909116000222  1 1 1
  O  -0.10365079466794468  7.839866563644006  17.113103374762677  1 1 1
  O  2.783081914141202  1.6375509798608998  16.943572224795265  1 1 1
  O  3.0194945053746065  7.762475989576025  17.00804667049865  1 1 1
  O  0.18758176498478804  1.5598180267346  14.799478004167032  1 1 1
  O  -0.1031762025108868  7.858067593327688  14.672702229005443  1 1 1
  O  2.9419426181005845  1.649754782211972  14.349919746195326  1 1 1
  O  2.932222506062823  7.819542040265927  14.54600803858809  1 1 1
  O  1.4056961670803787  3.4397866690454477  15.881614433937283  1 1 1
  O  1.496537765994122  9.750016156101532  16.02634652751022  1 1 1
  O  4.437516654351792  3.480449806379411  15.934988711822193  1 1 1
  O  4.301769726898973  9.716369801194965  15.964322648648617  1 1 1
  O  1.4181562198024689  5.933612250818249  15.907027173231915  1 1 1
  O  1.4610015372976943  12.212673261465744  15.989252981235142  1 1 1
  O  4.395784838093655  5.931282665704438  15.84520678443399  1 1 1
  O  4.269887667648268  12.175865956858898  16.03011377718191  1 1 1
  O  2.827870811904572  4.5579632791152385  17.728561513225355  1 1 1
  O  3.933004788880082  5.093681490774076  18.34669483973394  1 1 1
  H  4.012648442443634  4.530300666671699  19.156999969904188  1 1 1
K_POINTS automatic
  4 2 1 0 0 0
HUBBARD (atomic)
U Cr-3d 3.7000
U Mn-3d 3.9000
U Ni-3d 6.2000
