&CONTROL
  calculation = 'scf'
  prefix = 'OH__atomic'
  outdir = '/anvil/projects/x-che260157/sts_arm_c_2026-10-07/runs/hea/arm_c_2026-10-07/Cu22Fe30Co32Mn15__s27_site3/tmp_OH__atomic'
  pseudo_dir = '/anvil/projects/x-che260157/pseudo'
  tprnfor = .true.
  forc_conv_thr = 2.0d-3
  nstep = 200
  max_seconds = 165000
/
&SYSTEM
  ibrav = 0
  nat = 74
  ntyp = 6
  ecutwfc = 80.0
  ecutrho = 640.0
  occupations = 'smearing'
  smearing = 'mv'
  degauss = 0.01
  nosym = .true.
  noinv = .true.
  nspin = 2
  starting_magnetization(1) = 0.4
  starting_magnetization(2) = 0.2
  starting_magnetization(3) = 0.5
  starting_magnetization(4) = 0.5
  starting_magnetization(5) = 0.0
  starting_magnetization(6) = 0.0
/
&ELECTRONS
  conv_thr = 1.0d-6
  mixing_mode = 'local-TF'
  mixing_beta = 0.3
  electron_maxstep = 300
/
&IONS
  ion_dynamics = 'bfgs'
/
ATOMIC_SPECIES
  Co  58.933  Co_pbe_v1.2.uspp.F.UPF
  Cu  63.546  Cu.paw.z_11.ld1.psl.v1.0.0-low.upf
  Fe  55.845  Fe.pbe-spn-kjpaw_psl.0.2.1.UPF
  Mn  54.938  mn_pbe_v1.5.uspp.F.UPF
  O  15.999  O.pbe-n-kjpaw_psl.0.1.UPF
  H  1.008  H.pbe-rrkjus_psl.1.0.0.UPF
CELL_PARAMETERS angstrom
  5.955113842225956  0.0  3.646455552720057e-16
  2.031127503823677e-15  12.630426567476672  7.733905733862998e-16
  0.0  0.0  25.26085313495335
ATOMIC_POSITIONS angstrom
  Mn  7.616728139338787e-16  4.7364099628037515  9.472819925607507  0 0 0
  Co  1.7772365658457176e-15  11.051623246542086  9.472819925607507  0 0 0
  Cu  2.977556921112979  4.7364099628037515  9.472819925607507  0 0 0
  Fe  2.97755692111298  11.051623246542086  9.472819925607505  0 0 0
  Cu  1.4887784605564893  1.5788033209345838  9.472819925607507  0 0 0
  Co  1.4887784605564907  7.89401660467292  9.472819925607507  0 0 0
  Co  4.4663353816694675  1.5788033209345838  9.472819925607507  0 0 0
  Cu  4.466335381669468  7.89401660467292  9.472819925607505  0 0 0
  Co  0.03083024503601412  1.6174422682812595  12.537009070286695  1 1 1
  Co  0.0154284433960846  7.8285701392393205  12.577479351854095  1 1 1
  Fe  2.9803137652392224  1.6012911512534802  12.606527184501013  1 1 1
  Fe  2.992304278575811  7.83611373893749  12.600073227666476  1 1 1
  Cu  1.4797703620658988  4.722672967509882  12.622904970660356  1 1 1
  Fe  1.5052233216861632  11.03537971661055  12.6633240092901  1 1 1
  Co  4.4336828858016455  4.728230616324357  12.529979224206548  1 1 1
  Fe  4.456048057008321  11.031165745224696  12.661750003978815  1 1 1
  Mn  0.02067011446892853  4.68158912446283  15.719868466287505  1 1 1
  Cu  0.026658086690410254  10.90834254489189  15.899131493204953  1 1 1
  Mn  3.0113933007686446  4.677771251908308  15.71420483210097  1 1 1
  Fe  3.008024621732284  10.96268109231416  15.977518996566646  1 1 1
  Fe  1.5091230166184526  1.472265636417608  15.864294509701558  1 1 1
  Co  1.510599976978697  7.841120555835185  15.785029050227772  1 1 1
  Mn  4.512017949796961  1.5030721999515562  15.831176960961715  1 1 1
  Co  4.490211011163878  7.837937081351648  15.796301806607596  1 1 1
  O  2.538909379779596e-16  1.5788033209345838  10.704286515936483  0 0 0
  O  1.2694546898897982e-15  7.89401660467292  10.704286515936483  0 0 0
  O  2.977556921112979  1.5788033209345838  10.704286515936483  0 0 0
  O  2.9775569211129795  7.89401660467292  10.704286515936483  0 0 0
  O  2.538909379779596e-16  1.5788033209345838  8.24135333527853  0 0 0
  O  1.2694546898897982e-15  7.89401660467292  8.24135333527853  0 0 0
  O  2.977556921112979  1.5788033209345838  8.24135333527853  0 0 0
  O  2.9775569211129795  7.89401660467292  8.24135333527853  0 0 0
  O  1.48877846055649  3.5049433724747754  9.472819925607507  0 0 0
  O  1.4887784605564909  9.820156656213111  9.472819925607507  0 0 0
  O  4.466335381669468  3.5049433724747754  9.472819925607507  0 0 0
  O  4.466335381669469  9.820156656213111  9.472819925607505  0 0 0
  O  1.48877846055649  5.967876553132727  9.472819925607507  0 0 0
  O  1.4887784605564913  12.283089836871062  9.472819925607505  0 0 0
  O  4.466335381669468  5.967876553132727  9.472819925607507  0 0 0
  O  4.466335381669469  12.283089836871062  9.472819925607507  0 0 0
  O  -0.05214183323358864  4.716074974772565  13.863740747318687  1 1 1
  O  0.006171610896567233  11.036540771828141  13.801288754366862  1 1 1
  O  3.0180414942191924  4.704841034073545  13.824659704702682  1 1 1
  O  2.987817737030184  11.017568881016652  13.975068475266259  1 1 1
  O  7.616728139338787e-16  4.7364099628037515  11.3989599771477  0 0 0
  O  1.777236565845717e-15  11.051623246542086  11.3989599771477  0 0 0
  O  2.977556921112979  4.7364099628037515  11.3989599771477  0 0 0
  O  2.97755692111298  11.051623246542086  11.398959977147697  0 0 0
  O  1.48990017771708  0.3946832711400405  12.629117627423582  1 1 1
  O  1.4971188732106662  6.658582630094586  12.603545989509957  1 1 1
  O  4.487507910461897  0.42272725816781814  12.648987228708782  1 1 1
  O  4.454104599260094  6.572710127706935  12.611762433166875  1 1 1
  O  1.483280186449768  2.7795050135519928  12.621309726604023  1 1 1
  O  1.5036540695847027  9.051902420580461  12.663691308897224  1 1 1
  O  4.463494885497826  2.8559768809150006  12.597788255689482  1 1 1
  O  4.477609709338004  9.02855123070365  12.666375913132383  1 1 1
  O  0.0654616665707189  1.533861649447412  17.016568845455833  1 1 1
  O  0.03338855204207039  7.775972840756369  16.818916046696394  1 1 1
  O  2.998666683470477  1.4405550298129621  17.026914330574048  1 1 1
  O  2.9956428290827106  7.755322587208283  16.860252660667385  1 1 1
  O  0.05780994670999319  1.5447020155459863  14.567284506555247  1 1 1
  O  0.015313938759555154  7.820267806846795  14.454213374599878  1 1 1
  O  2.9650625849612005  1.5392040163091913  14.602374969375562  1 1 1
  O  2.987776289397827  7.80468016891281  14.594191741196726  1 1 1
  O  1.5174705154914525  3.496751830417308  16.02324788929142  1 1 1
  O  1.4720189628462002  9.669066996908086  16.054930658004373  1 1 1
  O  4.495508038294576  3.4942751797662193  16.02823407048757  1 1 1
  O  4.540117125994001  9.653861445048516  16.036122667183946  1 1 1
  O  1.5201785817774478  5.882461678932852  16.002254806888676  1 1 1
  O  1.447058223939285  12.153271379134  15.951013997146374  1 1 1
  O  4.487762550202417  5.902605109173667  16.024335917719863  1 1 1
  O  4.565412389907596  12.177478418568793  15.934551831644503  1 1 1
  O  3.00174771433669  11.290024059681752  17.851240426944194  1 1 1
  H  2.9682577701301334  12.27147010796361  17.96128817712367  1 1 1
K_POINTS automatic
  4 2 1 0 0 0
HUBBARD (atomic)
U Co-3d 3.3200
U Fe-3d 5.3000
U Mn-3d 3.9000
