&CONTROL
  calculation = 'scf'
  prefix = 'slab__atomic'
  outdir = '/anvil/projects/x-che260157/sts_arm_c_2026-10-07/runs/hea/arm_c_2026-10-07/Cu22Fe30Co32Mn15__s27_site3/tmp_slab__atomic'
  pseudo_dir = '/anvil/projects/x-che260157/pseudo'
  tprnfor = .true.
  forc_conv_thr = 2.0d-3
  nstep = 200
  max_seconds = 165000
/
&SYSTEM
  ibrav = 0
  nat = 72
  ntyp = 5
  ecutwfc = 80.0
  ecutrho = 640.0
  occupations = 'smearing'
  smearing = 'mv'
  degauss = 0.01
  nosym = .true.
  noinv = .true.
  nspin = 2
  starting_magnetization(1) = 0.4
  starting_magnetization(2) = 0.2
  starting_magnetization(3) = 0.5
  starting_magnetization(4) = 0.5
  starting_magnetization(5) = 0.0
/
&ELECTRONS
  conv_thr = 1.0d-6
  mixing_mode = 'local-TF'
  mixing_beta = 0.3
  electron_maxstep = 300
/
&IONS
  ion_dynamics = 'bfgs'
/
ATOMIC_SPECIES
  Co  58.933  Co_pbe_v1.2.uspp.F.UPF
  Cu  63.546  Cu.paw.z_11.ld1.psl.v1.0.0-low.upf
  Fe  55.845  Fe.pbe-spn-kjpaw_psl.0.2.1.UPF
  Mn  54.938  mn_pbe_v1.5.uspp.F.UPF
  O  15.999  O.pbe-n-kjpaw_psl.0.1.UPF
CELL_PARAMETERS angstrom
  5.955113842225956  0.0  3.646455552720057e-16
  2.031127503823677e-15  12.630426567476672  7.733905733862998e-16
  0.0  0.0  25.26085313495335
ATOMIC_POSITIONS angstrom
  Mn  7.616728139338787e-16  4.7364099628037515  9.472819925607507  0 0 0
  Co  1.7772365658457176e-15  11.051623246542086  9.472819925607507  0 0 0
  Cu  2.977556921112979  4.7364099628037515  9.472819925607507  0 0 0
  Fe  2.97755692111298  11.051623246542086  9.472819925607505  0 0 0
  Cu  1.4887784605564893  1.5788033209345838  9.472819925607507  0 0 0
  Co  1.4887784605564907  7.89401660467292  9.472819925607507  0 0 0
  Co  4.4663353816694675  1.5788033209345838  9.472819925607507  0 0 0
  Cu  4.466335381669468  7.89401660467292  9.472819925607505  0 0 0
  Co  0.0200595440626231  1.643556211144157  12.536725831760068  1 1 1
  Co  0.007887174528245467  7.8551523980179665  12.571905103538162  1 1 1
  Fe  2.9672091600906203  1.6193737640100232  12.625379750033021  1 1 1
  Fe  2.985778442102345  7.869327150040712  12.6095720481284  1 1 1
  Cu  1.473269468474258  4.751241852671109  12.620433070763085  1 1 1
  Fe  1.4789073511009663  11.064845798048953  12.655743487156029  1 1 1
  Co  4.4270910805049315  4.753316020093152  12.534504243652934  1 1 1
  Fe  4.4702695450543475  11.058983992626455  12.65105697134991  1 1 1
  Mn  -0.009630983628309551  4.745375552045982  15.711727120565603  1 1 1
  Cu  0.00905845514572498  10.983194695881823  16.041173909320026  1 1 1
  Mn  2.9836104473613667  4.736758216133688  15.708679601811777  1 1 1
  Fe  2.993022112858909  11.035573159480398  15.824592830345674  1 1 1
  Fe  1.4700486682472063  1.4986906020516728  15.911514043817178  1 1 1
  Co  1.4812022518308248  7.924175448932847  15.812094013606492  1 1 1
  Mn  4.493619919798062  1.5400035265219232  15.867655044310922  1 1 1
  Co  4.466151619951566  7.9256697463426775  15.824136610876764  1 1 1
  O  2.538909379779596e-16  1.5788033209345838  10.704286515936483  0 0 0
  O  1.2694546898897982e-15  7.89401660467292  10.704286515936483  0 0 0
  O  2.977556921112979  1.5788033209345838  10.704286515936483  0 0 0
  O  2.9775569211129795  7.89401660467292  10.704286515936483  0 0 0
  O  2.538909379779596e-16  1.5788033209345838  8.24135333527853  0 0 0
  O  1.2694546898897982e-15  7.89401660467292  8.24135333527853  0 0 0
  O  2.977556921112979  1.5788033209345838  8.24135333527853  0 0 0
  O  2.9775569211129795  7.89401660467292  8.24135333527853  0 0 0
  O  1.48877846055649  3.5049433724747754  9.472819925607507  0 0 0
  O  1.4887784605564909  9.820156656213111  9.472819925607507  0 0 0
  O  4.466335381669468  3.5049433724747754  9.472819925607507  0 0 0
  O  4.466335381669469  9.820156656213111  9.472819925607505  0 0 0
  O  1.48877846055649  5.967876553132727  9.472819925607507  0 0 0
  O  1.4887784605564913  12.283089836871062  9.472819925607505  0 0 0
  O  4.466335381669468  5.967876553132727  9.472819925607507  0 0 0
  O  4.466335381669469  12.283089836871062  9.472819925607507  0 0 0
  O  -0.06857936089117701  4.766880739555483  13.855867934528385  1 1 1
  O  -0.006310540681000955  11.081205364387868  13.840449686354305  1 1 1
  O  3.006660816152349  4.755214861527123  13.814101381312822  1 1 1
  O  2.9753528194485606  11.08546662146212  13.919781216791879  1 1 1
  O  7.616728139338787e-16  4.7364099628037515  11.3989599771477  0 0 0
  O  1.777236565845717e-15  11.051623246542086  11.3989599771477  0 0 0
  O  2.977556921112979  4.7364099628037515  11.3989599771477  0 0 0
  O  2.97755692111298  11.051623246542086  11.398959977147697  0 0 0
  O  1.470983754954991  0.42004897850176964  12.631093575942337  1 1 1
  O  1.491703034360422  6.691087083763561  12.618630460727323  1 1 1
  O  4.483554010466632  0.44760029739419316  12.654239065504608  1 1 1
  O  4.447649240194571  6.602641127385751  12.621834969949052  1 1 1
  O  1.4721756231810288  2.8016240902930356  12.652105392828739  1 1 1
  O  1.4907219810230234  9.07714922384539  12.672796510847766  1 1 1
  O  4.452902000521689  2.881186355015443  12.627608806296097  1 1 1
  O  4.47663104599249  9.057506895378022  12.670690075957603  1 1 1
  O  0.035960732894221636  1.6387290241773607  17.056302263266332  1 1 1
  O  0.0018639665574052922  7.825487114404213  16.84064701258319  1 1 1
  O  2.961310342167681  1.6113439607304414  17.039876670483558  1 1 1
  O  2.9664704916711964  7.809124724356311  16.874529244568173  1 1 1
  O  0.035216931318642127  1.5166641849023497  14.607474278031434  1 1 1
  O  0.0027929801266722157  7.909969809808496  14.481835481345213  1 1 1
  O  2.939817754564489  1.4878922399699428  14.643212289497795  1 1 1
  O  2.9772930996675258  7.922208112038702  14.616628835761258  1 1 1
  O  1.4857321225350917  3.560843603192566  15.99701062460267  1 1 1
  O  1.4620074143656023  9.75250191685917  16.155329933583406  1 1 1
  O  4.470679135665941  3.541288257123532  15.997968466588203  1 1 1
  O  4.5053265437751495  9.74656266389158  16.145035545116805  1 1 1
  O  1.4932784125029341  5.946935710761689  15.996219290422207  1 1 1
  O  1.47312659426833  12.17942954348997  16.226745358046312  1 1 1
  O  4.4569918551698295  5.959314830230824  16.016854010231718  1 1 1
  O  4.497691034758699  12.218350131154114  16.192384589219234  1 1 1
K_POINTS automatic
  4 2 1 0 0 0
HUBBARD (atomic)
U Co-3d 3.3200
U Fe-3d 5.3000
U Mn-3d 3.9000
