&CONTROL
  calculation = 'scf'
  prefix = 'OH__atomic'
  outdir = './tmp'
  pseudo_dir = '/usr/share/espresso/pseudo'
  tprnfor = .true.
  forc_conv_thr = 2.0d-3
  nstep = 200
  max_seconds = 165000
/
&SYSTEM
  ibrav = 0
  nat = 74
  ntyp = 6
  ecutwfc = 80.0
  ecutrho = 640.0
  occupations = 'smearing'
  smearing = 'mv'
  degauss = 0.01
  nosym = .true.
  noinv = .true.
  nspin = 2
  starting_magnetization(1) = 0.6
  starting_magnetization(2) = 0.2
  starting_magnetization(3) = 0.5
  starting_magnetization(4) = 0.3
  starting_magnetization(5) = 0.0
  starting_magnetization(6) = 0.0
/
&ELECTRONS
  conv_thr = 1.0d-6
  mixing_mode = 'local-TF'
  mixing_beta = 0.3
  electron_maxstep = 300
/
&IONS
  ion_dynamics = 'bfgs'
/
ATOMIC_SPECIES
  Cr  51.996  cr_pbe_v1.5.uspp.F.UPF
  Cu  63.546  Cu.paw.z_11.ld1.psl.v1.0.0-low.upf
  Mn  54.938  mn_pbe_v1.5.uspp.F.UPF
  Ni  58.693  ni_pbe_v1.4.uspp.F.UPF
  O  15.999  O.pbe-n-kjpaw_psl.0.1.UPF
  H  1.008  H.pbe-rrkjus_psl.1.0.0.UPF
CELL_PARAMETERS angstrom
  5.855999434240528  0.0  3.585765481475687e-16
  2.0120443058924784e-15  12.511759014755889  7.66124281456192e-16
  0.0  0.0  25.023518029511784
ATOMIC_POSITIONS angstrom
  Ni  7.545166147096794e-16  4.691909630533458  9.383819261066916  0 0 0
  Cr  1.7605387676559188e-15  10.947789137911403  9.383819261066916  0 0 0
  Cr  2.9279997171202647  4.691909630533458  9.383819261066916  0 0 0
  Ni  2.9279997171202656  10.947789137911403  9.383819261066915  0 0 0
  Mn  1.4639998585601322  1.563969876844486  9.383819261066916  0 0 0
  Mn  1.4639998585601335  7.81984938422243  9.383819261066916  0 0 0
  Mn  4.391999575680396  1.563969876844486  9.383819261066916  0 0 0
  Ni  4.391999575680397  7.81984938422243  9.383819261066915  0 0 0
  Ni  0.024478679273946587  1.5447629575093904  12.596611215528254  1 1 1
  Ni  -0.041108527666181734  7.829280390104856  12.594213641705215  1 1 1
  Cu  2.940994508367168  1.5182114054915608  12.498525411198157  1 1 1
  Mn  2.90735081482979  7.853373800608154  12.582880762346521  1 1 1
  Cr  1.4662998915704983  4.700057332604889  12.555668025390501  1 1 1
  Mn  1.4669840855709224  10.940693682630009  12.565138404032693  1 1 1
  Cr  4.363056584591802  4.675407794779121  12.560380413181267  1 1 1
  Ni  4.370109415958673  10.949095099666398  12.567590972205359  1 1 1
  Mn  -0.021687847814030478  4.7429336808450495  15.698668342111107  1 1 1
  Ni  -0.03559243521470344  10.999572913563206  15.765508110803019  1 1 1
  Cr  2.943305776873304  4.752865030678544  15.8312287934688  1 1 1
  Mn  2.905021836980858  10.999017715604598  15.707848905716896  1 1 1
  Cr  1.276773303804566  1.5379717455326047  16.210520195702912  1 1 1
  Mn  1.4768084148587064  7.907014948482631  15.788704200693582  1 1 1
  Ni  4.335759831605607  1.5552505072676264  15.739451215874302  1 1 1
  Cr  4.455377072477316  7.940826988293169  16.043063453004233  1 1 1
  O  2.5150553823655976e-16  1.5639698768444859  10.603715765005616  0 0 0
  O  1.257527691182799e-15  7.81984938422243  10.603715765005616  0 0 0
  O  2.9279997171202647  1.5639698768444859  10.603715765005616  0 0 0
  O  2.927999717120265  7.81984938422243  10.603715765005616  0 0 0
  O  2.515055382365597e-16  1.5639698768444854  8.163922757128216  0 0 0
  O  1.2575276911827989e-15  7.819849384222429  8.163922757128216  0 0 0
  O  2.9279997171202647  1.5639698768444854  8.163922757128216  0 0 0
  O  2.927999717120265  7.819849384222429  8.163922757128216  0 0 0
  O  1.4639998585601328  3.472013126594758  9.383819261066916  0 0 0
  O  1.4639998585601337  9.727892633972703  9.383819261066916  0 0 0
  O  4.391999575680397  3.472013126594758  9.383819261066916  0 0 0
  O  4.391999575680398  9.727892633972703  9.383819261066915  0 0 0
  O  1.4639998585601328  5.911806134472157  9.383819261066916  0 0 0
  O  1.4639998585601341  12.167685641850102  9.383819261066915  0 0 0
  O  4.391999575680397  5.911806134472157  9.383819261066916  0 0 0
  O  4.391999575680398  12.167685641850102  9.383819261066916  0 0 0
  O  -0.015651967078658274  4.723687326663792  13.820193702630359  1 1 1
  O  0.013298833059259616  10.976579474132931  13.763716407682123  1 1 1
  O  2.9104645440474193  4.718875379746048  13.859826956871409  1 1 1
  O  2.8742859374130396  10.995419249548378  13.868880666415622  1 1 1
  O  7.545166147096793e-16  4.691909630533457  11.291862510817188  0 0 0
  O  1.7605387676559186e-15  10.947789137911402  11.291862510817188  0 0 0
  O  2.9279997171202647  4.691909630533457  11.291862510817188  0 0 0
  O  2.9279997171202656  10.947789137911402  11.291862510817186  0 0 0
  O  1.4622067665094587  0.30408374396859517  12.574156439892768  1 1 1
  O  1.488466370359768  6.530983906957909  12.596383512445046  1 1 1
  O  4.418540188134139  0.28684385851764904  12.646062475644449  1 1 1
  O  4.306713757027909  6.516315516231517  12.590195497902066  1 1 1
  O  1.474597544631367  2.920015258834501  12.573229286937654  1 1 1
  O  1.4592332678684383  9.046157476340412  12.573158211912448  1 1 1
  O  4.376298196190367  2.886398906711019  12.617593872235954  1 1 1
  O  4.3468720007478545  9.071129829016128  12.58151979406023  1 1 1
  O  0.14844208036668027  1.6045298512628654  17.367841539912327  1 1 1
  O  -0.10341687243005494  7.874515289016147  17.116037552655474  1 1 1
  O  2.77945479141447  1.7262000705290375  16.955824939063703  1 1 1
  O  3.031286235545281  7.7826502011439125  17.007318024809436  1 1 1
  O  0.1862069538037495  1.59535003349373  14.785346276950301  1 1 1
  O  -0.10160671790662967  7.894555686448822  14.675973913193953  1 1 1
  O  2.954989072730682  1.6921889465438795  14.34490716394079  1 1 1
  O  2.927832364364726  7.870887384931083  14.541837850868609  1 1 1
  O  1.4124610902162016  3.471477885945213  15.8220657678792  1 1 1
  O  1.5090283263280058  9.784393185501912  16.04552816869895  1 1 1
  O  4.429224193486259  3.518634806745805  15.92338153243339  1 1 1
  O  4.3089318268027705  9.743518663686377  15.976535298481103  1 1 1
  O  1.426382960750247  5.970383526877867  15.901407268871576  1 1 1
  O  1.4805628062607519  12.253313224473384  15.995582461040685  1 1 1
  O  4.385872062329289  5.977019342624723  15.822772652129766  1 1 1
  O  4.271449412191147  12.207105993585465  16.046126385426888  1 1 1
  O  2.865729109486202  4.628037549786859  17.71908008566082  1 1 1
  H  2.890153341870697  3.6752510031036336  17.955744507614888  1 1 1
K_POINTS automatic
  4 2 1 0 0 0
HUBBARD (atomic)
U Cr-3d 3.7000
U Mn-3d 3.9000
U Ni-3d 6.2000
