&CONTROL
  calculation = 'scf'
  prefix = 'O__atomic_ndim16'
  outdir = './tmp'
  pseudo_dir = '/usr/share/espresso/pseudo'
  tprnfor = .true.
  forc_conv_thr = 2.0d-3
  nstep = 200
  max_seconds = 165000
/
&SYSTEM
  ibrav = 0
  nat = 73
  ntyp = 5
  ecutwfc = 80.0
  ecutrho = 640.0
  occupations = 'smearing'
  smearing = 'mv'
  degauss = 0.01
  nosym = .true.
  noinv = .true.
  nspin = 2
  starting_magnetization(1) = 0.4
  starting_magnetization(2) = 0.2
  starting_magnetization(3) = 0.5
  starting_magnetization(4) = 0.5
  starting_magnetization(5) = 0.0
/
&ELECTRONS
  conv_thr = 1.0d-6
  mixing_mode = 'local-TF'
  mixing_beta = 0.3
  mixing_ndim = 16
  electron_maxstep = 300
/
&IONS
  ion_dynamics = 'bfgs'
/
ATOMIC_SPECIES
  Co  58.933  Co_pbe_v1.2.uspp.F.UPF
  Cu  63.546  Cu.paw.z_11.ld1.psl.v1.0.0-low.upf
  Fe  55.845  Fe.pbe-spn-kjpaw_psl.0.2.1.UPF
  Mn  54.938  mn_pbe_v1.5.uspp.F.UPF
  O  15.999  O.pbe-n-kjpaw_psl.0.1.UPF
CELL_PARAMETERS angstrom
  5.955113842225956  0.0  3.646455552720057e-16
  2.031127503823677e-15  12.630426567476672  7.733905733862998e-16
  0.0  0.0  25.26085313495335
ATOMIC_POSITIONS angstrom
  Mn  7.616728139338787e-16  4.7364099628037515  9.472819925607507  0 0 0
  Co  1.7772365658457176e-15  11.051623246542086  9.472819925607507  0 0 0
  Cu  2.977556921112979  4.7364099628037515  9.472819925607507  0 0 0
  Fe  2.97755692111298  11.051623246542086  9.472819925607505  0 0 0
  Cu  1.4887784605564893  1.5788033209345838  9.472819925607507  0 0 0
  Co  1.4887784605564907  7.89401660467292  9.472819925607507  0 0 0
  Co  4.4663353816694675  1.5788033209345838  9.472819925607507  0 0 0
  Cu  4.466335381669468  7.89401660467292  9.472819925607505  0 0 0
  Co  0.02188318009599068  1.6258434416164331  12.541521652983874  1 1 1
  Co  0.02410727998343502  7.8309797210082035  12.537829649628753  1 1 1
  Fe  2.9739440380203503  1.6041070028194868  12.61686718687568  1 1 1
  Fe  2.9962896944059794  7.848424986597257  12.606427597818522  1 1 1
  Cu  1.474641729343625  4.727926669952495  12.61462436191615  1 1 1
  Fe  1.4868353727336088  11.049900876314378  12.666695755885877  1 1 1
  Co  4.4325466661973305  4.739376785642622  12.522804012175127  1 1 1
  Fe  4.468945591964065  11.030116025658419  12.654510284465909  1 1 1
  Mn  -0.006732834640567869  4.70134206836931  15.699505165375394  1 1 1
  Cu  -0.03690222254971063  11.052340659544297  15.909502826389737  1 1 1
  Mn  3.0008733321154684  4.693496620732202  15.69308282564096  1 1 1
  Fe  3.073386272531657  11.164577679949748  15.854171474863282  1 1 1
  Fe  1.4859285689086768  1.509931548851713  15.896434705402624  1 1 1
  Co  1.4770017150242956  7.7179423906903075  15.771459452034076  1 1 1
  Mn  4.501915710435517  1.5831886520465297  15.869831313250517  1 1 1
  Co  4.4908779816682385  7.883441556009494  15.8024642106633  1 1 1
  O  2.538909379779596e-16  1.5788033209345838  10.704286515936483  0 0 0
  O  1.2694546898897982e-15  7.89401660467292  10.704286515936483  0 0 0
  O  2.977556921112979  1.5788033209345838  10.704286515936483  0 0 0
  O  2.9775569211129795  7.89401660467292  10.704286515936483  0 0 0
  O  2.538909379779596e-16  1.5788033209345838  8.24135333527853  0 0 0
  O  1.2694546898897982e-15  7.89401660467292  8.24135333527853  0 0 0
  O  2.977556921112979  1.5788033209345838  8.24135333527853  0 0 0
  O  2.9775569211129795  7.89401660467292  8.24135333527853  0 0 0
  O  1.48877846055649  3.5049433724747754  9.472819925607507  0 0 0
  O  1.4887784605564909  9.820156656213111  9.472819925607507  0 0 0
  O  4.466335381669468  3.5049433724747754  9.472819925607507  0 0 0
  O  4.466335381669469  9.820156656213111  9.472819925607505  0 0 0
  O  1.48877846055649  5.967876553132727  9.472819925607507  0 0 0
  O  1.4887784605564913  12.283089836871062  9.472819925607505  0 0 0
  O  4.466335381669468  5.967876553132727  9.472819925607507  0 0 0
  O  4.466335381669469  12.283089836871062  9.472819925607507  0 0 0
  O  -0.06232684649459794  4.736749332262208  13.848860746041511  1 1 1
  O  0.009246433541854768  11.023420081872949  13.863456137297936  1 1 1
  O  3.008741699509821  4.727058922397818  13.80275396245277  1 1 1
  O  2.9795544508494176  11.031800682151475  13.950913374440487  1 1 1
  O  7.616728139338787e-16  4.7364099628037515  11.3989599771477  0 0 0
  O  1.777236565845717e-15  11.051623246542086  11.3989599771477  0 0 0
  O  2.977556921112979  4.7364099628037515  11.3989599771477  0 0 0
  O  2.97755692111298  11.051623246542086  11.398959977147697  0 0 0
  O  1.4741394806477375  0.40238285804530194  12.638573508356169  1 1 1
  O  1.4936128510973978  6.666617738844503  12.613120179878905  1 1 1
  O  4.489943787406519  0.4255234472013576  12.666490254981925  1 1 1
  O  4.464713835477914  6.585414877240316  12.619704649382493  1 1 1
  O  1.4775662923618567  2.7843450849644014  12.63877190037499  1 1 1
  O  1.4898166580444991  9.049894905599315  12.67412325220099  1 1 1
  O  4.458300154110882  2.861539027201364  12.613702533780165  1 1 1
  O  4.496300275769846  9.027979821187387  12.674634349505522  1 1 1
  O  0.05620888073573732  1.673864071971692  17.051041068680387  1 1 1
  O  -0.006292837263083439  7.7240258947712865  16.85340780545654  1 1 1
  O  2.9638254884564823  1.6069813419608883  17.030542306542735  1 1 1
  O  2.977497522288598  7.772024600830754  16.857144092791007  1 1 1
  O  0.03920413520005769  1.519996653370101  14.596506753092505  1 1 1
  O  0.0497929366445157  7.86207575237442  14.51643947391593  1 1 1
  O  2.958396259775249  1.487253686825444  14.634973265197548  1 1 1
  O  2.9685170217448813  7.878419531556662  14.61010705572674  1 1 1
  O  1.4969336092968393  3.520466360904857  15.969423182293834  1 1 1
  O  1.3217447932294004  9.634318440764268  16.315276546025533  1 1 1
  O  4.478602128746444  3.528002886879793  15.989668590056493  1 1 1
  O  4.5491589299908295  9.745547546065906  16.039041707965346  1 1 1
  O  1.5056090537589255  5.866944446269532  16.002947871234703  1 1 1
  O  1.4583130820873549  12.200224058166627  16.120593809441477  1 1 1
  O  4.464893154261108  5.939159062205874  16.001195987139482  1 1 1
  O  4.53253268720743  12.309568734382156  16.24766507395796  1 1 1
  O  2.1558533660411663  9.933778077912068  17.307643109996864  1 1 1
K_POINTS automatic
  4 2 1 0 0 0
HUBBARD (atomic)
U Co-3d 3.3200
U Fe-3d 5.3000
U Mn-3d 3.9000
