&CONTROL
  calculation = 'scf'
  prefix = 'OOH__atomic_ndim16'
  outdir = './tmp'
  pseudo_dir = '/usr/share/espresso/pseudo'
  tprnfor = .true.
  forc_conv_thr = 2.0d-3
  nstep = 200
  max_seconds = 165000
/
&SYSTEM
  ibrav = 0
  nat = 75
  ntyp = 6
  ecutwfc = 80.0
  ecutrho = 640.0
  occupations = 'smearing'
  smearing = 'mv'
  degauss = 0.01
  nosym = .true.
  noinv = .true.
  nspin = 2
  starting_magnetization(1) = 0.4
  starting_magnetization(2) = 0.2
  starting_magnetization(3) = 0.5
  starting_magnetization(4) = 0.5
  starting_magnetization(5) = 0.0
  starting_magnetization(6) = 0.0
/
&ELECTRONS
  conv_thr = 1.0d-6
  mixing_mode = 'local-TF'
  mixing_beta = 0.3
  mixing_ndim = 16
  electron_maxstep = 300
/
&IONS
  ion_dynamics = 'bfgs'
/
ATOMIC_SPECIES
  Co  58.933  Co_pbe_v1.2.uspp.F.UPF
  Cu  63.546  Cu.paw.z_11.ld1.psl.v1.0.0-low.upf
  Fe  55.845  Fe.pbe-spn-kjpaw_psl.0.2.1.UPF
  Mn  54.938  mn_pbe_v1.5.uspp.F.UPF
  O  15.999  O.pbe-n-kjpaw_psl.0.1.UPF
  H  1.008  H.pbe-rrkjus_psl.1.0.0.UPF
CELL_PARAMETERS angstrom
  5.955113842225956  0.0  3.646455552720057e-16
  2.031127503823677e-15  12.630426567476672  7.733905733862998e-16
  0.0  0.0  25.26085313495335
ATOMIC_POSITIONS angstrom
  Mn  7.616728139338787e-16  4.7364099628037515  9.472819925607507  0 0 0
  Co  1.7772365658457176e-15  11.051623246542086  9.472819925607507  0 0 0
  Cu  2.977556921112979  4.7364099628037515  9.472819925607507  0 0 0
  Fe  2.97755692111298  11.051623246542086  9.472819925607505  0 0 0
  Cu  1.4887784605564893  1.5788033209345838  9.472819925607507  0 0 0
  Co  1.4887784605564907  7.89401660467292  9.472819925607507  0 0 0
  Co  4.4663353816694675  1.5788033209345838  9.472819925607507  0 0 0
  Cu  4.466335381669468  7.89401660467292  9.472819925607505  0 0 0
  Co  0.016127485319321358  1.6234860092307004  12.54247981278016  1 1 1
  Co  0.004844110651894249  7.8360341904927076  12.565026482090987  1 1 1
  Fe  2.968309796617973  1.604448209435174  12.61594683827187  1 1 1
  Fe  2.9821682122449102  7.842657051480268  12.604360441420045  1 1 1
  Cu  1.4679344389358084  4.732190377613482  12.621985100642378  1 1 1
  Fe  1.4920804921658997  11.042369755152938  12.660219720511543  1 1 1
  Co  4.423113787333526  4.735695251167299  12.530665657699183  1 1 1
  Fe  4.456001586253663  11.038874492991049  12.662973839891217  1 1 1
  Mn  -0.02025589383324739  4.695927222533848  15.717459174940808  1 1 1
  Cu  0.004383351411028907  10.927336631888128  15.940832201729199  1 1 1
  Mn  2.9729051877522052  4.691245724363537  15.7119483343633  1 1 1
  Fe  2.9788912314442824  10.991059039908817  15.912144145988108  1 1 1
  Fe  1.4692057609030087  1.4794491004633459  15.887455891970399  1 1 1
  Co  1.4654560160375494  7.850247080761936  15.785031758242505  1 1 1
  Mn  4.4867009482638345  1.5095520624231715  15.841989661648123  1 1 1
  Co  4.458585457799813  7.864616011134153  15.780603624346407  1 1 1
  O  2.538909379779596e-16  1.5788033209345838  10.704286515936483  0 0 0
  O  1.2694546898897982e-15  7.89401660467292  10.704286515936483  0 0 0
  O  2.977556921112979  1.5788033209345838  10.704286515936483  0 0 0
  O  2.9775569211129795  7.89401660467292  10.704286515936483  0 0 0
  O  2.538909379779596e-16  1.5788033209345838  8.24135333527853  0 0 0
  O  1.2694546898897982e-15  7.89401660467292  8.24135333527853  0 0 0
  O  2.977556921112979  1.5788033209345838  8.24135333527853  0 0 0
  O  2.9775569211129795  7.89401660467292  8.24135333527853  0 0 0
  O  1.48877846055649  3.5049433724747754  9.472819925607507  0 0 0
  O  1.4887784605564909  9.820156656213111  9.472819925607507  0 0 0
  O  4.466335381669468  3.5049433724747754  9.472819925607507  0 0 0
  O  4.466335381669469  9.820156656213111  9.472819925607505  0 0 0
  O  1.48877846055649  5.967876553132727  9.472819925607507  0 0 0
  O  1.4887784605564913  12.283089836871062  9.472819925607505  0 0 0
  O  4.466335381669468  5.967876553132727  9.472819925607507  0 0 0
  O  4.466335381669469  12.283089836871062  9.472819925607507  0 0 0
  O  -0.0762675622678536  4.740736526681606  13.865439966069426  1 1 1
  O  -0.0008330002418638054  11.052924419334287  13.819452375240076  1 1 1
  O  2.9972491144927034  4.728864548270553  13.820187212418265  1 1 1
  O  2.9672636207757392  11.048181111831068  13.944182053739405  1 1 1
  O  7.616728139338787e-16  4.7364099628037515  11.3989599771477  0 0 0
  O  1.777236565845717e-15  11.051623246542086  11.3989599771477  0 0 0
  O  2.977556921112979  4.7364099628037515  11.3989599771477  0 0 0
  O  2.97755692111298  11.051623246542086  11.398959977147697  0 0 0
  O  1.4714527672852888  0.402107823535919  12.629870533831419  1 1 1
  O  1.4826962556968832  6.668745763931016  12.601356248617389  1 1 1
  O  4.478274956792106  0.4289419996796706  12.646166849297334  1 1 1
  O  4.446701912505954  6.582891847789754  12.603348517481713  1 1 1
  O  1.4699939006037341  2.788407810701978  12.632947843449141  1 1 1
  O  1.4870079279376238  9.055524034590722  12.67171231000373  1 1 1
  O  4.450701116634446  2.8641098595481083  12.612874432590067  1 1 1
  O  4.4716412043366125  9.037240378147382  12.666730019933782  1 1 1
  O  0.0216379350132054  1.5794746087887468  17.04079489618014  1 1 1
  O  -0.002541110998552783  7.777437586526897  16.828576039509667  1 1 1
  O  2.9702910806411826  1.5073943529549474  17.02059746289157  1 1 1
  O  2.9756618328812383  7.782687789041344  16.858185391062264  1 1 1
  O  0.029887418742161487  1.528177464364472  14.581099593589665  1 1 1
  O  -0.00888631232354097  7.830995100446005  14.46717687228484  1 1 1
  O  2.936750077063697  1.5115474282288168  14.615175122611204  1 1 1
  O  2.9592596593821385  7.8058528241603025  14.589114684005844  1 1 1
  O  1.4777762378586254  3.5126061261069372  16.008072799811536  1 1 1
  O  1.4437718363339547  9.686587816533345  16.09297496221824  1 1 1
  O  4.457719178243658  3.4980943149808383  16.00278517659961  1 1 1
  O  4.519962624013055  9.673880641867955  16.01401771718887  1 1 1
  O  1.4789971181595412  5.8953585603020455  16.006770495286666  1 1 1
  O  1.43226676460726  12.157346157594699  16.11992415640033  1 1 1
  O  4.44957183501682  5.907248301760003  16.029010086534882  1 1 1
  O  4.531702223688576  12.188257268665204  16.053917235127233  1 1 1
  O  3.084195933862503  10.997869945293276  18.07323577055633  1 1 1
  O  4.317604655861416  10.762449393682092  18.562267736693148  1 1 1
  H  4.235363145725553  11.09670564405275  19.494659330652297  1 1 1
K_POINTS automatic
  4 2 1 0 0 0
HUBBARD (atomic)
U Co-3d 3.3200
U Fe-3d 5.3000
U Mn-3d 3.9000
