&CONTROL
  calculation = 'scf'
  prefix = 'slab__atomic'
  outdir = './tmp'
  pseudo_dir = '/usr/share/espresso/pseudo'
  tprnfor = .true.
  forc_conv_thr = 2.0d-3
  nstep = 200
  max_seconds = 165000
/
&SYSTEM
  ibrav = 0
  nat = 72
  ntyp = 5
  ecutwfc = 80.0
  ecutrho = 640.0
  occupations = 'smearing'
  smearing = 'mv'
  degauss = 0.01
  nosym = .true.
  noinv = .true.
  nspin = 2
  starting_magnetization(1) = 0.4
  starting_magnetization(2) = 0.6
  starting_magnetization(3) = 0.5
  starting_magnetization(4) = 0.3
  starting_magnetization(5) = 0.0
/
&ELECTRONS
  conv_thr = 1.0d-6
  mixing_mode = 'local-TF'
  mixing_beta = 0.3
  electron_maxstep = 300
/
&IONS
  ion_dynamics = 'bfgs'
/
ATOMIC_SPECIES
  Co  58.933  Co_pbe_v1.2.uspp.F.UPF
  Cr  51.996  cr_pbe_v1.5.uspp.F.UPF
  Fe  55.845  Fe.pbe-spn-kjpaw_psl.0.2.1.UPF
  Ni  58.693  ni_pbe_v1.4.uspp.F.UPF
  O  15.999  O.pbe-n-kjpaw_psl.0.1.UPF
CELL_PARAMETERS angstrom
  5.9455  0.0  3.640568772165294e-16
  2.0264516267117194e-15  12.601349947525463  7.716101439086363e-16
  0.0  0.0  25.20269989505093
ATOMIC_POSITIONS angstrom
  Co  2.5330645333896493e-16  1.575168743440683  9.4510124606441  0 0 0
  Fe  1.266532266694825e-15  7.875843717203415  9.4510124606441  0 0 0
  Cr  2.972750000000001  1.575168743440683  9.4510124606441  0 0 0
  Co  2.9727500000000013  7.875843717203415  9.4510124606441  0 0 0
  Fe  1.486375000000001  4.725506230322049  9.4510124606441  0 0 0
  Fe  1.486375000000002  11.02618120408478  9.451012460644098  0 0 0
  Ni  4.459125000000001  4.725506230322049  9.4510124606441  0 0 0
  Ni  4.459125000000002  11.02618120408478  9.4510124606441  0 0 0
  Cr  0.009427568980708519  4.724067654378961  12.674912036612998  1 1 1
  Ni  0.0014840452695888359  11.070925231756458  12.60188069740521  1 1 1
  Cr  2.9837687161397124  4.660330285310204  12.66862338136389  1 1 1
  Co  2.996847160980477  11.03700665700958  12.598232474296987  1 1 1
  Co  1.4484209851939382  1.533024779715813  12.55287408249882  1 1 1
  Ni  1.4774155779703102  7.94695901542592  12.588236455275236  1 1 1
  Co  4.4832880733763725  1.531254616903101  12.548994143891898  1 1 1
  Ni  4.477905520052203  7.9460574526163406  12.588350583645273  1 1 1
  Fe  0.028432288453774802  1.5765779384877818  15.688837336255638  1 1 1
  Ni  0.09208962318010966  7.878833842564076  15.729023910748655  1 1 1
  Cr  3.0072762441056686  1.567608086353943  15.645001954722359  1 1 1
  Co  2.951508811576939  7.870986586123882  15.612445209122226  1 1 1
  Fe  1.474761939409603  4.75748283913883  15.864445301500272  1 1 1
  Fe  1.4663277535663457  10.988398580824308  15.71776434447836  1 1 1
  Cr  4.411481169349713  4.836441190229403  16.068939189281824  1 1 1
  Cr  4.46228747231565  10.881255488793386  16.02671037480694  1 1 1
  O  7.599193600168949e-16  4.72550623032205  10.679644080527831  0 0 0
  O  1.7731451733727548e-15  11.026181204084782  10.679644080527831  0 0 0
  O  2.9727500000000013  4.72550623032205  10.679644080527831  0 0 0
  O  2.972750000000002  11.026181204084782  10.67964408052783  0 0 0
  O  7.59919360016895e-16  4.7255062303220505  8.222380840760364  0 0 0
  O  1.7731451733727548e-15  11.026181204084782  8.222380840760364  0 0 0
  O  2.9727500000000013  4.7255062303220505  8.222380840760364  0 0 0
  O  2.972750000000002  11.026181204084782  8.222380840760362  0 0 0
  O  1.4863750000000002  0.34653712355695127  9.4510124606441  0 0 0
  O  1.4863750000000013  6.647212097319683  9.4510124606441  0 0 0
  O  4.459125  0.34653712355695127  9.4510124606441  0 0 0
  O  4.459125000000001  6.647212097319683  9.4510124606441  0 0 0
  O  1.4863750000000007  2.803800363324416  9.4510124606441  0 0 0
  O  1.4863750000000022  9.104475337087148  9.4510124606441  0 0 0
  O  4.459125000000001  2.803800363324416  9.4510124606441  0 0 0
  O  4.459125000000002  9.104475337087148  9.451012460644098  0 0 0
  O  -0.007525990782110845  1.6143041944947805  13.75039933426502  1 1 1
  O  0.016563069964069838  7.945326070549645  13.766028025573245  1 1 1
  O  2.966528835245312  1.6214241921389412  13.934488527002983  1 1 1
  O  2.97886503525264  7.877650260554815  13.892225905302428  1 1 1
  O  2.53306453338965e-16  1.575168743440683  11.37271832764173  0 0 0
  O  1.266532266694825e-15  7.875843717203415  11.37271832764173  0 0 0
  O  2.972750000000001  1.575168743440683  11.37271832764173  0 0 0
  O  2.9727500000000013  7.875843717203415  11.37271832764173  0 0 0
  O  1.5033828781981016  3.4373420442318583  12.602614965062397  1 1 1
  O  1.5447531031260986  9.88109472132281  12.609917147642191  1 1 1
  O  4.458709383951901  3.416640705723851  12.553210727195365  1 1 1
  O  4.3984705395283745  9.877941299535106  12.579859793583156  1 1 1
  O  1.4522153901685952  5.900888993037872  12.665314071612784  1 1 1
  O  1.5002977786502374  12.375595367163815  12.619796553860983  1 1 1
  O  4.471895664930198  5.901256714116175  12.620931752854878  1 1 1
  O  4.446024386247003  12.372169969109484  12.587382212845952  1 1 1
  O  -0.17511031112499642  4.770351466983472  17.06672619785379  1 1 1
  O  -0.17801748471579767  10.979966159329893  17.071245825549617  1 1 1
  O  3.0991780345228017  4.785245475048989  17.108812782308014  1 1 1
  O  3.0675504267872205  10.989320929303966  16.9728059048928  1 1 1
  O  -0.07997932402307384  4.61976621539839  14.553048355425636  1 1 1
  O  -0.1100960466044885  11.091288910376944  14.622747445566704  1 1 1
  O  3.058790609047995  4.637632967004376  14.520081844546175  1 1 1
  O  3.035275225945784  11.073349850975342  14.435538904199053  1 1 1
  O  1.5828498679783853  0.3427541614876068  16.030204116128505  1 1 1
  O  1.5916697318033723  6.658089728978421  15.961049233480326  1 1 1
  O  4.359163612418091  0.38574737154824146  16.01633252746899  1 1 1
  O  4.393149860187658  6.622036042390626  15.82852765680617  1 1 1
  O  1.5892138670876306  2.7891179115485905  16.092140380866468  1 1 1
  O  1.5981854110882967  9.09393119418514  15.968522600415252  1 1 1
  O  4.367947089115664  2.7830083173492883  16.02809231103062  1 1 1
  O  4.392930696593721  9.084146844061515  15.884863385025458  1 1 1
K_POINTS automatic
  4 2 1 0 0 0
HUBBARD (atomic)
U Co-3d 3.3200
U Cr-3d 3.7000
U Fe-3d 5.3000
U Ni-3d 6.2000
