&CONTROL
  calculation = 'scf'
  prefix = 'OH__atomic'
  outdir = '/anvil/projects/x-che260157/sts_arm_c_2026-10-07/runs/hea/arm_c_2026-10-07/Cu26Ni9Cr31Co33__s1_site0/tmp_OH__atomic'
  pseudo_dir = '/anvil/projects/x-che260157/pseudo'
  tprnfor = .true.
  forc_conv_thr = 2.0d-3
  nstep = 200
  max_seconds = 165000
/
&SYSTEM
  ibrav = 0
  nat = 74
  ntyp = 6
  ecutwfc = 80.0
  ecutrho = 640.0
  occupations = 'smearing'
  smearing = 'mv'
  degauss = 0.01
  nosym = .true.
  noinv = .true.
  nspin = 2
  starting_magnetization(1) = 0.4
  starting_magnetization(2) = 0.6
  starting_magnetization(3) = 0.2
  starting_magnetization(4) = 0.3
  starting_magnetization(5) = 0.0
  starting_magnetization(6) = 0.0
/
&ELECTRONS
  conv_thr = 1.0d-6
  mixing_mode = 'local-TF'
  mixing_beta = 0.3
  electron_maxstep = 300
/
&IONS
  ion_dynamics = 'bfgs'
/
ATOMIC_SPECIES
  Co  58.933  Co_pbe_v1.2.uspp.F.UPF
  Cr  51.996  cr_pbe_v1.5.uspp.F.UPF
  Cu  63.546  Cu.paw.z_11.ld1.psl.v1.0.0-low.upf
  Ni  58.693  ni_pbe_v1.4.uspp.F.UPF
  O  15.999  O.pbe-n-kjpaw_psl.0.1.UPF
  H  1.008  H.pbe-rrkjus_psl.1.0.0.UPF
CELL_PARAMETERS angstrom
  5.937647166200523  0.0  3.6357602982769114e-16
  2.0233485575117938e-15  12.582053725309144  7.704285910699937e-16
  0.0  0.0  25.164107450618296
ATOMIC_POSITIONS angstrom
  Cu  2.5291856968897417e-16  1.5727567156636428  9.43654029398186  0 0 0
  Co  1.2645928484448713e-15  7.863783578318215  9.43654029398186  0 0 0
  Ni  2.9688235831002623  1.5727567156636428  9.43654029398186  0 0 0
  Co  2.9688235831002627  7.863783578318215  9.43654029398186  0 0 0
  Co  1.4844117915501316  4.718270146990929  9.43654029398186  0 0 0
  Co  1.4844117915501327  11.0092970096455  9.43654029398186  0 0 0
  Co  4.453235374650393  4.718270146990929  9.43654029398186  0 0 0
  Cr  4.453235374650394  11.0092970096455  9.436540293981862  0 0 0
  Co  -0.021367067075577943  4.769068235695418  12.665013162214805  1 1 1
  Cr  0.005001044108307751  11.018834603397503  12.727447327653962  1 1 1
  Cu  2.9622849108926665  4.729266688959979  12.586252505799662  1 1 1
  Cr  2.9729734384769455  11.00756061125017  12.623782725066649  1 1 1
  Cr  1.42562583580219  1.6173459740045786  12.486494255331825  1 1 1
  Cu  1.456981052761796  7.839129028380654  12.5650602747365  1 1 1
  Cu  4.493451308035229  1.6127989556056284  12.590414862675347  1 1 1
  Cu  4.491513125689031  7.845628268089695  12.56410898875071  1 1 1
  Cr  0.0006142340802069055  1.5636059132150348  15.931374788022971  1 1 1
  Cu  0.004512883948090193  7.8705797135958475  15.924709861883796  1 1 1
  Cr  2.961659084330925  1.613296646396465  15.52078791632091  1 1 1
  Cr  3.0040097253826414  7.879027089410949  15.640375207218469  1 1 1
  Co  1.5023303154764516  4.800223974241834  15.832329276183211  1 1 1
  Cr  1.5773828915763375  10.992894342561218  16.022676317122993  1 1 1
  Ni  4.412204697454573  4.7666411944319265  15.713215046989145  1 1 1
  Co  4.4372221505178375  10.997925232323924  15.905148831911085  1 1 1
  O  7.587557090669226e-16  4.718270146990929  10.663290532199504  0 0 0
  O  1.7704299878228195e-15  11.0092970096455  10.663290532199504  0 0 0
  O  2.9688235831002623  4.718270146990929  10.663290532199504  0 0 0
  O  2.968823583100263  11.0092970096455  10.663290532199504  0 0 0
  O  7.587557090669229e-16  4.718270146990931  8.209790055764218  0 0 0
  O  1.7704299878228197e-15  11.009297009645502  8.209790055764218  0 0 0
  O  2.9688235831002623  4.718270146990931  8.209790055764218  0 0 0
  O  2.968823583100263  11.009297009645502  8.209790055764218  0 0 0
  O  1.484411791550131  0.3460064774460025  9.43654029398186  0 0 0
  O  1.484411791550132  6.637033340100575  9.43654029398186  0 0 0
  O  4.453235374650392  0.3460064774460025  9.43654029398186  0 0 0
  O  4.453235374650393  6.637033340100575  9.43654029398186  0 0 0
  O  1.4844117915501314  2.7995069538812856  9.43654029398186  0 0 0
  O  1.4844117915501325  9.090533816535856  9.43654029398186  0 0 0
  O  4.453235374650393  2.7995069538812856  9.43654029398186  0 0 0
  O  4.453235374650394  9.090533816535856  9.43654029398186  0 0 0
  O  0.05243290951163083  1.5469078503987992  13.99994507089395  1 1 1
  O  0.011892041486376043  7.852186542528098  13.826393747981877  1 1 1
  O  2.9603106520807905  1.534605213303315  13.836448108578933  1 1 1
  O  2.9835252612282392  7.869901210597942  13.95625838862224  1 1 1
  O  2.529185696889745e-16  1.5727567156636444  11.355303487091508  0 0 0
  O  1.2645928484448713e-15  7.863783578318215  11.355303487091508  0 0 0
  O  2.9688235831002623  1.5727567156636444  11.355303487091508  0 0 0
  O  2.9688235831002627  7.863783578318215  11.355303487091508  0 0 0
  O  1.437003913991779  3.4080363108824705  12.635725663114183  1 1 1
  O  1.490603609188376  9.820170492409959  12.576467150306486  1 1 1
  O  4.517879971119517  3.533764565056793  12.558085324568676  1 1 1
  O  4.447042959089674  9.82194343291406  12.667037972824291  1 1 1
  O  1.4178102813975615  5.914924973558591  12.573933391577153  1 1 1
  O  1.4804626981101678  12.309286668919038  12.59331059320012  1 1 1
  O  4.509552767766926  5.924235850614802  12.557333505367183  1 1 1
  O  4.461915562599243  12.219983545252518  12.656723797503885  1 1 1
  O  0.11508018823407351  4.698950100654094  16.868031274453745  1 1 1
  O  0.08700808188318979  11.04809083164188  16.93328712267661  1 1 1
  O  2.8680804696546094  4.798954385875505  16.920934264291695  1 1 1
  O  2.931394388054701  10.998048937522377  17.09761994745006  1 1 1
  O  -0.010178942639118687  4.7619023586844005  14.457300049578413  1 1 1
  O  0.10564243359307131  11.005775538280496  14.505785957640606  1 1 1
  O  2.9023196414709953  4.847977363189207  14.516959354849481  1 1 1
  O  2.8469979125781535  10.973591614849614  14.591495945876344  1 1 1
  O  1.6206961405408449  0.39436804887883137  16.012579973295757  1 1 1
  O  1.514755796628082  6.649759276381712  15.990381875444811  1 1 1
  O  4.394681419609907  0.259980252433734  15.861243845551488  1 1 1
  O  4.36811662804926  6.769622592353625  16.123054582471234  1 1 1
  O  1.5666778163590651  2.8130051920142582  15.845771231670646  1 1 1
  O  1.571341787034703  9.003334268592244  16.12231654263835  1 1 1
  O  4.284831785985397  2.7140941312191256  15.925239508573876  1 1 1
  O  4.449501475917112  9.161685593896097  16.02576608282837  1 1 1
  O  -0.0652108039183012  1.610284170302757  17.783606237187325  1 1 1
  H  0.8128897288683216  1.5718528476190066  18.20854503015761  1 1 1
K_POINTS automatic
  4 2 1 0 0 0
HUBBARD (atomic)
U Co-3d 3.3200
U Cr-3d 3.7000
U Ni-3d 6.2000
