0.0
0.0
0.0
0.0
0.0
0.0
0.0
0.0
0.0
0.0
0.0
0.0
0.0
0.0
0.0
0.0
0.0
0.0
0.0
0.0
0.0
0.0
0.0
0.0
0.0
0.0
0.0
0.0
0.0
0.0
0.0
0.0
0.0
0.0
0.0
0.0
0.0
0.0
0.0
0.0
0.0
0.0
0.0
0.0
0.0
0.0
0.0
0.0
0.0
0.0
0.9489744133350759
0.00020999702398931668
-0.0007447265117188898
0.00798144908151876
0.0025579617998968004
0.00020999702398931668
0.9942045672944761
0.0008795465930155108
-0.0002629772089709248
0.0009464130615239633
-0.0007447265117188898
0.0008795465930155108
0.9993779279976389
0.00044019943121483983
-0.0008269198163213213
0.00798144908151876
-0.0002629772089709248
0.00044019943121483983
0.9909001672247642
-0.0028470122355176613
0.0025579617998968004
0.0009464130615239633
-0.0008269198163213213
-0.0028470122355176613
0.7907604619843419
0.41974127214481544
0.03160023830820694
-0.0015773342996754833
0.10319580016419526
0.004303200764992535
0.03160023830820694
0.7422960081516126
0.05925545403695629
-0.009127297148897432
-0.00016354485589421616
-0.0015773342996754833
0.05925545403695629
0.21680408393234307
-0.00025136268138876
0.0009054507205676696
0.10319580016419526
-0.009127297148897432
-0.00025136268138876
0.9709183295966843
0.00707592238668106
0.004303200764992535
-0.00016354485589421616
0.0009054507205676696
0.00707592238668106
0.40528145034575375
0.9751506988700018
-0.0021940829649855823
0.002619766880503451
0.004910923166860172
-0.00018690392070708006
-0.0021940829649855823
0.9944337966415999
0.0015148721801811946
0.0002643875302192977
-0.0008462520760973058
0.002619766880503451
0.0015148721801811946
0.9946085337396648
-0.0008325007844178228
0.0012925590984302264
0.004910923166860172
0.0002643875302192977
-0.0008325007844178228
0.9928219968723949
-0.001681202417469372
-0.00018690392070708006
-0.0008462520760973058
0.0012925590984302264
-0.001681202417469372
0.8907397348485271
0.20142789733525798
0.007653377882416281
0.020592530734904996
0.015533706939425818
-0.0032858324885421605
0.007653377882416281
0.9861510998200944
-0.0033464767957379514
2.79554865297627e-05
-0.003183477782657174
0.020592530734904996
-0.0033464767957379514
0.9863986092038051
0.0018483166205702586
-0.001691699430765884
0.015533706939425818
2.79554865297627e-05
0.0018483166205702586
0.9915675310812287
0.006216130847810401
-0.0032858324885421605
-0.003183477782657174
-0.001691699430765884
0.006216130847810401
0.33225497181507013
0.9618851914398199
-0.0013300670829053713
-0.00233324834575193
0.008248121860363602
-0.0013727016724531488
-0.0013300670829053713
0.994357150510648
-0.0009616432644068194
0.0002966089905889473
0.0011493108855176067
-0.00233324834575193
-0.0009616432644068194
0.9991988651453998
0.0005523959671063523
0.0008701079299173786
0.008248121860363602
0.0002966089905889473
0.0005523959671063523
0.9905506974730552
0.002469659526731778
-0.0013727016724531488
0.0011493108855176067
0.0008701079299173786
0.002469659526731778
0.7886527781457762
0.38311675535422757
-0.023735486562000134
0.002243652733957727
0.1174781581059604
-0.0028071080303245523
-0.023735486562000134
0.76997981888351
-0.042244987729239174
0.007017529316719444
-0.0011989774158345438
0.002243652733957727
-0.042244987729239174
0.2160666422162174
-0.004579028363332658
-0.0008749340580104331
0.1174781581059604
0.007017529316719444
-0.004579028363332658
0.9630806802539102
-0.006713103137686908
-0.0028071080303245523
-0.0011989774158345438
-0.0008749340580104331
-0.006713103137686908
0.40431817904349665
0.9582933751657663
-0.002405830038614479
0.0001905223694486987
-0.08567120604318283
0.0001333614159998076
-0.002405830038614479
0.6755353033035429
0.0008541260852707059
-0.00036615605438355085
0.0006257483481495107
0.0001905223694486987
0.0008541260852707059
0.9989503388986536
0.0005098200341444201
-0.0001609815515745634
-0.08567120604318283
-0.00036615605438355085
0.0005098200341444201
0.7600614965032991
-0.0003088523738928648
0.0001333614159998076
0.0006257483481495107
-0.0001609815515745634
-0.0003088523738928648
0.9920545035535188
0.9150783395391746
0.005075162764985552
0.0035510313857999615
-0.1691585437907085
0.00712834912507358
0.005075162764985552
0.5077097731075256
0.0020269885030167727
-0.0027745943337180263
-0.0011865360186051309
0.0035510313857999615
0.0020269885030167727
0.3890573063124992
0.001982983720978288
0.004736046955853962
-0.1691585437907085
-0.0027745943337180263
0.001982983720978288
0.5830574068587115
0.014253077529857815
0.00712834912507358
-0.0011865360186051309
0.004736046955853962
0.014253077529857815
0.8308266963995208
0.9513333253384104
0.0003434477567263268
0.0001929106793283269
-0.09869721535938801
-0.000561619368169877
0.0003434477567263268
0.7679128734503393
0.0013020604715853201
-0.00068395664904565
0.0007258499056419001
0.0001929106793283269
0.0013020604715853201
0.9880341561953515
-9.712979957188143e-05
-0.0005696775660545107
-0.09869721535938801
-0.00068395664904565
-9.712979957188143e-05
0.7892019694239782
-0.0001492873219839567
-0.000561619368169877
0.0007258499056419001
-0.0005696775660545107
-0.0001492873219839567
0.9662740431329242
0.2007952675657398
-0.0006857233187940305
-0.012540243631029954
0.09934181135030218
0.019532292677268286
-0.0006857233187940305
0.528264339912542
0.003067842664446128
0.0022341952204642896
0.0015965751773717805
-0.012540243631029954
0.003067842664446128
0.9544849522671816
0.005662042261365231
0.0005970028458045005
0.09934181135030218
0.0022341952204642896
0.005662042261365231
0.39006950899949155
-0.02534603799417657
0.019532292677268286
0.0015965751773717805
0.0005970028458045005
-0.02534603799417657
0.9853746735627916
0.9563010210883137
0.0024435661910061626
-0.00033084720310070086
-0.08581437098595986
0.0001600874033730271
0.0024435661910061626
0.6772725703379732
-0.0014539855784710973
0.00019156667983736037
-0.001712565390390453
-0.00033084720310070086
-0.0014539855784710973
0.9989535633447192
-0.0013118403861892278
0.00024154422040329355
-0.08581437098595986
0.00019156667983736037
-0.0013118403861892278
0.7629981692039787
0.0007762151067720157
0.0001600874033730271
-0.001712565390390453
0.00024154422040329355
0.0007762151067720157
0.9923195536620152
0.9136536021799795
-0.004692627667777164
-0.00298528794065221
-0.1694128947632595
-0.00891940051736998
-0.004692627667777164
0.5037232179704578
-0.00017644226771557656
0.003324646051527393
0.0033251494902859034
-0.00298528794065221
-0.00017644226771557656
0.4022204343654859
0.006218660221774074
-0.015065425051012705
-0.1694128947632595
0.003324646051527393
0.006218660221774074
0.5820561786643449
-0.01300227261966425
-0.00891940051736998
0.0033251494902859034
-0.015065425051012705
-0.01300227261966425
0.8231560836406585
0.9138155323278239
-0.001376193181950784
-0.002250374729743852
-0.14357928581141852
1.1704054151520673e-05
-0.001376193181950784
0.5492046803242364
0.00045221241111990495
0.00011523699848827155
-0.001874950349739977
-0.002250374729743852
0.00045221241111990495
0.6560481229591759
-0.003071149294636661
-0.0011291537421379788
-0.14357928581141852
0.00011523699848827155
-0.003071149294636661
0.6355851832285598
0.0011775091608808338
1.1704054151520673e-05
-0.001874950349739977
-0.0011291537421379788
0.0011775091608808338
0.7813602670730757
0.15260921217915205
0.0003243434143208141
-0.00029193578916277625
0.1066624398352238
0.0006236558212818913
0.0003243434143208141
0.40113117195818904
-0.00016935498684442926
-0.0008761015656465061
-0.0008375200373704268
-0.00029193578916277625
-0.00016935498684442926
0.1588541963920808
-0.0006265720354936156
-0.0009209366451325344
0.1066624398352238
-0.0008761015656465061
-0.0006265720354936156
0.34618458950334513
0.001531559665942692
0.0006236558212818913
-0.0008375200373704268
-0.0009209366451325344
0.001531559665942692
0.1484526426924095
0.7176452522821132
0.006144588126719389
6.276514102272488e-05
0.031132610309194925
-0.0049765172562690994
0.006144588126719389
0.9862644929743065
0.0028364126341156055
0.001216094817787023
-0.000622844972046203
6.276514102272488e-05
0.0028364126341156055
0.9954831313856148
0.000461451316129348
0.005230108914080555
0.031132610309194925
0.001216094817787023
0.000461451316129348
0.9764342411521292
-0.006200872483460851
-0.0049765172562690994
-0.000622844972046203
0.005230108914080555
-0.006200872483460851
0.6862760677712655
0.5196253446373892
0.0016634553890152255
-0.0012047032607568008
0.027076419591705717
-0.027950319125139778
0.0016634553890152255
0.7888232308080463
-0.14151639628187804
0.0005545368208689029
-0.00669298720813958
-0.0012047032607568008
-0.14151639628187804
0.5215417110494756
-0.010858123936572189
-0.005993850127131601
0.027076419591705717
0.0005545368208689029
-0.010858123936572189
0.941274673621511
-0.017675985274419884
-0.027950319125139778
-0.00669298720813958
-0.005993850127131601
-0.017675985274419884
0.5159061634972878
0.5354382148823645
-0.0071282645792370165
0.0015531642675195492
0.02121058749725246
0.0036357401275886685
-0.0071282645792370165
0.8053188621175422
0.0009908926974281395
-0.0006587666876066412
0.003213829220654454
0.0015531642675195492
0.0009908926974281395
0.7892166217981471
0.004853616851899103
-0.005051478721854715
0.02121058749725246
-0.0006587666876066412
0.004853616851899103
0.9633146243076853
0.009294023803333913
0.0036357401275886685
0.003213829220654454
-0.005051478721854715
0.009294023803333913
0.508369666069165
0.36910089833165133
-0.010731831288740274
-0.0016723430237520719
-0.027910893520728144
0.0032611258702011105
-0.010731831288740274
0.1410996282685837
-0.0022284960313133277
-0.0003760135170289456
0.00030985761410491966
-0.0016723430237520719
-0.0022284960313133277
0.13574798434632285
-0.0007832324997586101
0.004871786533951577
-0.027910893520728144
-0.0003760135170289456
-0.0007832324997586101
0.10705736725925052
-0.010845867029507385
0.0032611258702011105
0.00030985761410491966
0.004871786533951577
-0.010845867029507385
0.37799513290125875
0.0
0.0
0.0
0.0
0.0
0.0
0.0
0.0
0.0
0.0
0.0
0.0
0.0
0.0
0.0
0.0
0.0
0.0
0.0
0.0
0.0
0.0
0.0
0.0
0.0
0.0
0.0
0.0
0.0
0.0
0.0
0.0
0.0
0.0
0.0
0.0
0.0
0.0
0.0
0.0
0.0
0.0
0.0
0.0
0.0
0.0
0.0
0.0
0.0
0.0
0.5253054071932212
0.004865365541092125
0.0030095020968862025
0.01732462151190265
-0.008150562052542795
0.004865365541092125
0.8075345474274435
-0.04469176652977175
0.0003866133569568124
-0.0015688064669644626
0.0030095020968862025
-0.04469176652977175
0.8100622514215843
2.3307728728854765e-05
0.004402250841833506
0.01732462151190265
0.0003866133569568124
2.3307728728854765e-05
0.958851515078655
-0.0038606028860831807
-0.008150562052542795
-0.0015688064669644626
0.004402250841833506
-0.0038606028860831807
0.5146854853276404
0.35547274922659855
0.010031242290532039
-0.0008554901988107848
-0.027617422746963327
-0.012479485380305244
0.010031242290532039
0.13503003473580827
0.00951678997822473
-0.0005361693396781465
0.00043484198198046444
-0.0008554901988107848
0.00951678997822473
0.1271953814421638
-0.0006273430213492359
-0.005848737349937579
-0.027617422746963327
-0.0005361693396781465
-0.0006273430213492359
0.11003151972063036
0.00887373038969419
-0.012479485380305244
0.00043484198198046444
-0.005848737349937579
0.00887373038969419
0.38186834775014733
0.8626996359369918
0.007200482083408716
-0.006718235249890085
-0.1346933679625857
0.0014345925528889735
0.007200482083408716
0.5418300997924818
0.0013195993126208319
-0.006398650198549354
-0.0027076124087449774
-0.006718235249890085
0.0013195993126208319
0.6712377610477176
0.0020521440261504066
0.0026167772360366037
-0.1346933679625857
-0.006398650198549354
0.0020521440261504066
0.6328328115493276
0.0009794673167689135
0.0014345925528889735
-0.0027076124087449774
0.0026167772360366037
0.0009794673167689135
0.7764813131732032
0.1759416876631899
0.003710678466661423
-0.0019013771163718805
0.11390716935486665
0.0037791657393988058
0.003710678466661423
0.37380734123820053
0.00014088730707329398
-0.005800078065740995
-0.006475034756262717
-0.0019013771163718805
0.00014088730707329398
0.20697787584433724
0.0017345063372219088
0.0015182304104003593
0.11390716935486665
-0.005800078065740995
0.0017345063372219088
0.38413732221024854
0.007179880222507887
0.0037791657393988058
-0.006475034756262717
0.0015182304104003593
0.007179880222507887
0.18823204074228453
0.0
0.0
0.0
0.0
0.0
0.0
0.0
0.0
0.0
0.0
0.0
0.0
0.0
0.0
0.0
0.0
0.0
0.0
0.0
0.0
0.0
0.0
0.0
0.0
0.0
0.0
0.0
0.0
0.0
0.0
0.0
0.0
0.0
0.0
0.0
0.0
0.0
0.0
0.0
0.0
0.0
0.0
0.0
0.0
0.0
0.0
0.0
0.0
0.0
0.0
0.0
0.0
0.0
0.0
0.0
0.0
0.0
0.0
0.0
0.0
0.0
0.0
0.0
0.0
0.0
0.0
0.0
0.0
0.0
0.0
0.0
0.0
0.0
0.0
0.0
0.0
0.0
0.0
0.0
0.0
0.0
0.0
0.0
0.0
0.0
0.0
0.0
0.0
0.0
0.0
0.0
0.0
0.0
0.0
0.0
0.0
0.0
0.0
0.0
0.0
0.0
0.0
0.0
0.0
0.0
0.0
0.0
0.0
0.0
0.0
0.0
0.0
0.0
0.0
0.0
0.0
0.0
0.0
0.0
0.0
0.0
0.0
0.0
0.0
0.0
0.0
0.0
0.0
0.0
0.0
0.0
0.0
0.0
0.0
0.0
0.0
0.0
0.0
0.0
0.0
0.0
0.0
0.0
0.0
0.0
0.0
0.0
0.0
0.0
0.0
0.5236513968188894
0.018664985409095874
0.018921002976361387
0.05280382164762816
0.013721265807726991
0.018664985409095874
0.825531536205141
0.08645425142979456
-0.016637215670523158
0.007211573777177143
0.018921002976361387
0.08645425142979456
0.6982294494383896
0.015533532440113977
0.019028845400614718
0.05280382164762816
-0.016637215670523158
0.015533532440113977
0.9569705788034988
0.04263078963961845
0.013721265807726991
0.007211573777177143
0.019028845400614718
0.04263078963961845
0.5377117402174586
0.3433016946930192
0.010246648910616243
-0.010199653861161858
-0.030208054544947852
0.003730927366551545
0.010246648910616243
0.18969176029270585
-0.01915316114240562
0.0008094747866302501
-0.00046315311144231577
-0.010199653861161858
-0.01915316114240562
0.18348093203327048
0.0016531035190229565
-0.002452141720818334
-0.030208054544947852
0.0008094747866302501
0.0016531035190229565
0.10001236054316694
-0.02368976125623657
0.003730927366551545
-0.00046315311144231577
-0.002452141720818334
-0.02368976125623657
0.367964395888706
0.0
0.0
0.0
0.0
0.0
0.0
0.0
0.0
0.0
0.0
0.0
0.0
0.0
0.0
0.0
0.0
0.0
0.0
0.0
0.0
0.0
0.0
0.0
0.0
0.0
0.0
0.0
0.0
0.0
0.0
0.0
0.0
0.0
0.0
0.0
0.0
0.0
0.0
0.0
0.0
0.0
0.0
0.0
0.0
0.0
0.0
0.0
0.0
0.0
0.0
0.5672926401184788
-0.003421855113039864
0.0022017247479133102
0.027810197152299973
-0.013081017293741054
-0.003421855113039864
0.680127789284366
-0.019417491391294308
0.0313271406385533
-0.002733693954937762
0.0022017247479133102
-0.019417491391294308
0.5868952989567287
-0.00013414391828644654
-0.011172011924680723
0.027810197152299973
0.0313271406385533
-0.00013414391828644654
0.9556633045196941
-0.017707096280040444
-0.013081017293741054
-0.002733693954937762
-0.011172011924680723
-0.017707096280040444
0.5444791637579863
0.4184338914884332
-0.009693520903850535
-0.012339991734104622
-0.02151732236852792
-0.014142054269359463
-0.009693520903850535
0.26893725323923556
0.03126385278392906
-0.004108780713449574
-0.007893966344836526
-0.012339991734104622
0.03126385278392906
0.27556783225185816
0.003193921679117526
0.0013801656173905868
-0.02151732236852792
-0.004108780713449574
0.003193921679117526
0.14158507574293291
0.012632888317147147
-0.014142054269359463
-0.007893966344836526
0.0013801656173905868
0.012632888317147147
0.43863245135191936
0.5671388069124284
0.0019118899349813237
0.001047205186657453
0.04326981496432694
0.010985584074146747
0.0019118899349813237
0.6426452863895863
0.04212612595957059
0.02453716811929918
0.010720581209137778
0.001047205186657453
0.04212612595957059
0.6144947114710255
0.0010358796871196415
-0.006509579372609924
0.04326981496432694
0.02453716811929918
0.0010358796871196415
0.9695986273036349
0.025864558414256257
0.010985584074146747
0.010720581209137778
-0.006509579372609924
0.025864558414256257
0.5481048558091214
0.4216668812993753
-0.0010958896063095103
0.00173173476972451
-0.03055245659101667
0.01475550535442348
-0.0010958896063095103
0.27657811101158714
-0.03185646394030168
-0.002884989100621416
-6.283714471421927e-05
0.00173173476972451
-0.03185646394030168
0.26172390535853024
-0.001074558792025783
-0.006948761158850537
-0.03055245659101667
-0.002884989100621416
-0.001074558792025783
0.1167376794613841
-0.022182048481752776
0.01475550535442348
-6.283714471421927e-05
-0.006948761158850537
-0.022182048481752776
0.4141340180283071
0.9636469002720374
0.00024820276159286526
-0.002479554385821577
-0.0833382537113892
0.002957791031590539
0.00024820276159286526
0.7575574751317324
0.0014241981267155595
-0.0027253062450477406
-0.002962555603739232
-0.002479554385821577
0.0014241981267155595
0.9950631985824399
-0.005219404725081077
0.0014427426972786494
-0.0833382537113892
-0.0027253062450477406
-0.005219404725081077
0.7793964904286605
0.0061071214669385435
0.002957791031590539
-0.002962555603739232
0.0014427426972786494
0.0061071214669385435
0.9961290289150941
0.39153744271510543
-0.00024390680524942343
0.017708651498471624
-0.010768475896320372
-0.006872327388324922
-0.00024390680524942343
0.5765714837300687
-0.001049470938928508
0.008274664506000718
-0.0019888441281871935
0.017708651498471624
-0.001049470938928508
0.8565770913082329
-0.010143710430522535
-0.028141614198860562
-0.010768475896320372
0.008274664506000718
-0.010143710430522535
0.5462866927318366
-0.0007807656849014868
-0.006872327388324922
-0.0019888441281871935
-0.028141614198860562
-0.0007807656849014868
0.7511404834579135
0.7017584810129756
0.007477999185836198
-0.06938811098213753
-0.07562822733399517
0.016730197978447423
0.007477999185836198
0.5635771568094228
-0.000609925027413422
-0.0012498740015359049
0.0032593760674617775
-0.06938811098213753
-0.000609925027413422
0.8548253778559404
0.0037223784314103434
-0.03105583968155185
-0.07562822733399517
-0.0012498740015359049
0.0037223784314103434
0.5969727576365949
-0.01269896908833511
0.016730197978447423
0.0032593760674617775
-0.03105583968155185
-0.01269896908833511
0.7299138937264872
0.2042311435876136
0.0019039281334600887
0.006278974487960051
0.05221955853502478
-0.0015181266765533238
0.0019039281334600887
0.4368662377676704
0.003955506722826546
0.003989834127146802
-3.236448155587656e-05
0.006278974487960051
0.003955506722826546
0.1466133570946806
-0.0027918643555678016
0.005417063232038254
0.05221955853502478
0.003989834127146802
-0.0027918643555678016
0.38384480362609574
0.010055059885536864
-0.0015181266765533238
-3.236448155587656e-05
0.005417063232038254
0.010055059885536864
0.19642166860827628
0.9918651763531985
-0.0016115663942883477
-0.0006515663054644221
-0.008574721699805863
-0.0005376865296692379
-0.0016115663942883477
0.9269310188639287
0.0008265585952315791
0.008302272199013387
2.278798394470375e-06
-0.0006515663054644221
0.0008265585952315791
0.9970142213721391
-0.001784784166436308
-0.00022034019472749348
-0.008574721699805863
0.008302272199013387
-0.001784784166436308
0.9641632780142853
-0.0011236468360484601
-0.0005376865296692379
2.278798394470375e-06
-0.00022034019472749348
-0.0011236468360484601
0.996881535848471
0.8266965755737622
-0.015813951930393033
-0.0007033714724701651
-0.3163648032805865
-0.010916198380606507
-0.015813951930393033
0.3172329680447715
-0.002011015639881486
0.005074865489935872
-0.0007403839967083333
-0.0007033714724701651
-0.002011015639881486
0.9788321895971297
-0.0025060763557137617
-0.0019600663975840467
-0.3163648032805865
0.005074865489935872
-0.0025060763557137617
0.37027601454748904
-0.022173867744438358
-0.010916198380606507
-0.0007403839967083333
-0.0019600663975840467
-0.022173867744438358
0.975933749831968
0.9715577962445412
-0.006780065639221603
0.0012588581144612927
-0.05824457428440764
0.003012149133035379
-0.006780065639221603
0.7650675956712826
0.0025882350580318457
0.0011567043362898336
-0.0038052408092676166
0.0012588581144612927
0.0025882350580318457
0.9933429384608148
0.002608144376386658
-0.000498176004450968
-0.05824457428440764
0.0011567043362898336
0.002608144376386658
0.8026540654374656
0.00800410624234477
0.003012149133035379
-0.0038052408092676166
-0.000498176004450968
0.00800410624234477
0.9779863775164572
0.9474175683837633
-0.01203304305869969
-0.00383604590832988
-0.15381763221641373
-0.0026660947598535637
-0.01203304305869969
0.376769948502249
-0.002721735326520911
0.003923986377247807
-0.0011689894741448968
-0.00383604590832988
-0.002721735326520911
0.22279486484959984
2.6834682197591885e-05
0.014730820270659114
-0.15381763221641373
0.003923986377247807
2.6834682197591885e-05
0.4987875526963509
-0.011707112656781026
-0.0026660947598535637
-0.0011689894741448968
0.014730820270659114
-0.011707112656781026
0.9801550265997976
0.0
0.0
0.0
0.0
0.0
0.0
0.0
0.0
0.0
0.0
0.0
0.0
0.0
0.0
0.0
0.0
0.0
0.0
0.0
0.0
0.0
0.0
0.0
0.0
0.0
0.0
0.0
0.0
0.0
0.0
0.0
0.0
0.0
0.0
0.0
0.0
0.0
0.0
0.0
0.0
0.0
0.0
0.0
0.0
0.0
0.0
0.0
0.0
0.0
0.0
0.0
0.0
0.0
0.0
0.0
0.0
0.0
0.0
0.0
0.0
0.0
0.0
0.0
0.0
0.0
0.0
0.0
0.0
0.0
0.0
0.0
0.0
0.0
0.0
0.0
0.0
0.0
0.0
0.0
0.0
0.0
0.0
0.0
0.0
0.0
0.0
0.0
0.0
0.0
0.0
0.0
0.0
0.0
0.0
0.0
0.0
0.0
0.0
0.0
0.0
0.0
0.0
0.0
0.0
0.0
0.0
0.0
0.0
0.0
0.0
0.0
0.0
0.0
0.0
0.0
0.0
0.0
0.0
0.0
0.0
0.0
0.0
0.0
0.0
0.0
0.0
0.0
0.0
0.0
0.0
0.0
0.0
0.0
0.0
0.0
0.0
0.0
0.0
0.0
0.0
0.0
0.0
0.0
0.0
0.0
0.0
0.0
0.0
0.0
0.0
0.0
0.0
0.0
0.0
0.0
0.0
0.0
0.0
0.0
0.0
0.0
0.0
0.0
0.0
0.0
0.0
0.0
0.0
0.0
0.0
0.0
0.0
0.0
0.0
0.0
0.0
0.0
0.0
0.0
0.0
0.0
0.0
0.0
0.0
0.0
0.0
0.0
0.0
0.0
0.0
0.0
0.0
0.0
0.0
0.0
0.0
0.0
0.0
0.0
0.0
0.0
0.0
0.0
0.0
0.0
0.0
0.0
0.0
0.0
0.0
0.0
0.0
0.0
0.0
0.0
0.0
0.0
0.0
0.0
0.0
0.0
0.0
0.0
0.0
0.0
0.0
0.0
0.0
0.0
0.0
0.0
0.0
0.0
0.0
0.0
0.0
0.0
0.0
0.0
0.0
0.0
0.0
0.0
0.0
0.0
0.0
0.0
0.0
0.0
0.0
0.0
0.0
0.0
0.0
0.0
0.0
0.0
0.0
0.0
0.0
0.0
0.0
0.0
0.0
0.0
0.0
0.0
0.0
0.0
0.0
0.0
0.0
0.0
0.0
0.0
0.0
0.0
0.0
0.0
0.0
0.0
0.0
0.0
0.0
0.0
0.0
0.0
0.0
0.0
0.0
0.0
0.0
0.0
0.0
0.0
0.0
0.0
0.0
0.0
0.0
0.0
0.0
0.0
0.0
0.0
0.0
0.0
0.0
0.0
0.0
0.0
0.0
0.0
0.0
0.0
0.0
0.0
0.0
0.0
0.0
0.0
0.0
0.0
0.0
0.0
0.0
0.0
0.0
0.0
0.0
0.0
0.0
0.0
0.0
0.0
0.0
0.0
0.0
0.0
0.0
0.0
0.0
0.0
0.0
0.0
0.0
0.0
0.0
0.0
0.0
0.0
0.0
0.0
0.0
0.0
0.0
0.0
0.0
0.0
0.0
0.0
0.0
0.0
0.0
0.0
0.0
0.0
0.0
0.0
0.0
0.0
0.0
0.0
0.0
0.0
0.0
0.0
0.0
0.0
0.0
0.0
0.0
0.0
0.0
0.0
0.0
0.0
0.0
0.0
0.0
0.0
0.0
0.0
0.0
0.0
0.0
0.0
0.0
0.0
0.0
0.0
0.0
0.0
0.0
0.0
0.0
0.0
0.0
0.0
0.0
0.0
0.0
0.0
0.0
0.0
0.0
0.0
0.0
0.0
0.0
0.0
0.0
0.0
0.0
0.0
0.0
0.0
0.0
0.0
0.0
0.0
0.0
0.0
0.0
0.0
0.0
0.0
0.0
0.0
0.0
0.0
0.0
0.0
0.0
0.0
0.0
0.0
0.0
0.0
0.0
0.0
0.0
0.0
0.0
0.0
0.0
0.0
0.0
0.0
0.0
0.0
0.0
0.0
0.0
0.0
0.0
0.0
0.0
0.0
0.0
0.0
0.0
0.0
0.0
0.0
0.0
0.0
0.0
0.0
0.0
0.0
0.0
0.0
0.0
0.0
0.0
0.0
0.0
0.0
0.0
0.0
0.0
0.0
0.0
0.0
0.0
0.0
0.0
0.0
0.0
0.0
0.0
0.0
0.0
0.0
0.0
0.0
0.0
0.0
0.0
0.0
0.0
0.0
0.0
0.0
0.0
0.0
0.0
0.0
0.0
0.0
0.0
0.0
0.0
0.0
0.0
0.0
0.0
0.0
0.0
0.0
0.0
0.0
0.0
0.0
0.0
0.0
0.0
0.0
0.0
0.0
0.0
0.0
0.0
0.0
0.0
0.0
0.0
0.0
0.0
0.0
0.0
0.0
0.0
0.0
0.0
0.0
0.0
0.0
0.0
0.0
0.0
0.0
0.0
0.0
0.0
0.0
0.0
0.0
0.0
0.0
0.0
0.0
0.0
0.0
0.0
0.0
0.0
0.0
0.0
0.0
0.0
0.0
0.0
0.0
0.0
0.0
0.0
0.0
0.0
0.0
0.0
0.0
0.0
0.0
0.0
0.0
0.0
0.0
0.0
0.0
0.0
0.0
0.0
0.0
0.0
0.0
0.0
0.0
0.0
0.0
0.0
0.0
0.0
0.0
0.0
0.0
0.0
0.0
0.0
0.0
0.0
0.0
0.0
0.0
0.0
0.0
0.0
0.0
0.0
0.0
0.0
0.0
0.0
0.0
0.0
0.0
0.0
0.0
0.0
0.0
0.0
0.0
0.0
0.0
0.0
0.0
0.0
0.0
0.0
0.0
0.0
0.0
0.0
0.0
0.0
0.0
0.0
0.0
0.0
0.0
0.0
0.0
0.0
0.0
0.0
0.0
0.0
0.0
0.0
0.0
0.0
0.0
0.0
0.0
0.0
0.0
0.0
0.0
0.0
0.0
0.0
0.0
0.0
0.0
0.0
0.0
0.0
0.0
0.0
0.0
0.0
0.0
0.0
0.0
0.0
0.0
0.0
0.0
0.0
0.0
0.0
0.0
0.0
0.0
0.0
0.0
0.0
0.0
0.0
0.0
0.0
0.0
0.0
0.0
0.0
0.0
0.0
0.0
0.0
0.0
0.0
0.0
0.0
0.0
0.0
0.0
0.0
0.0
0.0
0.0
0.0
0.0
0.0
0.0
0.0
0.0
0.0
0.0
0.0
0.0
0.0
0.0
0.0
0.0
0.0
0.0
0.0
0.0
0.0
0.0
0.0
0.0
0.0
0.0
0.0
0.0
0.0
0.0
0.0
0.0
0.0
0.0
0.0
0.0
0.0
0.0
0.0
0.0
0.0
0.0
0.0
0.0
0.0
0.0
0.0
0.0
0.0
0.0
0.0
0.0
0.0
0.0
0.0
0.0
0.0
0.0
0.0
0.0
0.0
0.0
0.0
0.0
0.0
0.0
0.0
0.0
0.0
0.0
0.0
0.0
0.0
0.0
0.0
0.0
0.0
0.0
0.0
0.0
0.0
0.0
0.0
0.0
0.0
0.0
0.0
0.0
0.0
0.0
0.0
0.0
0.0
0.0
0.0
0.0
0.0
0.0
0.0
0.0
0.0
0.0
0.0
0.0
0.0
0.0
0.0
0.0
0.0
0.0
0.0
0.0
0.0
0.0
0.0
0.0
0.0
0.0
0.0
0.0
0.0
0.0
0.0
0.0
0.0
0.0
0.0
0.0
0.0
0.0
0.0
0.0
0.0
0.0
0.0
0.0
0.0
0.0
0.0
0.0
0.0
0.0
0.0
0.0
0.0
0.0
0.0
0.0
0.0
0.0
0.0
0.0
0.0
0.0
0.0
0.0
0.0
0.0
0.0
0.0
0.0
0.0
0.0
0.0
0.0
0.0
0.0
0.0
0.0
0.0
0.0
0.0
0.0
0.0
0.0
0.0
0.0
0.0
0.0
0.0
0.0
0.0
0.0
0.0
0.0
0.0
0.0
0.0
0.0
0.0
0.0
0.0
0.0
0.0
0.0
0.0
0.0
0.0
0.0
0.0
0.0
0.0
0.0
0.0
0.0
0.0
0.0
0.0
0.0
0.0
0.0
0.0
0.0
0.0
0.0
0.0
0.0
0.0
0.0
0.0
0.0
0.0
0.0
0.0
0.0
0.0
0.0
0.0
0.0
0.0
0.0
0.0
0.0
0.0
0.0
0.0
0.0
0.0
0.0
0.0
0.0
0.0
0.0
0.0
0.0
0.0
0.0
0.0
0.0
0.0
0.0
0.0
0.0
0.0
0.0
0.0
0.0
0.0
0.0
0.0
0.0
0.0
0.0
0.0
0.0
0.0
0.0
0.0
0.0
0.0
0.0
0.0
0.0
0.0
0.0
0.0
0.0
0.0
0.0
0.0
0.0
0.0
0.0
0.0
0.0
0.0
0.0
0.0
0.0
0.0
0.0
0.0
0.0
0.0
0.0
0.0
0.0
0.0
0.0
0.0
0.0
0.0
0.0
0.0
0.0
0.0
0.0
0.0
0.0
0.0
0.0
0.0
0.0
0.0
0.0
0.0
0.0
0.0
0.0
0.0
0.0
0.0
0.0
0.0
0.0
0.0
0.0
0.0
0.0
0.0
0.0
0.0
0.0
0.0
0.0
0.0
0.0
0.0
0.0
0.0
0.0
0.0
0.0
0.0
0.0
0.0
0.0
0.0
0.0
0.0
0.0
0.0
0.0
0.0
0.0
0.0
0.0
0.0
0.0
0.0
0.0
0.0
0.0
0.0
0.0
0.0
0.0
0.0
0.0
0.0
0.0
0.0
0.0
0.0
0.0
0.0
0.0
0.0
0.0
0.0
0.0
0.0
0.0
0.0
0.0
0.0
0.0
0.0
0.0
0.0
0.0
0.0
0.0
0.0
0.0
0.0
0.0
0.0
0.0
0.0
0.0
0.0
0.0
0.0
0.0
0.0
0.0
0.0
0.0
0.0
0.0
0.0
0.0
0.0
0.0
0.0
0.0
0.0
0.0
0.0
0.0
0.0
0.0
0.0
0.0
0.0
0.0
0.0
0.0
0.0
0.0
0.0
0.0
0.0
0.0
0.0
0.0
0.0
0.0
0.0
0.0
0.0
0.0
0.0
0.0
0.0
0.0
0.0
0.0
0.0
0.0
0.0
0.0
0.0
0.0
0.0
0.0
0.0
0.0
0.0
0.0
0.0
0.0
0.0
0.0
0.0
0.0
0.0
0.0
0.0
0.0
0.0
0.0
0.0
0.0
0.0
0.0
0.0
0.0
0.0
0.0
0.0
0.0
0.0
0.0
0.0
0.0
0.0
0.0
0.0
0.0
0.0
0.0
0.0
0.0
0.0
0.0
0.0
0.0
0.0
0.0
0.0
0.0
0.0
0.0
0.0
0.0
0.0
0.0
0.0
0.0
0.0
0.0
0.0
0.0
0.0
0.0
0.0
0.0
0.0
0.0
0.0
0.0
0.0
0.0
0.0
0.0
0.0
0.0
0.0
0.0
0.0
0.0
0.0
0.0
0.0
0.0
0.0
0.0
0.0
0.0
0.0
0.0
0.0
0.0
0.0
0.0
0.0
0.0
0.0
0.0
0.0
0.0
0.0
0.0
0.0
0.0
0.0
0.0
0.0
0.0
0.0
0.0
0.0
0.0
0.0
0.0
0.0
0.0
0.0
0.0
0.0
0.0
0.0
0.0
0.0
0.0
0.0
0.0
0.0
0.0
0.0
0.0
0.0
0.0
0.0
0.0
0.0
0.0
0.0
0.0
0.0
0.0
0.0
0.0
0.0
0.0
0.0
0.0
0.0
0.0
0.0
0.0
0.0
0.0
0.0
0.0
0.0
0.0
0.0
0.0
0.0
0.0
0.0
0.0
0.0
0.0
0.0
0.0
0.0
0.0
0.0
0.0
0.0
0.0
0.0
0.0
0.0
0.0
0.0
0.0
0.0
0.0
0.0
0.0
0.0
0.0
0.0
0.0
0.0
0.0
0.0
0.0
0.0
0.0
0.0
0.0
0.0
0.0
0.0
0.0
0.0
0.0
0.0
0.0
0.0
0.0
0.0
0.0
0.0
0.0
0.0
0.0
0.0
0.0
0.0
0.0
0.0
0.0
0.0
0.0
0.0
0.0
0.0
0.0
0.0
0.0
0.0
0.0
0.0
0.0
0.0
0.0
0.0
0.0
0.0
0.0
0.0
0.0
0.0
0.0
0.0
0.0
0.0
0.0
0.0
0.0
0.0
0.0
0.0
0.0
0.0
0.0
0.0
0.0
0.0
0.0
0.0
0.0
0.0
0.0
0.0
0.0
0.0
0.0
0.0
0.0
0.0
0.0
0.0
0.0
0.0
0.0
0.0
0.0
0.0
0.0
0.0
0.0
0.0
0.0
0.0
0.0
0.0
0.0
0.0
0.0
0.0
0.0
0.0
0.0
0.0
0.0
0.0
0.0
0.0
0.0
0.0
0.0
0.0
0.0
0.0
0.0
0.0
0.0
0.0
0.0
0.0
0.0
0.0
0.0
0.0
0.0
0.0
0.0
0.0
0.0
0.0
0.0
0.0
0.0
0.0
0.0
0.0
0.0
0.0
0.0
0.0
0.0
0.0
0.0
0.0
0.0
0.0
0.0
0.0
0.0
0.0
0.0
0.0
0.0
0.0
0.0
0.0
0.0
0.0
0.0
0.0
0.0
0.0
0.0
0.0
0.0
0.0
0.0
0.0
0.0
0.0
0.0
0.0
0.0
0.0
0.0
0.0
0.0
0.0
0.0
0.0
0.0
0.0
0.0
0.0
0.0
0.0
0.0
0.0
0.0
0.0
0.0
0.0
0.0
0.0
0.0
0.0
0.0
0.0
0.0
0.0
0.0
0.0
0.0
0.0
0.0
0.0
0.0
0.0
0.0
0.0
0.0
0.0
0.0
0.0
0.0
0.0
0.0
0.0
0.0
0.0
0.0
0.0
0.0
0.0
0.0
0.0
0.0
0.0
0.0
0.0
0.0
0.0
0.0
0.0
0.0
0.0
0.0
0.0
0.0
0.0
0.0
0.0
0.0
0.0
0.0
0.0
0.0
0.0
0.0
0.0
0.0
0.0
0.0
0.0
0.0
0.0
0.0
0.0
0.0
0.0
0.0
0.0
0.0
0.0
0.0
0.0
0.0
0.0
0.0
0.0
0.0
0.0
0.0
0.0
0.0
0.0
0.0
0.0
0.0
0.0
0.0
0.0
0.0
0.0
0.0
0.0
0.0
0.0
0.0
0.0
0.0
0.0
0.0
0.0
0.0
0.0
0.0
0.0
0.0
0.0
0.0
0.0
0.0
0.0
0.0
0.0
0.0
0.0
0.0
0.0
0.0
0.0
0.0
0.0
0.0
0.0
0.0
0.0
0.0
0.0
0.0
0.0
0.0
0.0
0.0
0.0
0.0
0.0
0.0
0.0
0.0
0.0
0.0
0.0
0.0
0.0
0.0
0.0
0.0
0.0
0.0
0.0
0.0
0.0
0.0
0.0
0.0
0.0
0.0
0.0
0.0
0.0
0.0
0.0
0.0
0.0
0.0
0.0
0.0
0.0
0.0
0.0
0.0
0.0
0.0
0.0
0.0
0.0
0.0
0.0
0.0
0.0
0.0
0.0
0.0
0.0
0.0
0.0
0.0
0.0
0.0
0.0
0.0
0.0
0.0
0.0
0.0
0.0
0.0
0.0
0.0
0.0
0.0
0.0
0.0
0.0
0.0
0.0
0.0
0.0
0.0
0.0
0.0
0.0
0.0
0.0
0.0
0.0
0.0
0.0
0.0
0.0
0.0
0.0
0.0
0.0
0.0
0.0
0.0
0.0
0.0
0.0
0.0
0.0
0.0
0.0
0.0
0.0
0.0
0.0
0.0
0.0
0.0
0.0
0.0
0.0
0.0
0.0
0.0
0.0
0.0
0.0
0.0
0.0
0.0
0.0
0.0
0.0
0.0
0.0
0.0
0.0
0.0
0.0
0.0
0.0
0.0
0.0
0.0
0.0
0.0
0.0
0.0
0.0
0.0
0.0
0.0
0.0
0.0
0.0
0.0
0.0
0.0
0.0
0.0
0.0
0.0
0.0
0.0
0.0
0.0
0.0
0.0
0.0
0.0
0.0
0.0
0.0
0.0
0.0
0.0
0.0
0.0
0.0
0.0
0.0
0.0
0.0
0.0
0.0
0.0
0.0
0.0
0.0
0.0
0.0
0.0
0.0
0.0
0.0
0.0
0.0
0.0
0.0
0.0
0.0
0.0
0.0
0.0
0.0
0.0
0.0
0.0
0.0
0.0
0.0
0.0
0.0
0.0
0.0
0.0
0.0
0.0
0.0
0.0
0.0
0.0
0.0
0.0
0.0
0.0
0.0
0.0
0.0
0.0
0.0
0.0
0.0
0.0
0.0
0.0
0.0
0.0
0.0
0.0
0.0
0.0
0.0
0.0
0.0
0.0
0.0
0.0
0.0
0.0
0.0
0.0
0.0
0.0
0.0
0.0
0.0
0.0
0.0
0.0
0.0
0.0
0.0
0.0
0.0
0.0
0.0
0.0
0.0
0.0
0.0
0.0
0.0
0.0
0.0
0.0
0.0
0.0
0.0
0.0
0.0
0.0
0.0
0.0
0.0
0.0
0.0
0.0
0.0
0.0
0.0
0.0
0.0
0.0
0.0
0.0
0.0
0.0
0.0
0.0
0.0
0.0
0.0
0.0
0.0
0.0
0.0
0.0
0.0
0.0
0.0
0.0
0.0
0.0
0.0
0.0
0.0
0.0
0.0
0.0
0.0
0.0
0.0
0.0
0.0
0.0
0.0
0.0
0.0
0.0
0.0
0.0
0.0
0.0
0.0
0.0
0.0
0.0
0.0
0.0
0.0
0.0
0.0
0.0
0.0
0.0
0.0
0.0
0.0
0.0
0.0
0.0
0.0
0.0
0.0
0.0
0.0
0.0
0.0
0.0
0.0
0.0
0.0
0.0
0.0
0.0
0.0
0.0
0.0
0.0
0.0
0.0
0.0
0.0
0.0
0.0
0.0
0.0
0.0
0.0
0.0
0.0
0.0
0.0
0.0
0.0
0.0
0.0
0.0
0.0
0.0
0.0
0.0
0.0
0.0
0.0
0.0
0.0
0.0
0.0
0.0
0.0
0.0
0.0
0.0
0.0
0.0
0.0
0.0
0.0
0.0
0.0
0.0
0.0
0.0
0.0
0.0
0.0
0.0
0.0
0.0
0.0
0.0
0.0
0.0
0.0
0.0
0.0
0.0
0.0
0.0
0.0
0.0
0.0
0.0
0.0
0.0
0.0
0.0
0.0
0.0
0.0
0.0
0.0
0.0
0.0
0.0
0.0
0.0
0.0
0.0
0.0
0.0
0.0
0.0
0.0
0.0
0.0
0.0
0.0
0.0
0.0
0.0
0.0
0.0
0.0
0.0
0.0
0.0
0.0
0.0
0.0
0.0
0.0
0.0
0.0
0.0
0.0
0.0
0.0
0.0
0.0
0.0
0.0
0.0
0.0
0.0
0.0
0.0
0.0
0.0
0.0
0.0
0.0
0.0
0.0
0.0
0.0
0.0
0.0
0.0
0.0
0.0
0.0
0.0
0.0
0.0
0.0
0.0
0.0
0.0
0.0
0.0
0.0
0.0
0.0
0.0
0.0
0.0
0.0
0.0
0.0
0.0
0.0
0.0
0.0
0.0
0.0
0.0
0.0
0.0
0.0
0.0
0.0
0.0
0.0
0.0
0.0
0.0
0.0
0.0
0.0
0.0
0.0
0.0
0.0
0.0
0.0
0.0
0.0
0.0
0.0
0.0
0.0
0.0
0.0
0.0
0.0
0.0
0.0
0.0
0.0
0.0
0.0
0.0
0.0
0.0
0.0
0.0
0.0
0.0
0.0
0.0
0.0
0.0
0.0
0.0
0.0
0.0
0.0
0.0
0.0
0.0
0.0
0.0
0.0
0.0
0.0
0.0
0.0
0.0
0.0
0.0
0.0
0.0
0.0
0.0
0.0
0.0
0.0
0.0
0.0
0.0
0.0
0.0
0.0
0.0
0.0
0.0
0.0
0.0
0.0
0.0
0.0
0.0
0.0
0.0
0.0
0.0
0.0
0.0
0.0
0.0
0.0
0.0
0.0
0.0
0.0
0.0
0.0
0.0
0.0
0.0
0.0
0.0
0.0
0.0
0.0
0.0
0.0
0.0
0.0
0.0
0.0
0.0
0.0
0.0
0.0
0.0
0.0
0.0
0.0
0.0
0.0
0.0
0.0
0.0
0.0
0.0
0.0
0.0
0.0
0.0
0.0
0.0
0.0
0.0
0.0
0.0
0.0
0.0
0.0
0.0
0.0
0.0
0.0
0.0
0.0
0.0
0.0
0.0
0.0
0.0
0.0
0.0
0.0
0.0
0.0
0.0
0.0
0.0
0.0
0.0
0.0
0.0
0.0
0.0
0.0
0.0
0.0
0.0
0.0
0.0
0.0
0.0
0.0
0.0
0.0
0.0
0.0
0.0
0.0
0.0
0.0
0.0
0.0
0.0
0.0
