&CONTROL
  calculation = 'scf'
  prefix = 'O__atomic'
  outdir = '/anvil/projects/x-che260157/sts_arm_c_2026-10-07/runs/hea/arm_c_2026-10-07/Fe25Co25Ni25Cr25__s13_site0/tmp_O__atomic'
  pseudo_dir = '/anvil/projects/x-che260157/pseudo'
  tprnfor = .true.
  forc_conv_thr = 2.0d-3
  nstep = 200
  max_seconds = 165000
/
&SYSTEM
  ibrav = 0
  nat = 73
  ntyp = 5
  ecutwfc = 80.0
  ecutrho = 640.0
  occupations = 'smearing'
  smearing = 'mv'
  degauss = 0.01
  nosym = .true.
  noinv = .true.
  nspin = 2
  starting_magnetization(1) = 0.4
  starting_magnetization(2) = 0.6
  starting_magnetization(3) = 0.5
  starting_magnetization(4) = 0.3
  starting_magnetization(5) = 0.0
/
&ELECTRONS
  conv_thr = 1.0d-6
  mixing_mode = 'local-TF'
  mixing_beta = 0.3
  electron_maxstep = 300
/
&IONS
  ion_dynamics = 'bfgs'
/
ATOMIC_SPECIES
  Co  58.933  Co_pbe_v1.2.uspp.F.UPF
  Cr  51.996  cr_pbe_v1.5.uspp.F.UPF
  Fe  55.845  Fe.pbe-spn-kjpaw_psl.0.2.1.UPF
  Ni  58.693  ni_pbe_v1.4.uspp.F.UPF
  O  15.999  O.pbe-n-kjpaw_psl.0.1.UPF
CELL_PARAMETERS angstrom
  5.9455  0.0  3.640568772165294e-16
  2.0264516267117194e-15  12.601349947525463  7.716101439086363e-16
  0.0  0.0  25.20269989505093
ATOMIC_POSITIONS angstrom
  Fe  2.5330645333896493e-16  1.575168743440683  9.4510124606441  0 0 0
  Fe  1.266532266694825e-15  7.875843717203415  9.4510124606441  0 0 0
  Ni  2.972750000000001  1.575168743440683  9.4510124606441  0 0 0
  Fe  2.9727500000000013  7.875843717203415  9.4510124606441  0 0 0
  Ni  1.486375000000001  4.725506230322049  9.4510124606441  0 0 0
  Ni  1.486375000000002  11.02618120408478  9.451012460644098  0 0 0
  Cr  4.459125000000001  4.725506230322049  9.4510124606441  0 0 0
  Co  4.459125000000002  11.02618120408478  9.4510124606441  0 0 0
  Cr  0.07936299975024141  4.706356159246101  12.848743893361375  1 1 1
  Fe  -0.019531131043206456  11.024390104898146  12.664161358465613  1 1 1
  Ni  2.9841220587858563  4.728095034845441  12.686989817026296  1 1 1
  Ni  2.947957013178555  11.041905759532371  12.613117993250013  1 1 1
  Co  1.429366682627704  1.5446447625159632  12.642266976474287  1 1 1
  Ni  1.435905376015424  7.9155013521862205  12.65108673107621  1 1 1
  Fe  4.441586736360708  1.557135436291391  12.604912159858973  1 1 1
  Fe  4.465308138015159  7.882572494180503  12.564001338572826  1 1 1
  Cr  0.002467780464664878  1.5787414391448378  16.409114734073874  1 1 1
  Co  -0.03216118722978597  7.870150065078682  15.726508433780486  1 1 1
  Co  2.9666170388084128  1.5924074697662307  15.691806724551908  1 1 1
  Cr  2.9659551924029013  7.882151161757176  15.797309441994777  1 1 1
  Co  1.5253750810123343  4.732664365320014  16.068277561216995  1 1 1
  Cr  1.6772570402307005  11.035653442411112  16.008447963310783  1 1 1
  Cr  4.271940211748843  4.708528476205143  16.257219598963236  1 1 1
  Co  4.510490746748696  11.036873059300701  16.021748315613568  1 1 1
  O  7.599193600168949e-16  4.72550623032205  10.679644080527831  0 0 0
  O  1.7731451733727548e-15  11.026181204084782  10.679644080527831  0 0 0
  O  2.9727500000000013  4.72550623032205  10.679644080527831  0 0 0
  O  2.972750000000002  11.026181204084782  10.67964408052783  0 0 0
  O  7.59919360016895e-16  4.7255062303220505  8.222380840760364  0 0 0
  O  1.7731451733727548e-15  11.026181204084782  8.222380840760364  0 0 0
  O  2.9727500000000013  4.7255062303220505  8.222380840760364  0 0 0
  O  2.972750000000002  11.026181204084782  8.222380840760362  0 0 0
  O  1.4863750000000002  0.34653712355695127  9.4510124606441  0 0 0
  O  1.4863750000000013  6.647212097319683  9.4510124606441  0 0 0
  O  4.459125  0.34653712355695127  9.4510124606441  0 0 0
  O  4.459125000000001  6.647212097319683  9.4510124606441  0 0 0
  O  1.4863750000000007  2.803800363324416  9.4510124606441  0 0 0
  O  1.4863750000000022  9.104475337087148  9.4510124606441  0 0 0
  O  4.459125000000001  2.803800363324416  9.4510124606441  0 0 0
  O  4.459125000000002  9.104475337087148  9.451012460644098  0 0 0
  O  0.0430784592408344  1.6083111726407229  13.78537503263585  1 1 1
  O  -0.06290274287434514  7.853476600128694  13.971183443951888  1 1 1
  O  2.9741970458860663  1.5913994521203778  13.89829076615543  1 1 1
  O  2.96654362305815  7.854404294567287  14.079848899674769  1 1 1
  O  2.53306453338965e-16  1.575168743440683  11.37271832764173  0 0 0
  O  1.266532266694825e-15  7.875843717203415  11.37271832764173  0 0 0
  O  2.972750000000001  1.575168743440683  11.37271832764173  0 0 0
  O  2.9727500000000013  7.875843717203415  11.37271832764173  0 0 0
  O  1.3825812942170992  3.4717208737674325  12.685363914629953  1 1 1
  O  1.4266779489793215  9.859346945119475  12.72790950980095  1 1 1
  O  4.558846466310079  3.5263146046088747  12.608367766650861  1 1 1
  O  4.462744630505312  9.786895419376169  12.669573330453547  1 1 1
  O  1.3738819781203082  5.916402394542932  12.665989706228652  1 1 1
  O  1.42741638938211  12.313686799313691  12.687153186981435  1 1 1
  O  4.529609244896429  5.963333367642435  12.637064757142525  1 1 1
  O  4.48679914199091  12.225999691302789  12.684591002161396  1 1 1
  O  -0.09637580852655928  4.693714114058718  16.990100153226066  1 1 1
  O  -0.0447476481928941  11.071563372758577  17.033006050658848  1 1 1
  O  3.065639845090483  4.609007616742974  17.4016896417697  1 1 1
  O  2.937262206767945  11.12221106307163  17.185190137127556  1 1 1
  O  -0.07601374012745954  4.769097879441043  14.527944070482757  1 1 1
  O  0.0822229565410728  10.975525239134234  14.748756408388308  1 1 1
  O  3.096507340179131  4.740488426809941  14.882277430402526  1 1 1
  O  2.925716773130367  11.013225107675723  14.75000830128376  1 1 1
  O  1.5106896080355037  0.45848768660752537  16.00082237044047  1 1 1
  O  1.5374832505142162  6.576425621633069  16.143851338414564  1 1 1
  O  4.524547405009399  0.3494632411935019  15.951858907149507  1 1 1
  O  4.333459939258752  6.670995803958602  16.20657227990284  1 1 1
  O  1.4589624786392301  2.8868754280416034  16.00897467039939  1 1 1
  O  1.5842636326007773  9.043243338080657  16.204961619535215  1 1 1
  O  4.4536948883828025  2.730766091652623  15.963028001020213  1 1 1
  O  4.377117776799921  9.09079835197076  16.10921054959484  1 1 1
  O  0.002075594454328197  1.5783997859119656  18.003511898674027  1 1 1
K_POINTS automatic
  4 2 1 0 0 0
HUBBARD (atomic)
U Co-3d 3.3200
U Cr-3d 3.7000
U Fe-3d 5.3000
U Ni-3d 6.2000
