&CONTROL
  calculation = 'scf'
  prefix = 'OH__atomic'
  outdir = '/anvil/projects/x-che260157/sts_arm_c_2026-10-07/runs/hea/arm_c_2026-10-07/Fe25Co25Ni25Cr25__s13_site0/tmp_OH__atomic'
  pseudo_dir = '/anvil/projects/x-che260157/pseudo'
  tprnfor = .true.
  forc_conv_thr = 2.0d-3
  nstep = 200
  max_seconds = 165000
/
&SYSTEM
  ibrav = 0
  nat = 74
  ntyp = 6
  ecutwfc = 80.0
  ecutrho = 640.0
  occupations = 'smearing'
  smearing = 'mv'
  degauss = 0.01
  nosym = .true.
  noinv = .true.
  nspin = 2
  starting_magnetization(1) = 0.4
  starting_magnetization(2) = 0.6
  starting_magnetization(3) = 0.5
  starting_magnetization(4) = 0.3
  starting_magnetization(5) = 0.0
  starting_magnetization(6) = 0.0
/
&ELECTRONS
  conv_thr = 1.0d-6
  mixing_mode = 'local-TF'
  mixing_beta = 0.3
  electron_maxstep = 300
/
&IONS
  ion_dynamics = 'bfgs'
/
ATOMIC_SPECIES
  Co  58.933  Co_pbe_v1.2.uspp.F.UPF
  Cr  51.996  cr_pbe_v1.5.uspp.F.UPF
  Fe  55.845  Fe.pbe-spn-kjpaw_psl.0.2.1.UPF
  Ni  58.693  ni_pbe_v1.4.uspp.F.UPF
  O  15.999  O.pbe-n-kjpaw_psl.0.1.UPF
  H  1.008  H.pbe-rrkjus_psl.1.0.0.UPF
CELL_PARAMETERS angstrom
  5.9455  0.0  3.640568772165294e-16
  2.0264516267117194e-15  12.601349947525463  7.716101439086363e-16
  0.0  0.0  25.20269989505093
ATOMIC_POSITIONS angstrom
  Fe  2.5330645333896493e-16  1.575168743440683  9.4510124606441  0 0 0
  Fe  1.266532266694825e-15  7.875843717203415  9.4510124606441  0 0 0
  Ni  2.972750000000001  1.575168743440683  9.4510124606441  0 0 0
  Fe  2.9727500000000013  7.875843717203415  9.4510124606441  0 0 0
  Ni  1.486375000000001  4.725506230322049  9.4510124606441  0 0 0
  Ni  1.486375000000002  11.02618120408478  9.451012460644098  0 0 0
  Cr  4.459125000000001  4.725506230322049  9.4510124606441  0 0 0
  Co  4.459125000000002  11.02618120408478  9.4510124606441  0 0 0
  Cr  0.02085301799814201  4.7489679681094445  12.833619617980174  1 1 1
  Fe  -0.007701751115372422  11.038749428905522  12.668558343053666  1 1 1
  Ni  2.9847564877679886  4.690153939655796  12.679976941830876  1 1 1
  Ni  2.9500813738635756  11.055018561868815  12.604250140908595  1 1 1
  Co  1.462568329325446  1.6025919523936343  12.633562770154041  1 1 1
  Ni  1.4426535781539105  7.908965779087416  12.649033732708785  1 1 1
  Fe  4.448542995459408  1.5478319480962413  12.638703695072541  1 1 1
  Fe  4.4655280157312545  7.903956735016935  12.567684085827327  1 1 1
  Cr  -0.04658668012891761  1.5892239021716708  15.953188553182702  1 1 1
  Co  -0.017846667569186965  7.889356059192367  15.719828679296915  1 1 1
  Co  2.9448447381877787  1.5880381787170268  15.722697881261354  1 1 1
  Cr  2.968435712728753  7.869293191998453  15.78882569510944  1 1 1
  Co  1.5407104220956018  4.740254471677753  16.061164563393056  1 1 1
  Cr  1.6929705730506097  11.026727075923583  16.00672368433148  1 1 1
  Cr  4.264602856123683  4.6988528271344085  16.280918801512875  1 1 1
  Co  4.493608537273683  11.021117665397405  15.996681308030277  1 1 1
  O  7.599193600168949e-16  4.72550623032205  10.679644080527831  0 0 0
  O  1.7731451733727548e-15  11.026181204084782  10.679644080527831  0 0 0
  O  2.9727500000000013  4.72550623032205  10.679644080527831  0 0 0
  O  2.972750000000002  11.026181204084782  10.67964408052783  0 0 0
  O  7.59919360016895e-16  4.7255062303220505  8.222380840760364  0 0 0
  O  1.7731451733727548e-15  11.026181204084782  8.222380840760364  0 0 0
  O  2.9727500000000013  4.7255062303220505  8.222380840760364  0 0 0
  O  2.972750000000002  11.026181204084782  8.222380840760362  0 0 0
  O  1.4863750000000002  0.34653712355695127  9.4510124606441  0 0 0
  O  1.4863750000000013  6.647212097319683  9.4510124606441  0 0 0
  O  4.459125  0.34653712355695127  9.4510124606441  0 0 0
  O  4.459125000000001  6.647212097319683  9.4510124606441  0 0 0
  O  1.4863750000000007  2.803800363324416  9.4510124606441  0 0 0
  O  1.4863750000000022  9.104475337087148  9.4510124606441  0 0 0
  O  4.459125000000001  2.803800363324416  9.4510124606441  0 0 0
  O  4.459125000000002  9.104475337087148  9.451012460644098  0 0 0
  O  -0.047078053102875404  1.616899244170396  14.055754024898805  1 1 1
  O  -0.05501901690737668  7.843284701136083  13.961344070609249  1 1 1
  O  2.9742041591229023  1.5874066250568368  13.87315265101332  1 1 1
  O  2.9755842744215206  7.863285142229183  14.059803132538066  1 1 1
  O  2.53306453338965e-16  1.575168743440683  11.37271832764173  0 0 0
  O  1.266532266694825e-15  7.875843717203415  11.37271832764173  0 0 0
  O  2.972750000000001  1.575168743440683  11.37271832764173  0 0 0
  O  2.9727500000000013  7.875843717203415  11.37271832764173  0 0 0
  O  1.411431431961763  3.409206128712649  12.692745701850725  1 1 1
  O  1.4234195693484295  9.863349261825404  12.70168991909369  1 1 1
  O  4.58753295367135  3.508921343963806  12.603397474344405  1 1 1
  O  4.478760474610619  9.801928674924707  12.651407256425992  1 1 1
  O  1.3651504123893323  5.884142975460949  12.657451434884099  1 1 1
  O  1.4154679612419978  12.34195423048883  12.697029856630222  1 1 1
  O  4.537468101529393  5.951522150213334  12.636554778290202  1 1 1
  O  4.50646974324268  12.234231355136687  12.68379743049695  1 1 1
  O  -0.10557480972993191  4.721664380106704  16.971774823438235  1 1 1
  O  -0.02703366100540576  11.08136589517283  16.97989206701169  1 1 1
  O  3.0510531698199523  4.63035316445369  17.418185912492497  1 1 1
  O  2.934683667004829  11.091063826724417  17.18751191835381  1 1 1
  O  -0.04564375164383863  4.726073224743078  14.517145202441384  1 1 1
  O  0.09287660156314481  10.987753471115868  14.711012080433962  1 1 1
  O  3.115266023392462  4.807155029004512  14.884563466908983  1 1 1
  O  2.905784666376275  10.960488256013457  14.729510259318623  1 1 1
  O  1.59112205819123  0.4268476676451919  15.960953946227807  1 1 1
  O  1.5322539656492387  6.573992240282031  16.114166429642047  1 1 1
  O  4.392308108707618  0.3153066372487835  15.885894828344092  1 1 1
  O  4.336202533967708  6.7106256840085186  16.21051237837703  1 1 1
  O  1.522745537394562  2.9013294129982508  15.96932485153042  1 1 1
  O  1.586204407507856  9.030107108183055  16.210671786734984  1 1 1
  O  4.325410884881877  2.7920867692988516  15.9159376310645  1 1 1
  O  4.408284996022599  9.124124946185864  16.080556913488483  1 1 1
  O  -0.07458893381808478  1.592319648971756  17.815891191599324  1 1 1
  H  0.83109991663162  1.5213154144950463  18.163479252519302  1 1 1
K_POINTS automatic
  4 2 1 0 0 0
HUBBARD (atomic)
U Co-3d 3.3200
U Cr-3d 3.7000
U Fe-3d 5.3000
U Ni-3d 6.2000
