&CONTROL
  calculation = 'scf'
  prefix = 'slab__atomic'
  outdir = '/anvil/projects/x-che260157/sts_arm_c_2026-10-07/runs/hea/arm_c_2026-10-07/Fe25Co25Ni25Cr25__s13_site0/tmp_slab__atomic'
  pseudo_dir = '/anvil/projects/x-che260157/pseudo'
  tprnfor = .true.
  forc_conv_thr = 2.0d-3
  nstep = 200
  max_seconds = 165000
/
&SYSTEM
  ibrav = 0
  nat = 72
  ntyp = 5
  ecutwfc = 80.0
  ecutrho = 640.0
  occupations = 'smearing'
  smearing = 'mv'
  degauss = 0.01
  nosym = .true.
  noinv = .true.
  nspin = 2
  starting_magnetization(1) = 0.4
  starting_magnetization(2) = 0.6
  starting_magnetization(3) = 0.5
  starting_magnetization(4) = 0.3
  starting_magnetization(5) = 0.0
/
&ELECTRONS
  conv_thr = 1.0d-6
  mixing_mode = 'local-TF'
  mixing_beta = 0.3
  electron_maxstep = 300
/
&IONS
  ion_dynamics = 'bfgs'
/
ATOMIC_SPECIES
  Co  58.933  Co_pbe_v1.2.uspp.F.UPF
  Cr  51.996  cr_pbe_v1.5.uspp.F.UPF
  Fe  55.845  Fe.pbe-spn-kjpaw_psl.0.2.1.UPF
  Ni  58.693  ni_pbe_v1.4.uspp.F.UPF
  O  15.999  O.pbe-n-kjpaw_psl.0.1.UPF
CELL_PARAMETERS angstrom
  5.9455  0.0  3.640568772165294e-16
  2.0264516267117194e-15  12.601349947525463  7.716101439086363e-16
  0.0  0.0  25.20269989505093
ATOMIC_POSITIONS angstrom
  Fe  2.5330645333896493e-16  1.575168743440683  9.4510124606441  0 0 0
  Fe  1.266532266694825e-15  7.875843717203415  9.4510124606441  0 0 0
  Ni  2.972750000000001  1.575168743440683  9.4510124606441  0 0 0
  Fe  2.9727500000000013  7.875843717203415  9.4510124606441  0 0 0
  Ni  1.486375000000001  4.725506230322049  9.4510124606441  0 0 0
  Ni  1.486375000000002  11.02618120408478  9.451012460644098  0 0 0
  Cr  4.459125000000001  4.725506230322049  9.4510124606441  0 0 0
  Co  4.459125000000002  11.02618120408478  9.4510124606441  0 0 0
  Cr  0.03518504026149886  4.739421663999309  12.849359573650428  1 1 1
  Fe  -0.007658105042534113  11.033177553049331  12.668081987158116  1 1 1
  Ni  2.9934976863906297  4.688134103333375  12.683184319937471  1 1 1
  Ni  2.950369702136365  11.059428163387903  12.614250858896566  1 1 1
  Co  1.510188574918974  1.595509373336425  12.596055985570503  1 1 1
  Ni  1.4442720092431032  7.91065314441343  12.64696586296997  1 1 1
  Fe  4.415950988121014  1.5427309759310754  12.60657439892467  1 1 1
  Fe  4.4641404033852705  7.902415616456664  12.567080553431387  1 1 1
  Cr  0.011429326712675913  1.5955004324530635  15.763090217740434  1 1 1
  Co  -0.020281978129729625  7.880999332739501  15.712374376696792  1 1 1
  Co  2.9767758390907626  1.5811628392571349  15.80506452059642  1 1 1
  Cr  2.973213040769222  7.879281958967744  15.78053041088283  1 1 1
  Co  1.5338434344851297  4.736972552645764  16.078890311317224  1 1 1
  Cr  1.6725618700958447  11.017150184000904  16.027774003491164  1 1 1
  Cr  4.27769940617222  4.725945217006863  16.282783816720574  1 1 1
  Co  4.509992387164479  11.032415791188116  16.032725015396586  1 1 1
  O  7.599193600168949e-16  4.72550623032205  10.679644080527831  0 0 0
  O  1.7731451733727548e-15  11.026181204084782  10.679644080527831  0 0 0
  O  2.9727500000000013  4.72550623032205  10.679644080527831  0 0 0
  O  2.972750000000002  11.026181204084782  10.67964408052783  0 0 0
  O  7.59919360016895e-16  4.7255062303220505  8.222380840760364  0 0 0
  O  1.7731451733727548e-15  11.026181204084782  8.222380840760364  0 0 0
  O  2.9727500000000013  4.7255062303220505  8.222380840760364  0 0 0
  O  2.972750000000002  11.026181204084782  8.222380840760362  0 0 0
  O  1.4863750000000002  0.34653712355695127  9.4510124606441  0 0 0
  O  1.4863750000000013  6.647212097319683  9.4510124606441  0 0 0
  O  4.459125  0.34653712355695127  9.4510124606441  0 0 0
  O  4.459125000000001  6.647212097319683  9.4510124606441  0 0 0
  O  1.4863750000000007  2.803800363324416  9.4510124606441  0 0 0
  O  1.4863750000000022  9.104475337087148  9.4510124606441  0 0 0
  O  4.459125000000001  2.803800363324416  9.4510124606441  0 0 0
  O  4.459125000000002  9.104475337087148  9.451012460644098  0 0 0
  O  -0.02913035464572229  1.6281687172570547  14.020359045588117  1 1 1
  O  -0.05328796925560092  7.8500102166243835  13.954774365481041  1 1 1
  O  2.980275787027318  1.5987045025326572  13.900846314260123  1 1 1
  O  2.9762649855261962  7.859834594690502  14.055830050533393  1 1 1
  O  2.53306453338965e-16  1.575168743440683  11.37271832764173  0 0 0
  O  1.266532266694825e-15  7.875843717203415  11.37271832764173  0 0 0
  O  2.972750000000001  1.575168743440683  11.37271832764173  0 0 0
  O  2.9727500000000013  7.875843717203415  11.37271832764173  0 0 0
  O  1.4224430892422277  3.4093860123283286  12.680154966532639  1 1 1
  O  1.4270724210865233  9.865930274637176  12.715071917683426  1 1 1
  O  4.597119528998472  3.500976617526128  12.601024458579616  1 1 1
  O  4.475867562220635  9.79915846175819  12.674419134360031  1 1 1
  O  1.3650592519041966  5.8824503537926445  12.67472712940617  1 1 1
  O  1.4238999744274699  12.35140414000952  12.69523535489744  1 1 1
  O  4.547408432273325  5.947983032863241  12.655364805495616  1 1 1
  O  4.511873710625922  12.241049274962332  12.686001804931001  1 1 1
  O  -0.09003684882082799  4.757470202089643  17.007441856485055  1 1 1
  O  -0.0116185848930878  11.011334481384983  17.03813485306202  1 1 1
  O  3.0442638047361408  4.633958293188886  17.410523920539752  1 1 1
  O  2.9550703510226493  11.112028209453335  17.185973627043925  1 1 1
  O  -0.03892861503115526  4.687036680739728  14.539176800552141  1 1 1
  O  0.09139354873618541  11.025797781237795  14.740302781498745  1 1 1
  O  3.1588478408849756  4.739011941386376  14.886217152730346  1 1 1
  O  2.884450410067559  11.008310375907417  14.744386808942313  1 1 1
  O  1.503661400996635  0.4505056459455037  16.101037728441362  1 1 1
  O  1.545050718158233  6.5669641250494815  16.09022021370423  1 1 1
  O  4.481888443825287  0.31714789645924946  16.006990954009176  1 1 1
  O  4.335623789004248  6.699235919574366  16.21129048858877  1 1 1
  O  1.4910159817824375  2.892638184646514  16.052015393513226  1 1 1
  O  1.5937299969739183  9.034530216506466  16.205627475084274  1 1 1
  O  4.43998862725021  2.7207793284460373  16.127478120157736  1 1 1
  O  4.394777473273903  9.119960668689927  16.064655873701433  1 1 1
K_POINTS automatic
  4 2 1 0 0 0
HUBBARD (atomic)
U Co-3d 3.3200
U Cr-3d 3.7000
U Fe-3d 5.3000
U Ni-3d 6.2000
