&CONTROL
  restart_mode = 'from_scratch'
  calculation = 'scf'
  prefix = 'slab_c5low__pa_boundary'
  outdir = '/anvil/projects/x-che260157/sts_pa_catalyst_o1_2026-10-07/trial_results/fresh/outdir'
  pseudo_dir = '/anvil/projects/x-che260157/sts_pa_catalyst_o1_2026-10-07/trial_results/common_pseudo'
  tprnfor = .true.
  forc_conv_thr = 2.0d-3
  nstep = 30
  max_seconds = 7080
/
&SYSTEM
  ibrav = 0
  nat = 72
  ntyp = 5
  ecutwfc = 80.0
  ecutrho = 640.0
  occupations = 'smearing'
  smearing = 'mv'
  degauss = 0.01
  nosym = .true.
  noinv = .true.
  nspin = 2
  starting_magnetization(1) = 0.4
  starting_magnetization(2) = 0.6
  starting_magnetization(3) = 0.2
  starting_magnetization(4) = 0.5
  starting_magnetization(5) = 0.0
/
&ELECTRONS
  conv_thr = 1.0d-6
  mixing_mode = 'local-TF'
  mixing_beta = 0.3
  startingwfc = 'atomic+random'
  startingpot = 'atomic'
  electron_maxstep = 300
/
&IONS
  ion_dynamics = 'bfgs'
/
ATOMIC_SPECIES
  Co  58.933  Co_pbe_v1.2.uspp.F.UPF
  Cr  51.996  cr_pbe_v1.5.uspp.F.UPF
  Cu  63.546  Cu.paw.z_11.ld1.psl.v1.0.0-low.upf
  Mn  54.938  mn_pbe_v1.5.uspp.F.UPF
  O  15.999  O.pbe-n-kjpaw_psl.0.1.UPF
CELL_PARAMETERS angstrom
  5.868293765917553  0.0  3.593293588443649e-16
  2.016042504137234e-15  12.536621535320224  7.676466717675844e-16
  0.0  0.0  25.073243070640455
ATOMIC_POSITIONS bohr
  Cr 0 2.9613476537016838 17.768085922399081 0 0 0
  Co 0 14.806738268697391 17.768085922399081 0 0 0
  Mn 5.5447340182943732 2.9613476537016838 17.768085922399081 0 0 0
  Cu 5.5447340182943732 14.806738268697391 17.768085922399081 0 0 0
  Mn 2.772367009147187 8.8840429611050524 17.768085922399081 0 0 0
  Cr 2.772367009147187 20.72943357610076 17.768085922399081 0 0 0
  Cu 8.3171010272525869 8.8840429611050524 17.768085922399081 0 0 0
  Mn 8.3171010272525869 20.72943357610076 17.768085922399081 0 0 0
  Mn 0.0065730937166861292 8.914562997620683 23.790681707583389 1 1 1
  Mn -0.017700595768318068 20.68474929508335 23.81793648821801 1 1 1
  Cr 5.5738046099280334 8.912889372071902 23.7877843844024 1 1 1
  Co 5.5259887027448373 20.67644946449823 23.850524935612739 1 1 1
  Co 2.730432044370203 2.882369686890371 23.685061662448369 1 1 1
  Cr 2.8956100962572902 14.842961102759521 23.639702587821851 1 1 1
  Mn 8.3413762022512987 2.9266163967213661 23.696365422846132 1 1 1
  Co 8.3059588208640349 14.855744697858899 23.696390847032429 1 1 1
  Mn -0.0086106706904943327 2.999856485488348 29.855576164061219 1 1 1
  Cr 0.0071893358625705556 14.79329919620244 29.42139284821522 1 1 1
  Cr 5.5130257476918514 3.0105438931912412 29.446370025477719 1 1 1
  Co 5.5511552870678376 14.77842534555689 29.803025036523909 1 1 1
  Co 2.7715869288801329 8.9691605931042417 29.850108952245598 1 1 1
  Co 2.781347374329374 20.699800296781639 30.103722941538511 1 1 1
  Co 8.3139298392924399 8.9193679556718077 29.984816994147781 1 1 1
  Mn 8.3288169871848385 20.70090648765294 29.82343101561279 1 1 1
  O 0 8.8840429611050524 20.077937092320401 0 0 0
  O 0 20.72943357610076 20.077937092320401 0 0 0
  O 5.5447340182943732 8.8840429611050524 20.077937092320401 0 0 0
  O 5.5447340182943732 20.72943357610076 20.077937092320401 0 0 0
  O 0 8.8840429611050524 15.45823475247775 0 0 0
  O 0 20.72943357610076 15.45823475247775 0 0 0
  O 5.5447340182943732 8.8840429611050524 15.45823475247775 0 0 0
  O 5.5447340182943732 20.72943357610076 15.45823475247775 0 0 0
  O 2.772367009147187 0.65149648378035541 17.768085922399081 0 0 0
  O 2.772367009147187 12.49688709877606 17.768085922399081 0 0 0
  O 8.3171010272525869 0.65149648378035541 17.768085922399081 0 0 0
  O 8.3171010272525869 12.49688709877606 17.768085922399081 0 0 0
  O 2.772367009147187 5.2711988236230134 17.768085922399081 0 0 0
  O 2.772367009147187 17.116589438618721 17.768085922399081 0 0 0
  O 8.3171010272525869 5.2711988236230134 17.768085922399081 0 0 0
  O 8.3171010272525869 17.116589438618721 17.768085922399081 0 0 0
  O 0.032717833540971651 2.940148993651948 26.049771608601699 1 1 1
  O 0.01155911833308565 14.78961159220175 26.182301002262331 1 1 1
  O 5.5398233381923978 3.004314278740583 26.194396488175411 1 1 1
  O 5.5931743575075048 14.749892518955701 25.984601819371441 1 1 1
  O 0 2.9613476537016838 21.38093005988112 0 0 0
  O 0 14.806738268697391 21.38093005988112 0 0 0
  O 5.5447340182943732 2.9613476537016838 21.38093005988112 0 0 0
  O 5.5447340182943732 14.806738268697391 21.38093005988112 0 0 0
  O 2.7880824478105581 6.5769855163660251 23.76444034417262 1 1 1
  O 2.7772097254380621 18.373182394625459 23.81723162301914 1 1 1
  O 8.3501916447984925 6.5740025364351498 23.810330305795429 1 1 1
  O 8.2675847720924551 18.356414388526211 23.80926840802579 1 1 1
  O 2.76735343232389 11.234102690203921 23.777717397218829 1 1 1
  O 2.828890413374967 23.044194403782232 23.7997710538381 1 1 1
  O 8.3252772542534004 11.252421953770581 23.77542586354161 1 1 1
  O 8.2747601729256104 22.994899205949569 23.844393910441671 1 1 1
  O 0.058513321363863113 8.8748233044390457 32.013117951720098 1 1 1
  O 0.079287931973493334 20.741629965452049 32.107653139874998 1 1 1
  O 5.5560676650887348 8.9375711203235184 31.985440939939849 1 1 1
  O 5.4217653934948293 20.675786967903939 32.09631253095165 1 1 1
  O -0.0029077656185803758 8.9697502324416352 27.608014802016822 1 1 1
  O 0.074655051060468935 20.692870828874771 27.539068258877261 1 1 1
  O 5.526650931942882 8.9193649192598716 27.545070184384549 1 1 1
  O 5.469727457765682 20.69728138728868 27.4891937571863 1 1 1
  O 2.8650859352254181 0.78376505158311749 30.298737991646011 1 1 1
  O 2.715431352283606 12.572269967648911 30.15729654678054 1 1 1
  O 8.1838460963010622 0.72330810816069124 30.204367589498911 1 1 1
  O 8.4024975786703759 12.59483641354635 30.24461902977475 1 1 1
  O 2.8353096189454479 5.2559645825523447 30.19279080865163 1 1 1
  O 2.713847270273404 16.970775297703 30.226210699825369 1 1 1
  O 8.1898916816627985 5.2380501034238431 30.191503924058019 1 1 1
  O 8.390218530052783 17.041347313335098 30.228741381178239 1 1 1
K_POINTS automatic
  4 2 1 0 0 0
HUBBARD (atomic)
U Co-3d 3.3200
U Cr-3d 3.7000
U Mn-3d 3.9000
