0.9503026618045605
0.000775397255107776
0.0014257804132955377
0.007707384127746721
0.004193775127292086
0.000775397255107776
0.9897986601105665
-0.0012149625299636188
0.00035355394213762323
0.0009022798681989652
0.0014257804132955377
-0.0012149625299636188
0.9920022073258243
-5.888564818551946e-05
0.0018252425122918723
0.007707384127746721
0.00035355394213762323
-5.888564818551946e-05
0.9858517334974244
-9.059850975043601e-05
0.004193775127292086
0.0009022798681989652
0.0018252425122918723
-9.059850975043601e-05
0.7837632774158441
0.29776795525266986
0.0034758222101341023
-0.0071504118564702955
-0.1793933649830056
0.00525406405905615
0.0034758222101341023
0.1621158236528958
0.07326112707552616
-0.032791722917918514
0.0004088615742794991
-0.0071504118564702955
0.07326112707552616
0.9687494269837366
0.001393658190948213
0.006797154570600176
-0.1793933649830056
-0.032791722917918514
0.001393658190948213
0.9339029521309862
-0.0008499037848569253
0.00525406405905615
0.0004088615742794991
0.006797154570600176
-0.0008499037848569253
0.3926060344062457
0.9705805893683305
0.00044419566013207263
1.6509796091580824e-05
0.0042913896418552075
-0.00013404227871695987
0.00044419566013207263
0.9962101011964763
-4.003957700565692e-05
-8.012971980066447e-05
-2.8479906365375225e-05
1.6509796091580824e-05
-4.003957700565692e-05
0.9966187934818151
3.386896816258721e-05
0.00022411993334648576
0.0042913896418552075
-8.012971980066447e-05
3.386896816258721e-05
0.9946263029647808
3.386692478318232e-05
-0.00013404227871695987
-2.8479906365375225e-05
0.00022411993334648576
3.386692478318232e-05
0.9266402423030363
0.36629494412794594
-0.009754434089931072
-0.01388563361898808
-0.017869901819120078
0.0002954438600227204
-0.009754434089931072
0.21722082441900364
0.0008248176888146482
0.000881092336609796
0.0010045848064804096
-0.01388563361898808
0.0008248176888146482
0.19637382418788019
0.00015232864877158162
-0.00405010871617456
-0.017869901819120078
0.000881092336609796
0.00015232864877158162
0.098377878286449
-1.2459433532289345e-05
0.0002954438600227204
0.0010045848064804096
-0.00405010871617456
-1.2459433532289345e-05
0.48415399005420157
0.47515385988362635
0.0019481341737391492
-0.0032705428795953904
0.024276498551821523
0.0007789366336810244
0.0019481341737391492
0.8949329137703259
0.008114318697160429
-0.00025038514939059196
0.0017321785073376175
-0.0032705428795953904
0.008114318697160429
0.8614892342027571
0.0015001488769509983
-0.000388280679446588
0.024276498551821523
-0.00025038514939059196
0.0015001488769509983
0.9500200017835041
6.404062626570472e-05
0.0007789366336810244
0.0017321785073376175
-0.000388280679446588
6.404062626570472e-05
0.5305904809663236
0.2608916978628773
0.00030375939174198566
0.0012096961144405552
-0.020155053087205884
-6.128950557636521e-05
0.00030375939174198566
0.11427111409809917
-0.000253389745316628
-1.5633133400306193e-05
-0.00024042372562876882
0.0012096961144405552
-0.000253389745316628
0.1170190067362881
1.527488009606659e-05
0.0005829929871442637
-0.020155053087205884
-1.5633133400306193e-05
1.527488009606659e-05
0.08599509245756012
9.437744167462947e-05
-6.128950557636521e-05
-0.00024042372562876882
0.0005829929871442637
9.437744167462947e-05
0.35342408084013766
0.9338957989370751
-0.002351395889771713
-0.00013341023022935228
0.01610947667780693
0.0007712854268779234
-0.002351395889771713
0.988677096564808
0.00024012413245631925
0.0004496580627015657
-0.0005991005292355116
-0.00013341023022935228
0.00024012413245631925
0.9984002043334981
-5.8572743561336723e-05
-0.0006495558405621633
0.01610947667780693
0.0004496580627015657
-5.8572743561336723e-05
0.9832790885709777
-0.00020885455437581762
0.0007712854268779234
-0.0005991005292355116
-0.0006495558405621633
-0.00020885455437581762
0.7511560964544421
0.31732283340058637
-0.008640550659143376
-0.004137480600337912
0.16831668746453793
6.232638814364839e-07
-0.008640550659143376
0.9858606454263938
0.003093142293810659
0.0025577265173757713
0.0004939876398903513
-0.004137480600337912
0.003093142293810659
0.1863739488228725
0.002860878541287951
0.0028179290000507227
0.16831668746453793
0.0025577265173757713
0.002860878541287951
0.9440077689326838
0.00019758039343682125
6.232638814364839e-07
0.0004939876398903513
0.0028179290000507227
0.00019758039343682125
0.39272724125560826
0.9789743720359766
0.00010447850324310491
0.00018963117485323627
-0.037961811920386376
-0.00018148451095873947
0.00010447850324310491
0.8782566717951438
-0.00026093325823926746
0.0001856172204862556
-0.00032111723333606965
0.00018963117485323627
-0.00026093325823926746
0.9955745096092975
0.0007168094029569265
1.7077687589946083e-05
-0.037961811920386376
0.0001856172204862556
0.0007168094029569265
0.9055345199093092
-0.00047090429234133177
-0.00018148451095873947
-0.00032111723333606965
1.7077687589946083e-05
-0.00047090429234133177
0.994484135928265
0.18105565009917257
-0.00023295941673678378
-0.0007612346838629657
0.14117599907306747
-0.0007638211617843824
-0.00023295941673678378
0.5544599215784786
-0.0010222372784833875
0.00047129803965785056
0.001688207967196796
-0.0007612346838629657
-0.0010222372784833875
0.2101776048786033
0.0004119333601123941
0.0016740554362519094
0.14117599907306747
0.00047129803965785056
0.0004119333601123941
0.44627309446568225
-0.0023752225159264294
-0.0007638211617843824
0.001688207967196796
0.0016740554362519094
-0.0023752225159264294
0.22000293064125223
0.9784293566617421
0.00042739504699726416
-9.129868870967178e-05
-0.03952418328610878
4.9612108967951855e-05
0.00042739504699726416
0.88983064979873
-0.00010944790245573927
-0.0008978345285701773
0.00035725154064239907
-9.129868870967178e-05
-0.00010944790245573927
0.9958992165319229
-0.000498656129306507
-0.0003406944679006112
-0.03952418328610878
-0.0008978345285701773
-0.000498656129306507
0.9002805672284733
0.0001252981808098537
4.9612108967951855e-05
0.00035725154064239907
-0.0003406944679006112
0.0001252981808098537
0.99484849594467
0.18045358716870896
-0.0025018152518973013
-0.00016343399838603746
0.14143029340617455
0.0021626876809098723
-0.0025018152518973013
0.5454668484252068
0.0006755625701192628
0.002656930287419091
-0.0044683778845341915
-0.00016343399838603746
0.0006755625701192628
0.20789031117902548
-0.0024502610296267186
0.005847962645772828
0.14143029340617455
0.002656930287419091
-0.0024502610296267186
0.44198780024074863
0.002463392971120376
0.0021626876809098723
-0.0044683778845341915
0.005847962645772828
0.002463392971120376
0.22569677597391088
0.9657393483654283
-0.0004543030189029126
0.0006262379207029666
-0.0606526160488211
0.00048223967912250983
-0.0004543030189029126
0.7927617418818047
0.0005573873992443716
-0.0009537715753137736
0.0001208296763088688
0.0006262379207029666
0.0005573873992443716
0.995070740097021
0.0024701473963229083
0.00015649848108986828
-0.0606526160488211
-0.0009537715753137736
0.0024701473963229083
0.8480070386591679
0.001122409192774756
0.00048223967912250983
0.0001208296763088688
0.00015649848108986828
0.001122409192774756
0.9908050599377974
0.8648643248697612
-0.00020096234151300812
-0.0013037023638090934
-0.24815899270933256
-0.00217682178858161
-0.00020096234151300812
0.4669529236922222
-0.00021628137898338807
-0.00024770968377248545
-0.000736805121435794
-0.0013037023638090934
-0.00021628137898338807
0.9947372370866245
-0.0025270110064620397
-3.9883398745879595e-06
-0.24815899270933256
-0.00024770968377248545
-0.0025270110064620397
0.5213293488879821
-0.004169374013146049
-0.00217682178858161
-0.000736805121435794
-3.9883398745879595e-06
-0.004169374013146049
0.9942861860868769
0.9671297290227934
-0.0017820065874459814
-0.0005828908164252135
-0.06036395092819611
-0.0003849405477917714
-0.0017820065874459814
0.8167865757992989
-0.0007051722568185121
-0.00011140738116795584
0.0003004445226028547
-0.0005828908164252135
-0.0007051722568185121
0.9959537711675657
-0.002554743148967662
0.0011946457333871269
-0.06036395092819611
-0.00011140738116795584
-0.002554743148967662
0.8413567537481584
-0.0007159854329806651
-0.0003849405477917714
0.0003004445226028547
0.0011946457333871269
-0.0007159854329806651
0.992052851352116
0.8581247403116967
-0.001876176398355861
0.002197845623294804
-0.2538707524517926
0.0028393081822738844
-0.001876176398355861
0.45104149804708465
0.0007742840322045942
0.0010807384812786204
0.0021761931764251456
0.002197845623294804
0.0007742840322045942
0.9940478153330075
0.003999929503710537
-0.0009297714827862708
-0.2538707524517926
0.0010807384812786204
0.003999929503710537
0.5202489531852451
0.005339953824728832
0.0028393081822738844
0.0021761931764251456
-0.0009297714827862708
0.005339953824728832
0.9929657290638216
0.5696947620839019
-0.022174817694423813
0.001562613997951721
0.024938925308825785
-0.0009407347750414441
-0.022174817694423813
0.8212910497001638
-0.0221877374723522
-0.0022197062339111835
0.004326850673229896
0.001562613997951721
-0.0221877374723522
0.6871283345649235
0.006318276754581805
0.004734366652314418
0.024938925308825785
-0.0022197062339111835
0.006318276754581805
0.9536409317806036
0.004506246013255951
-0.0009407347750414441
0.004326850673229896
0.004734366652314418
0.004506246013255951
0.5299644266887987
0.3805999040047782
0.007940413019313128
0.007917180337859793
-0.021562437877515325
-0.0028535338264431237
0.007940413019313128
0.14306399736610131
0.003270857358481646
0.0010383913411454006
-0.0030390756524233307
0.007917180337859793
0.003270857358481646
0.15149733212925076
-0.0011277929812126327
-0.0027524500438137318
-0.021562437877515325
0.0010383913411454006
-0.0011277929812126327
0.10389669739079418
-0.0030853057475039376
-0.0028535338264431237
-0.0030390756524233307
-0.0027524500438137318
-0.0030853057475039376
0.38587416953574294
0.9125749221247796
-0.0047350384939735006
0.0008201936810307924
0.011067621585159924
-0.0015098330327485072
-0.0047350384939735006
0.9939434073993374
0.0003596866779753741
0.00046951024665701927
-0.00023402681740995702
0.0008201936810307924
0.0003596866779753741
0.9958890188897087
0.0001010773214663743
0.001335774644567598
0.011067621585159924
0.00046951024665701927
0.0001010773214663743
0.9908259494198985
0.0009063554253618711
-0.0015098330327485072
-0.00023402681740995702
0.001335774644567598
0.0009063554253618711
0.9172636771221794
0.3080748769895559
-0.025090431291588493
0.006665510294314126
0.014409550121056386
0.0004609026372554778
-0.025090431291588493
0.9789475509569823
0.00044150761942320457
0.00045482534514562655
0.0020837190507658736
0.006665510294314126
0.00044150761942320457
0.9899080146347271
7.266206697127047e-05
0.010791141912924442
0.014409550121056386
0.00045482534514562655
7.266206697127047e-05
0.9912548277547504
0.000660606163042029
0.0004609026372554778
0.0020837190507658736
0.010791141912924442
0.000660606163042029
0.2928401444718425
0.5656632089744524
0.028187678310470417
-0.007238498388391139
0.03025538044527388
-0.0008686666676777948
0.028187678310470417
0.857333431246978
-0.01654572941637879
0.0023613542635125633
0.013815798005280149
-0.007238498388391139
-0.01654572941637879
0.6602491064245407
0.002672534020789249
-0.005573145764380797
0.03025538044527388
0.0023613542635125633
0.002672534020789249
0.9694495061476562
-0.0005466707282661804
-0.0008686666676777948
0.013815798005280149
-0.005573145764380797
-0.0005466707282661804
0.5250927032802905
0.37844458351201765
-0.009394102385278867
0.005544511811765248
-0.019174964717551184
-0.004518365979052139
-0.009394102385278867
0.1394086101136972
0.003775274516303036
-0.0010945449433673803
-0.007008295540509447
0.005544511811765248
0.003775274516303036
0.1537300833687018
-0.0001299651174292842
0.00295821453295043
-0.019174964717551184
-0.0010945449433673803
-0.0001299651174292842
0.09638982054878312
0.0005282404962100298
-0.004518365979052139
-0.007008295540509447
0.00295821453295043
0.0005282404962100298
0.3729125055240685
0.8105225602910502
0.007633065776738258
0.0012292599742122394
0.023600285481353938
-0.000486953678528198
0.007633065776738258
0.9920279564104073
-0.0009416122875900273
0.00014615129624853744
-0.0006975573515091704
0.0012292599742122394
-0.0009416122875900273
0.9977777398083884
0.0002326732599992423
-0.0026723527008301416
0.023600285481353938
0.00014615129624853744
0.0002326732599992423
0.9826076450466963
-0.0004283052563923752
-0.000486953678528198
-0.0006975573515091704
-0.0026723527008301416
-0.0004283052563923752
0.7855539207623268
0.5254897946464712
0.010245752492766274
-0.0009065207503403835
0.024772225073676775
-0.000437440121768287
0.010245752492766274
0.6362376004227478
-0.007076128943392287
0.00043114810321388174
0.00425647212395747
-0.0009065207503403835
-0.007076128943392287
0.38766281102837274
-0.001005747264380335
-0.0013888823153439386
0.024772225073676775
0.00043114810321388174
-0.001005747264380335
0.988221518594576
-0.0015512953984128854
-0.000437440121768287
0.00425647212395747
-0.0013888823153439386
-0.0015512953984128854
0.45393375517850876
0.9437264916439114
-0.006264474512117432
0.00039656993604567136
-0.10834842376315884
-4.793500941861482e-06
-0.006264474512117432
0.6996545494092345
0.010800648769385775
-0.028671301887799858
0.0022056199748192707
0.00039656993604567136
0.010800648769385775
0.9918070626405733
0.0005008078935950839
4.62151836902136e-05
-0.10834842376315884
-0.028671301887799858
0.0005008078935950839
0.7297539681023769
-0.0005922234837378262
-4.793500941861482e-06
0.0022056199748192707
4.62151836902136e-05
-0.0005922234837378262
0.9774555458256353
0.9121411962942481
0.020519232352432547
0.003728732270995835
-0.1786729312051367
-0.004295605524356258
0.020519232352432547
0.3992129600594969
-0.01356227925277053
0.010834357961863612
-0.0006256852445250195
0.003728732270995835
-0.01356227925277053
0.4432010825972814
0.0033098004217336457
0.04970781184732595
-0.1786729312051367
0.010834357961863612
0.0033098004217336457
0.5669622638090805
-0.0065790621137703014
-0.004295605524356258
-0.0006256852445250195
0.04970781184732595
-0.0065790621137703014
0.9697147852089167
0.9780561185367832
-0.00449161214086652
0.00043295100878012164
-0.035378326598559336
0.0017686117623903904
-0.00449161214086652
0.8523735865248279
0.0018151668929992262
-0.01996006855286292
0.003518178852866664
0.00043295100878012164
0.0018151668929992262
0.9961929789475049
0.0014714470705631496
-0.0015169517232868324
-0.035378326598559336
-0.01996006855286292
0.0014714470705631496
0.900507366846546
0.004304664839486589
0.0017686117623903904
0.003518178852866664
-0.0015169517232868324
0.004304664839486589
0.993324407670121
0.82905164634133
0.04346886489875581
0.005470975688399652
-0.285959189577531
0.015848955156592928
0.04346886489875581
0.37919594001509516
0.003713981707014025
0.009859418430121862
0.005212389275621472
0.005470975688399652
0.003713981707014025
0.9891824045282738
0.010426226966088165
0.0020320233567982806
-0.285959189577531
0.009859418430121862
0.010426226966088165
0.48181079138401794
0.028602099121110506
0.015848955156592928
0.005212389275621472
0.0020320233567982806
0.028602099121110506
0.9902081534880286
0.9435686736783461
0.004933761254852405
0.0006880320504646882
-0.10801002317088575
0.0017313383437429686
0.004933761254852405
0.6980876585909781
-0.008784980470258875
0.022156720314976557
0.00427167575291503
0.0006880320504646882
-0.008784980470258875
0.9929484353161588
0.0019070508995136996
-0.0020452393907174895
-0.10801002317088575
0.022156720314976557
0.0019070508995136996
0.7319301375697657
0.002896659475483462
0.0017313383437429686
0.00427167575291503
-0.0020452393907174895
0.002896659475483462
0.9739528497906177
0.9140611000029174
-0.019851332764731534
0.006609425738138482
-0.1766517508163645
0.0042341327904842525
-0.019851332764731534
0.4008624950247399
0.010303541701562748
-0.016046653738359846
-0.0030929125140782424
0.006609425738138482
0.010303541701562748
0.43249703759636926
0.0016893186381149623
0.012243071787266505
-0.1766517508163645
-0.016046653738359846
0.0016893186381149623
0.5691378626040913
0.00817203898820753
0.0042341327904842525
-0.0030929125140782424
0.012243071787266505
0.00817203898820753
0.9750164869636575
0.9805072587943043
0.0032206512147643866
0.0013991889097776345
-0.032031386857811664
-0.0019226527238704375
0.0032206512147643866
0.8622240506903975
-0.0013206344596110235
0.01766970390006985
0.003359118653801478
0.0013991889097776345
-0.0013206344596110235
0.996144265103481
0.002798968713259985
0.0016652432007143447
-0.032031386857811664
0.01766970390006985
0.002798968713259985
0.9068406248368304
-0.00427378370151803
-0.0019226527238704375
0.003359118653801478
0.0016652432007143447
-0.00427378370151803
0.9932697035601538
0.8259818528212917
-0.042285849400884486
0.004039751330881319
-0.2902169220947901
-0.016766365903082375
-0.042285849400884486
0.3629542517763449
-0.006301210740044033
-0.0016608162855599289
0.004747689156400604
0.004039751330881319
-0.006301210740044033
0.988074452236929
0.008327713396028617
-0.0021925026594521867
-0.2902169220947901
-0.0016608162855599289
0.008327713396028617
0.47489625925935347
-0.030159977167768744
-0.016766365903082375
0.004747689156400604
-0.0021925026594521867
-0.030159977167768744
0.9897930469087234
0.9881370593937298
5.527328641339381e-06
-0.00036323543794857714
0.0008007166657369787
-0.0005854734500930634
5.527328641339381e-06
0.9955394908221734
6.181809469209127e-05
9.36499387253234e-05
0.00028628154304137727
-0.00036323543794857714
6.181809469209127e-05
0.9966200265346747
1.1746745361409775e-07
0.0008925672505328176
0.0008007166657369787
9.36499387253234e-05
1.1746745361409775e-07
0.996961509944392
3.6752120712505025e-05
-0.0005854734500930634
0.00028628154304137727
0.0008925672505328176
3.6752120712505025e-05
0.9812462714382453
0.29312242400115296
-0.008647813961821864
-0.018732899350276246
-0.040109513676360904
0.000729966953693076
-0.008647813961821864
0.12933014577866225
0.002298594922100867
0.0033153927959759834
-0.002128301390211703
-0.018732899350276246
0.002298594922100867
0.1889637155073974
-0.0007857486766910131
0.002342868578278083
-0.040109513676360904
0.0033153927959759834
-0.0007857486766910131
0.07859399063241138
0.004837345653310734
0.000729966953693076
-0.002128301390211703
0.002342868578278083
0.004837345653310734
0.46366833774173777
0.9767919589727099
0.0004396069247277476
-0.0009325590717942165
0.003846623862157289
-0.00011596948691314916
0.0004396069247277476
0.9921788702993991
-0.0004006222764101367
-0.00011804899866825449
0.0005283201219279463
-0.0009325590717942165
-0.0004006222764101367
0.9934455276113972
0.00048558793941385985
0.004605038474115886
0.003846623862157289
-0.00011804899866825449
0.00048558793941385985
0.9950076455907151
-0.0008348309475754007
-0.00011596948691314916
0.0005283201219279463
0.004605038474115886
-0.0008348309475754007
0.9653558098626258
0.1631380932133228
0.02063223727535299
-0.03744155621350452
0.031155209112206487
-0.0002987840278967127
0.02063223727535299
0.9910810120499391
0.0007798424820462107
-0.0002505718485210187
0.014386485484440454
-0.03744155621350452
0.0007798424820462107
0.9925218987092024
0.000974836741680019
0.027948448695520087
0.031155209112206487
-0.0002505718485210187
0.000974836741680019
0.9916037140474978
0.004142131050377058
-0.0002987840278967127
0.014386485484440454
0.027948448695520087
0.004142131050377058
0.24086358425384707
0.5573951655816709
0.002423002587906289
0.0011922453653308968
0.031528808202450936
0.0016536022458913504
0.002423002587906289
0.6830424662481155
0.017244208432911808
-0.008069295640206696
0.0027007780056984496
0.0011922453653308968
0.017244208432911808
0.6218283017996074
0.012628753488959598
0.0026845400192911525
0.031528808202450936
-0.008069295640206696
0.012628753488959598
0.9797854821053367
0.006887729107674133
0.0016536022458913504
0.0027007780056984496
0.0026845400192911525
0.006887729107674133
0.5513029643467623
0.3834674381281662
-0.00921931148647684
0.0021093121313177
-0.023017907540643187
0.0023861617566709433
-0.00921931148647684
0.23748140078041746
-0.0071919959914585494
-0.0017588942727377677
0.0007385336535377206
0.0021093121313177
-0.0071919959914585494
0.2598893792578141
-0.003210266177338202
-0.009242146112331505
-0.023017907540643187
-0.0017588942727377677
-0.003210266177338202
0.12471978759213832
-0.002772177754556286
0.0023861617566709433
0.0007385336535377206
-0.009242146112331505
-0.002772177754556286
0.42823819624268566
0.8001083214674357
-0.001895994945160278
0.000619972039544542
0.023675544747317243
-0.002011117750660163
-0.001895994945160278
0.9537881152635462
0.0032630588211288386
0.0007096480577148965
-0.001551331752221483
0.000619972039544542
0.0032630588211288386
0.9891551215568795
-7.356233918409154e-05
-0.01702098789339126
0.023675544747317243
0.0007096480577148965
-7.356233918409154e-05
0.9880762253502369
-0.006003344427745256
-0.002011117750660163
-0.001551331752221483
-0.01702098789339126
-0.006003344427745256
0.6723286992810596
0.4159203414896012
-0.01889061611947509
0.007640323861654765
0.07981407874560922
-0.002409086614359516
-0.01889061611947509
0.973413378618423
-0.028758667070700353
0.002195140678857956
0.012949008358653567
0.007640323861654765
-0.028758667070700353
0.39629152187346006
0.005461526523423319
0.0070953124593934125
0.07981407874560922
0.002195140678857956
0.005461526523423319
0.9792507874960038
-0.0015171679341751871
-0.002409086614359516
0.012949008358653567
0.0070953124593934125
-0.0015171679341751871
0.44131573327186013
0.9916783931148692
0.0004215935440198851
0.00034397839051384245
-0.012188992578474995
0.0003587147325012986
0.0004215935440198851
0.9861563932890971
0.00023157051458137028
0.0002375303624069022
-0.0001354921134184085
0.00034397839051384245
0.00023157051458137028
0.9959133668976443
0.0008205984325749274
-0.00011270219759231651
-0.012188992578474995
0.0002375303624069022
0.0008205984325749274
0.9716275886260844
0.000520105728103612
0.0003587147325012986
-0.0001354921134184085
-0.00011270219759231651
0.000520105728103612
0.996058621296128
0.14741826719668705
-0.006252785663833104
-0.017705567366075436
0.14202051471053365
-0.0030938013495570966
-0.006252785663833104
0.399064890490837
0.001840457681581811
-0.00310413577136806
-0.018246946156446876
-0.017705567366075436
0.001840457681581811
0.14341311053871258
-0.02657386153149747
-0.007753327654378628
0.14202051471053365
-0.00310413577136806
-0.02657386153149747
0.37869307425356225
-0.006586327456919957
-0.0030938013495570966
-0.018246946156446876
-0.007753327654378628
-0.006586327456919957
0.11945689146611368
0.9721036899809576
-0.006509166363105867
-5.53166144666818e-05
-0.04212728998311257
-0.0032498633049087415
-0.006509166363105867
0.8395672592043785
0.00485454009663662
0.03475361112430308
-0.008077528465781187
-5.53166144666818e-05
0.00485454009663662
0.9931235103979669
-0.003961129466236487
0.0009163533863658173
-0.04212728998311257
0.03475361112430308
-0.003961129466236487
0.8846210999333144
-0.001684267367312449
-0.0032498633049087415
-0.008077528465781187
0.0009163533863658173
-0.001684267367312449
0.9932825526776339
0.8674703278894436
-0.06532533061903324
0.012343256268015938
-0.2375383952293915
0.06992142432325671
-0.06532533061903324
0.2635926356784266
0.0008038357843485617
0.0035138643959666833
0.005570410465719279
0.012343256268015938
0.0008038357843485617
0.09960456197992366
0.004657616560127103
-0.014066468764278445
-0.2375383952293915
0.0035138643959666833
0.004657616560127103
0.46493249292948613
-0.024955538815141197
0.06992142432325671
0.005570410465719279
-0.014066468764278445
-0.024955538815141197
0.11247620959364688
0.6339550228606866
-0.00015664356921305623
0.02007884813327771
-0.010889313896429253
0.005946209468557468
-0.00015664356921305623
0.5957035923063414
-0.0015957296493734415
-0.0007981550450362123
-0.0023528848654147554
0.02007884813327771
-0.0015957296493734415
0.65530479444983
0.0073577252834244825
0.008804848605443455
-0.010889313896429253
-0.0007981550450362123
0.0073577252834244825
0.5955800953182746
0.002857637542204136
0.005946209468557468
-0.0023528848654147554
0.008804848605443455
0.002857637542204136
0.6218787047657572
0.3130226144603295
0.005911890902249195
-0.010561792146873297
0.04585447622642266
0.004293044152438723
0.005911890902249195
0.5061148192755116
0.0020310448538386904
3.9579004308433176e-05
0.005806775124427088
-0.010561792146873297
0.0020310448538386904
0.29183697266547537
-0.016916631491230693
0.004422318511297411
0.04585447622642266
3.9579004308433176e-05
-0.016916631491230693
0.47612073554217416
0.0007424013531024849
0.004293044152438723
0.005806775124427088
0.004422318511297411
0.0007424013531024849
0.30296368683972985
0.6172566720019756
0.003619037455867509
-0.02467001569414204
-0.018477104851635093
-0.007718152612716097
0.003619037455867509
0.6047928301809389
-0.000544673078795944
0.0012113439664089881
0.005406503006052688
-0.02467001569414204
-0.000544673078795944
0.6628360459641166
-0.0021339804505862555
0.03413664958400259
-0.018477104851635093
0.0012113439664089881
-0.0021339804505862555
0.5956443443619188
-0.0025698366252341247
-0.007718152612716097
0.005406503006052688
0.03413664958400259
-0.0025698366252341247
0.6300022703044442
0.30849349462402553
-0.007594264421037335
0.014856465997748362
0.046476222933953586
-0.0004819269504725147
-0.007594264421037335
0.5087777937106972
0.0036075070562660762
0.007637979580540424
-0.011505100655912806
0.014856465997748362
0.0036075070562660762
0.28320241574743804
0.011072684685752475
0.00033907742333107686
0.046476222933953586
0.007637979580540424
0.011072684685752475
0.47443611694124116
-0.006840248160031993
-0.0004819269504725147
-0.011505100655912806
0.00033907742333107686
-0.006840248160031993
0.3055284871121868
0.0
0.0
0.0
0.0
0.0
0.0
0.0
0.0
0.0
0.0
0.0
0.0
0.0
0.0
0.0
0.0
0.0
0.0
0.0
0.0
0.0
0.0
0.0
0.0
0.0
0.0
0.0
0.0
0.0
0.0
0.0
0.0
0.0
0.0
0.0
0.0
0.0
0.0
0.0
0.0
0.0
0.0
0.0
0.0
0.0
0.0
0.0
0.0
0.0
0.0
0.0
0.0
0.0
0.0
0.0
0.0
0.0
0.0
0.0
0.0
0.0
0.0
0.0
0.0
0.0
0.0
0.0
0.0
0.0
0.0
0.0
0.0
0.0
0.0
0.0
0.0
0.0
0.0
0.0
0.0
0.0
0.0
0.0
0.0
0.0
0.0
0.0
0.0
0.0
0.0
0.0
0.0
0.0
0.0
0.0
0.0
0.0
0.0
0.0
0.0
0.0
0.0
0.0
0.0
0.0
0.0
0.0
0.0
0.0
0.0
0.0
0.0
0.0
0.0
0.0
0.0
0.0
0.0
0.0
0.0
0.0
0.0
0.0
0.0
0.0
0.0
0.0
0.0
0.0
0.0
0.0
0.0
0.0
0.0
0.0
0.0
0.0
0.0
0.0
0.0
0.0
0.0
0.0
0.0
0.0
0.0
0.0
0.0
0.0
0.0
0.0
0.0
0.0
0.0
0.0
0.0
0.0
0.0
0.0
0.0
0.0
0.0
0.0
0.0
0.0
0.0
0.0
0.0
0.0
0.0
0.0
0.0
0.0
0.0
0.0
0.0
0.0
0.0
0.0
0.0
0.0
0.0
0.0
0.0
0.0
0.0
0.0
0.0
0.0
0.0
0.0
0.0
0.0
0.0
0.0
0.0
0.0
0.0
0.0
0.0
0.0
0.0
0.0
0.0
0.0
0.0
0.0
0.0
0.0
0.0
0.0
0.0
0.0
0.0
0.0
0.0
0.0
0.0
0.0
0.0
0.0
0.0
0.0
0.0
0.0
0.0
0.0
0.0
0.0
0.0
0.0
0.0
0.0
0.0
0.0
0.0
0.0
0.0
0.0
0.0
0.0
0.0
0.0
0.0
0.0
0.0
0.0
0.0
0.0
0.0
0.0
0.0
0.0
0.0
0.0
0.0
0.0
0.0
0.0
0.0
0.0
0.0
0.0
0.0
0.0
0.0
0.0
0.0
0.0
0.0
0.0
0.0
0.0
0.0
0.0
0.0
0.0
0.0
0.0
0.0
0.0
0.0
0.0
0.0
0.0
0.0
0.0
0.0
0.0
0.0
0.0
0.0
0.0
0.0
0.0
0.0
0.0
0.0
0.0
0.0
0.0
0.0
0.0
0.0
0.0
0.0
0.0
0.0
0.0
0.0
0.0
0.0
0.0
0.0
0.0
0.0
0.0
0.0
0.0
0.0
0.0
0.0
0.0
0.0
0.0
0.0
0.0
0.0
0.0
0.0
0.0
0.0
0.0
0.0
0.0
0.0
0.0
0.0
0.0
0.0
0.0
0.0
0.0
0.0
0.0
0.0
0.0
0.0
0.0
0.0
0.0
0.0
0.0
0.0
0.0
0.0
0.0
0.0
0.0
0.0
0.0
0.0
0.0
0.0
0.0
0.0
0.0
0.0
0.0
0.0
0.0
0.0
0.0
0.0
0.0
0.0
0.0
0.0
0.0
0.0
0.0
0.0
0.0
0.0
0.0
0.0
0.0
0.0
0.0
0.0
0.0
0.0
0.0
0.0
0.0
0.0
0.0
0.0
0.0
0.0
0.0
0.0
0.0
0.0
0.0
0.0
0.0
0.0
0.0
0.0
0.0
0.0
0.0
0.0
0.0
0.0
0.0
0.0
0.0
0.0
0.0
0.0
0.0
0.0
0.0
0.0
0.0
0.0
0.0
0.0
0.0
0.0
0.0
0.0
0.0
0.0
0.0
0.0
0.0
0.0
0.0
0.0
0.0
0.0
0.0
0.0
0.0
0.0
0.0
0.0
0.0
0.0
0.0
0.0
0.0
0.0
0.0
0.0
0.0
0.0
0.0
0.0
0.0
0.0
0.0
0.0
0.0
0.0
0.0
0.0
0.0
0.0
0.0
0.0
0.0
0.0
0.0
0.0
0.0
0.0
0.0
0.0
0.0
0.0
0.0
0.0
0.0
0.0
0.0
0.0
0.0
0.0
0.0
0.0
0.0
0.0
0.0
0.0
0.0
0.0
0.0
0.0
0.0
0.0
0.0
0.0
0.0
0.0
0.0
0.0
0.0
0.0
0.0
0.0
0.0
0.0
0.0
0.0
0.0
0.0
0.0
0.0
0.0
0.0
0.0
0.0
0.0
0.0
0.0
0.0
0.0
0.0
0.0
0.0
0.0
0.0
0.0
0.0
0.0
0.0
0.0
0.0
0.0
0.0
0.0
0.0
0.0
0.0
0.0
0.0
0.0
0.0
0.0
0.0
0.0
0.0
0.0
0.0
0.0
0.0
0.0
0.0
0.0
0.0
0.0
0.0
0.0
0.0
0.0
0.0
0.0
0.0
0.0
0.0
0.0
0.0
0.0
0.0
0.0
0.0
0.0
0.0
0.0
0.0
0.0
0.0
0.0
0.0
0.0
0.0
0.0
0.0
0.0
0.0
0.0
0.0
0.0
0.0
0.0
0.0
0.0
0.0
0.0
0.0
0.0
0.0
0.0
0.0
0.0
0.0
0.0
0.0
0.0
0.0
0.0
0.0
0.0
0.0
0.0
0.0
0.0
0.0
0.0
0.0
0.0
0.0
0.0
0.0
0.0
0.0
0.0
0.0
0.0
0.0
0.0
0.0
0.0
0.0
0.0
0.0
0.0
0.0
0.0
0.0
0.0
0.0
0.0
0.0
0.0
0.0
0.0
0.0
0.0
0.0
0.0
0.0
0.0
0.0
0.0
0.0
0.0
0.0
0.0
0.0
0.0
0.0
0.0
0.0
0.0
0.0
0.0
0.0
0.0
0.0
0.0
0.0
0.0
0.0
0.0
0.0
0.0
0.0
0.0
0.0
0.0
0.0
0.0
0.0
0.0
0.0
0.0
0.0
0.0
0.0
0.0
0.0
0.0
0.0
0.0
0.0
0.0
0.0
0.0
0.0
0.0
0.0
0.0
0.0
0.0
0.0
0.0
0.0
0.0
0.0
0.0
0.0
0.0
0.0
0.0
0.0
0.0
0.0
0.0
0.0
0.0
0.0
0.0
0.0
0.0
0.0
0.0
0.0
0.0
0.0
0.0
0.0
0.0
0.0
0.0
0.0
0.0
0.0
0.0
0.0
0.0
0.0
0.0
0.0
0.0
0.0
0.0
0.0
0.0
0.0
0.0
0.0
0.0
0.0
0.0
0.0
0.0
0.0
0.0
0.0
0.0
0.0
0.0
0.0
0.0
0.0
0.0
0.0
0.0
0.0
0.0
0.0
0.0
0.0
0.0
0.0
0.0
0.0
0.0
0.0
0.0
0.0
0.0
0.0
0.0
0.0
0.0
0.0
0.0
0.0
0.0
0.0
0.0
0.0
0.0
0.0
0.0
0.0
0.0
0.0
0.0
0.0
0.0
0.0
0.0
0.0
0.0
0.0
0.0
0.0
0.0
0.0
0.0
0.0
0.0
0.0
0.0
0.0
0.0
0.0
0.0
0.0
0.0
0.0
0.0
0.0
0.0
0.0
0.0
0.0
0.0
0.0
0.0
0.0
0.0
0.0
0.0
0.0
0.0
0.0
0.0
0.0
0.0
0.0
0.0
0.0
0.0
0.0
0.0
0.0
0.0
0.0
0.0
0.0
0.0
0.0
0.0
0.0
0.0
0.0
0.0
0.0
0.0
0.0
0.0
0.0
0.0
0.0
0.0
0.0
0.0
0.0
0.0
0.0
0.0
0.0
0.0
0.0
0.0
0.0
0.0
0.0
0.0
0.0
0.0
0.0
0.0
0.0
0.0
0.0
0.0
0.0
0.0
0.0
0.0
0.0
0.0
0.0
0.0
0.0
0.0
0.0
0.0
0.0
0.0
0.0
0.0
0.0
0.0
0.0
0.0
0.0
0.0
0.0
0.0
0.0
0.0
0.0
0.0
0.0
0.0
0.0
0.0
0.0
0.0
0.0
0.0
0.0
0.0
0.0
0.0
0.0
0.0
0.0
0.0
0.0
0.0
0.0
0.0
0.0
0.0
0.0
0.0
0.0
0.0
0.0
0.0
0.0
0.0
0.0
0.0
0.0
0.0
0.0
0.0
0.0
0.0
0.0
0.0
0.0
0.0
0.0
0.0
0.0
0.0
0.0
0.0
0.0
0.0
0.0
0.0
0.0
0.0
0.0
0.0
0.0
0.0
0.0
0.0
0.0
0.0
0.0
0.0
0.0
0.0
0.0
0.0
0.0
0.0
0.0
0.0
0.0
0.0
0.0
0.0
0.0
0.0
0.0
0.0
0.0
0.0
0.0
0.0
0.0
0.0
0.0
0.0
0.0
0.0
0.0
0.0
0.0
0.0
0.0
0.0
0.0
0.0
0.0
0.0
0.0
0.0
0.0
0.0
0.0
0.0
0.0
0.0
0.0
0.0
0.0
0.0
0.0
0.0
0.0
0.0
0.0
0.0
0.0
0.0
0.0
0.0
0.0
0.0
0.0
0.0
0.0
0.0
0.0
0.0
0.0
0.0
0.0
0.0
0.0
0.0
0.0
0.0
0.0
0.0
0.0
0.0
0.0
0.0
0.0
0.0
0.0
0.0
0.0
0.0
0.0
0.0
0.0
0.0
0.0
0.0
0.0
0.0
0.0
0.0
0.0
0.0
0.0
0.0
0.0
0.0
0.0
0.0
0.0
0.0
0.0
0.0
0.0
0.0
0.0
0.0
0.0
0.0
0.0
0.0
0.0
0.0
0.0
0.0
0.0
0.0
0.0
0.0
0.0
0.0
0.0
0.0
0.0
0.0
0.0
0.0
0.0
0.0
0.0
0.0
0.0
0.0
0.0
0.0
0.0
0.0
0.0
0.0
0.0
0.0
0.0
0.0
0.0
0.0
0.0
0.0
0.0
0.0
0.0
0.0
0.0
0.0
0.0
0.0
0.0
0.0
0.0
0.0
0.0
0.0
0.0
0.0
0.0
0.0
0.0
0.0
0.0
0.0
0.0
0.0
0.0
0.0
0.0
0.0
0.0
0.0
0.0
0.0
0.0
0.0
0.0
0.0
0.0
0.0
0.0
0.0
0.0
0.0
0.0
0.0
0.0
0.0
0.0
0.0
0.0
0.0
0.0
0.0
0.0
0.0
0.0
0.0
0.0
0.0
0.0
0.0
0.0
0.0
0.0
0.0
0.0
0.0
0.0
0.0
0.0
0.0
0.0
0.0
0.0
0.0
0.0
0.0
0.0
0.0
0.0
0.0
0.0
0.0
0.0
0.0
0.0
0.0
0.0
0.0
0.0
0.0
0.0
0.0
0.0
0.0
0.0
0.0
0.0
0.0
0.0
0.0
0.0
0.0
0.0
0.0
0.0
0.0
0.0
0.0
0.0
0.0
0.0
0.0
0.0
0.0
0.0
0.0
0.0
0.0
0.0
0.0
0.0
0.0
0.0
0.0
0.0
0.0
0.0
0.0
0.0
0.0
0.0
0.0
0.0
0.0
0.0
0.0
0.0
0.0
0.0
0.0
0.0
0.0
0.0
0.0
0.0
0.0
0.0
0.0
0.0
0.0
0.0
0.0
0.0
0.0
0.0
0.0
0.0
0.0
0.0
0.0
0.0
0.0
0.0
0.0
0.0
0.0
0.0
0.0
0.0
0.0
0.0
0.0
0.0
0.0
0.0
0.0
0.0
0.0
0.0
0.0
0.0
0.0
0.0
0.0
0.0
0.0
0.0
0.0
0.0
0.0
0.0
0.0
0.0
0.0
0.0
0.0
0.0
0.0
0.0
0.0
0.0
0.0
0.0
0.0
0.0
0.0
0.0
0.0
0.0
0.0
0.0
0.0
0.0
0.0
0.0
0.0
0.0
0.0
0.0
0.0
0.0
0.0
0.0
0.0
0.0
0.0
0.0
0.0
0.0
0.0
0.0
0.0
0.0
0.0
0.0
0.0
0.0
0.0
0.0
0.0
0.0
0.0
0.0
0.0
0.0
0.0
0.0
0.0
0.0
0.0
0.0
0.0
0.0
0.0
0.0
0.0
0.0
0.0
0.0
0.0
0.0
0.0
0.0
0.0
0.0
0.0
0.0
0.0
0.0
0.0
0.0
0.0
0.0
0.0
0.0
0.0
0.0
0.0
0.0
0.0
0.0
0.0
0.0
0.0
0.0
0.0
0.0
0.0
0.0
0.0
0.0
0.0
0.0
0.0
0.0
0.0
0.0
0.0
0.0
0.0
0.0
0.0
0.0
0.0
0.0
0.0
0.0
0.0
0.0
0.0
0.0
0.0
0.0
0.0
0.0
0.0
0.0
0.0
0.0
0.0
0.0
0.0
0.0
0.0
0.0
0.0
0.0
0.0
0.0
0.0
0.0
0.0
0.0
0.0
0.0
0.0
0.0
0.0
0.0
0.0
0.0
0.0
0.0
0.0
0.0
0.0
0.0
0.0
0.0
0.0
0.0
0.0
0.0
0.0
0.0
0.0
0.0
0.0
0.0
0.0
0.0
0.0
0.0
0.0
0.0
0.0
0.0
0.0
0.0
0.0
0.0
0.0
0.0
0.0
0.0
0.0
0.0
0.0
0.0
0.0
0.0
0.0
0.0
0.0
0.0
0.0
0.0
0.0
0.0
0.0
0.0
0.0
0.0
0.0
0.0
0.0
0.0
0.0
0.0
0.0
0.0
0.0
0.0
0.0
0.0
0.0
0.0
0.0
0.0
0.0
0.0
0.0
0.0
0.0
0.0
0.0
0.0
0.0
0.0
0.0
0.0
0.0
0.0
0.0
0.0
0.0
0.0
0.0
0.0
0.0
0.0
0.0
0.0
0.0
0.0
0.0
0.0
0.0
0.0
0.0
0.0
0.0
0.0
0.0
0.0
0.0
0.0
0.0
0.0
0.0
0.0
0.0
0.0
0.0
0.0
0.0
0.0
0.0
0.0
0.0
0.0
0.0
0.0
0.0
0.0
0.0
0.0
0.0
0.0
0.0
0.0
0.0
0.0
0.0
0.0
0.0
0.0
0.0
0.0
0.0
0.0
0.0
0.0
0.0
0.0
0.0
0.0
0.0
0.0
0.0
0.0
0.0
0.0
0.0
0.0
0.0
0.0
0.0
0.0
0.0
0.0
0.0
0.0
0.0
0.0
0.0
0.0
0.0
0.0
0.0
0.0
0.0
0.0
0.0
0.0
0.0
0.0
0.0
0.0
0.0
0.0
0.0
0.0
0.0
0.0
0.0
0.0
0.0
0.0
0.0
0.0
0.0
0.0
0.0
0.0
0.0
0.0
0.0
0.0
0.0
0.0
0.0
0.0
0.0
0.0
0.0
0.0
0.0
0.0
0.0
0.0
0.0
0.0
0.0
0.0
0.0
0.0
0.0
0.0
0.0
0.0
0.0
0.0
0.0
0.0
0.0
0.0
0.0
0.0
0.0
0.0
0.0
0.0
0.0
0.0
0.0
0.0
0.0
0.0
0.0
0.0
0.0
0.0
0.0
0.0
0.0
0.0
0.0
0.0
0.0
0.0
0.0
0.0
0.0
0.0
0.0
0.0
0.0
0.0
0.0
0.0
0.0
0.0
0.0
0.0
0.0
0.0
0.0
0.0
0.0
0.0
0.0
0.0
0.0
0.0
0.0
0.0
0.0
0.0
0.0
0.0
0.0
0.0
0.0
0.0
0.0
0.0
0.0
0.0
0.0
0.0
0.0
0.0
0.0
0.0
0.0
0.0
0.0
0.0
0.0
0.0
0.0
0.0
0.0
0.0
0.0
0.0
0.0
0.0
0.0
0.0
0.0
0.0
0.0
0.0
0.0
0.0
0.0
0.0
0.0
0.0
0.0
0.0
0.0
0.0
0.0
0.0
0.0
0.0
0.0
0.0
0.0
0.0
0.0
0.0
0.0
0.0
0.0
0.0
0.0
0.0
0.0
0.0
0.0
0.0
0.0
0.0
0.0
0.0
0.0
0.0
0.0
0.0
0.0
0.0
0.0
0.0
0.0
0.0
0.0
0.0
0.0
0.0
0.0
0.0
0.0
0.0
0.0
0.0
0.0
0.0
0.0
0.0
0.0
0.0
0.0
0.0
0.0
0.0
0.0
0.0
0.0
0.0
0.0
0.0
0.0
0.0
0.0
0.0
0.0
0.0
0.0
0.0
0.0
0.0
0.0
0.0
0.0
0.0
0.0
0.0
0.0
0.0
0.0
0.0
0.0
0.0
0.0
0.0
0.0
0.0
0.0
0.0
0.0
0.0
0.0
0.0
0.0
0.0
0.0
0.0
0.0
0.0
0.0
0.0
0.0
0.0
0.0
0.0
0.0
0.0
0.0
0.0
0.0
0.0
0.0
0.0
0.0
0.0
0.0
0.0
0.0
0.0
0.0
0.0
0.0
0.0
0.0
0.0
0.0
0.0
0.0
0.0
0.0
0.0
0.0
0.0
0.0
0.0
0.0
0.0
0.0
0.0
0.0
0.0
0.0
0.0
0.0
0.0
0.0
0.0
0.0
0.0
0.0
0.0
0.0
0.0
0.0
0.0
0.0
0.0
0.0
0.0
0.0
0.0
0.0
0.0
0.0
0.0
0.0
0.0
0.0
0.0
0.0
0.0
0.0
0.0
0.0
0.0
0.0
0.0
0.0
0.0
0.0
0.0
0.0
0.0
0.0
0.0
0.0
0.0
0.0
0.0
0.0
0.0
0.0
0.0
0.0
0.0
0.0
0.0
0.0
0.0
0.0
0.0
0.0
0.0
0.0
0.0
0.0
0.0
0.0
0.0
0.0
0.0
0.0
0.0
0.0
0.0
0.0
0.0
0.0
0.0
0.0
0.0
0.0
0.0
0.0
0.0
0.0
0.0
0.0
0.0
0.0
0.0
0.0
0.0
0.0
0.0
0.0
0.0
0.0
0.0
0.0
0.0
0.0
0.0
0.0
0.0
0.0
0.0
0.0
0.0
0.0
0.0
0.0
0.0
0.0
0.0
0.0
0.0
0.0
0.0
0.0
0.0
0.0
0.0
0.0
0.0
0.0
0.0
0.0
0.0
0.0
0.0
0.0
0.0
0.0
0.0
0.0
0.0
0.0
0.0
0.0
0.0
0.0
0.0
0.0
0.0
0.0
0.0
0.0
0.0
0.0
0.0
0.0
0.0
0.0
0.0
0.0
0.0
0.0
0.0
0.0
0.0
0.0
0.0
0.0
0.0
0.0
0.0
0.0
0.0
0.0
0.0
0.0
0.0
0.0
0.0
0.0
0.0
0.0
0.0
0.0
0.0
0.0
0.0
0.0
0.0
0.0
0.0
0.0
0.0
0.0
0.0
0.0
0.0
0.0
0.0
0.0
0.0
0.0
0.0
0.0
0.0
0.0
0.0
0.0
0.0
0.0
0.0
0.0
0.0
0.0
0.0
0.0
0.0
0.0
0.0
0.0
0.0
0.0
0.0
0.0
0.0
0.0
0.0
0.0
0.0
0.0
0.0
0.0
0.0
0.0
0.0
0.0
0.0
0.0
0.0
0.0
0.0
0.0
0.0
0.0
0.0
0.0
0.0
0.0
0.0
0.0
0.0
0.0
0.0
0.0
0.0
0.0
0.0
0.0
0.0
0.0
0.0
0.0
0.0
0.0
0.0
0.0
0.0
0.0
0.0
0.0
0.0
0.0
0.0
0.0
0.0
0.0
0.0
0.0
0.0
0.0
0.0
0.0
0.0
0.0
0.0
0.0
0.0
0.0
0.0
0.0
0.0
0.0
0.0
0.0
0.0
0.0
0.0
0.0
0.0
0.0
0.0
0.0
0.0
0.0
0.0
0.0
0.0
0.0
0.0
0.0
0.0
0.0
0.0
0.0
0.0
0.0
0.0
0.0
0.0
0.0
0.0
0.0
0.0
0.0
0.0
0.0
0.0
0.0
0.0
0.0
0.0
0.0
0.0
0.0
0.0
0.0
0.0
0.0
0.0
0.0
0.0
0.0
0.0
0.0
0.0
0.0
0.0
0.0
0.0
0.0
0.0
0.0
0.0
0.0
0.0
0.0
0.0
0.0
0.0
0.0
0.0
0.0
0.0
0.0
0.0
0.0
0.0
0.0
0.0
0.0
0.0
0.0
0.0
0.0
0.0
0.0
0.0
0.0
0.0
0.0
0.0
0.0
0.0
0.0
0.0
0.0
0.0
0.0
0.0
0.0
0.0
0.0
0.0
0.0
0.0
0.0
0.0
0.0
0.0
0.0
0.0
0.0
0.0
0.0
0.0
0.0
0.0
0.0
0.0
0.0
0.0
0.0
0.0
0.0
0.0
0.0
0.0
0.0
0.0
0.0
0.0
0.0
0.0
0.0
0.0
0.0
0.0
0.0
0.0
0.0
0.0
0.0
0.0
0.0
0.0
0.0
0.0
0.0
0.0
0.0
0.0
0.0
0.0
0.0
0.0
0.0
0.0
0.0
0.0
0.0
0.0
0.0
0.0
0.0
0.0
0.0
0.0
0.0
0.0
0.0
0.0
0.0
0.0
0.0
0.0
0.0
0.0
0.0
0.0
0.0
0.0
0.0
0.0
0.0
0.0
0.0
0.0
0.0
0.0
0.0
0.0
0.0
0.0
0.0
0.0
0.0
0.0
0.0
0.0
0.0
0.0
0.0
0.0
0.0
0.0
0.0
0.0
0.0
0.0
0.0
0.0
0.0
0.0
0.0
0.0
0.0
0.0
0.0
0.0
0.0
0.0
