&CONTROL
  calculation = 'scf'
  prefix = 'OH__atomic'
  outdir = './tmp'
  pseudo_dir = '/usr/share/espresso/pseudo'
  tprnfor = .true.
  forc_conv_thr = 2.0d-3
  nstep = 200
  max_seconds = 165000
/
&SYSTEM
  ibrav = 0
  nat = 74
  ntyp = 6
  ecutwfc = 80.0
  ecutrho = 640.0
  occupations = 'smearing'
  smearing = 'mv'
  degauss = 0.01
  nosym = .true.
  noinv = .true.
  nspin = 2
  starting_magnetization(1) = 0.4
  starting_magnetization(2) = 0.6
  starting_magnetization(3) = 0.2
  starting_magnetization(4) = 0.5
  starting_magnetization(5) = 0.0
  starting_magnetization(6) = 0.0
/
&ELECTRONS
  conv_thr = 1.0d-6
  mixing_mode = 'local-TF'
  mixing_beta = 0.3
  electron_maxstep = 300
/
&IONS
  ion_dynamics = 'bfgs'
/
ATOMIC_SPECIES
  Co  58.933  Co_pbe_v1.2.uspp.F.UPF
  Cr  51.996  cr_pbe_v1.5.uspp.F.UPF
  Cu  63.546  Cu.paw.z_11.ld1.psl.v1.0.0-low.upf
  Mn  54.938  mn_pbe_v1.5.uspp.F.UPF
  O  15.999  O.pbe-n-kjpaw_psl.0.1.UPF
  H  1.008  H.pbe-rrkjus_psl.1.0.0.UPF
CELL_PARAMETERS angstrom
  5.868293765917553  0.0  3.593293588443649e-16
  2.016042504137234e-15  12.536621535320224  7.676466717675844e-16
  0.0  0.0  25.073243070640455
ATOMIC_POSITIONS angstrom
  Cr  2.5200531301715427e-16  1.5670776919150278  9.402466151490172  0 0 0
  Co  1.2600265650857714e-15  7.835388459575139  9.402466151490172  0 0 0
  Mn  2.9341468829587773  1.5670776919150278  9.402466151490172  0 0 0
  Cu  2.934146882958778  7.835388459575139  9.402466151490172  0 0 0
  Mn  1.4670734414793891  4.701233075745084  9.40246615149017  0 0 0
  Cr  1.4670734414793902  10.969543843405196  9.402466151490168  0 0 0
  Cu  4.4012203244381665  4.701233075745084  9.40246615149017  0 0 0
  Mn  4.4012203244381665  10.969543843405196  9.40246615149017  0 0 0
  Mn  0.010793271811726637  4.71785040943963  12.556067850027055  1 1 1
  Mn  0.0028847585307958147  10.968113845557367  12.599303280678875  1 1 1
  Cr  2.948887760502306  4.688799670672871  12.633341849514007  1 1 1
  Co  2.917591303994118  10.995008634411153  12.674752117917503  1 1 1
  Co  1.4856860725431524  1.564955771327431  12.557140060105402  1 1 1
  Cr  1.5237972068471766  7.841184237153406  12.522186279069107  1 1 1
  Mn  4.376993613877523  1.571938184074139  12.574761163260426  1 1 1
  Co  4.36391749170787  7.852784282926752  12.472243483146858  1 1 1
  Mn  0.0044180695270370635  1.6078710008982133  15.627486344248032  1 1 1
  Cr  0.02610260214134154  7.863027201486632  15.667481045418079  1 1 1
  Cr  2.899590968990579  1.6408441977070314  15.937172869338985  1 1 1
  Co  2.9730010552443176  7.866079310927339  15.833641710370456  1 1 1
  Co  1.4655668363895011  4.769412905712384  15.843681447970251  1 1 1
  Co  1.478093467240786  10.970693278778118  15.922770429236488  1 1 1
  Co  4.4475979079505885  4.7615693113156725  15.863095307418059  1 1 1
  Mn  4.416575558559344  11.004134164364675  15.74700822383857  1 1 1
  O  7.560159390514627e-16  4.701233075745084  10.624786751183894  0 0 0
  O  1.7640371911200798e-15  10.969543843405196  10.624786751183894  0 0 0
  O  2.934146882958778  4.701233075745084  10.624786751183894  0 0 0
  O  2.9341468829587782  10.969543843405196  10.624786751183894  0 0 0
  O  7.560159390514627e-16  4.701233075745084  8.180145551796448  0 0 0
  O  1.7640371911200798e-15  10.969543843405196  8.180145551796448  0 0 0
  O  2.934146882958778  4.701233075745084  8.180145551796448  0 0 0
  O  2.9341468829587782  10.969543843405196  8.180145551796446  0 0 0
  O  1.4670734414793885  0.3447570922213058  9.402466151490172  0 0 0
  O  1.4670734414793896  6.613067859881418  9.402466151490172  0 0 0
  O  4.401220324438165  0.3447570922213058  9.402466151490172  0 0 0
  O  4.401220324438166  6.613067859881418  9.402466151490172  0 0 0
  O  1.467073441479389  2.789398291608749  9.40246615149017  0 0 0
  O  1.4670734414793904  9.057709059268861  9.40246615149017  0 0 0
  O  4.4012203244381665  2.789398291608749  9.40246615149017  0 0 0
  O  4.401220324438167  9.057709059268861  9.402466151490168  0 0 0
  O  0.014628060322341742  1.60987596639898  13.769401634734054  1 1 1
  O  0.02288167628672396  7.839996510665709  13.952796451895477  1 1 1
  O  2.899142382960197  1.6227297358419637  13.816166783650337  1 1 1
  O  2.982226453247778  7.820985872155752  13.734170919377142  1 1 1
  O  2.5200531301715427e-16  1.5670776919150278  11.314300935626504  0 0 0
  O  1.2600265650857714e-15  7.835388459575139  11.314300935626504  0 0 0
  O  2.9341468829587773  1.5670776919150278  11.314300935626504  0 0 0
  O  2.934146882958778  7.835388459575139  11.314300935626504  0 0 0
  O  1.4717581814606275  3.459445014796934  12.57853693176468  1 1 1
  O  1.478269046740397  9.730255169746735  12.577654669985769  1 1 1
  O  4.419955505456648  3.500114071904662  12.582089390506798  1 1 1
  O  4.38445521886897  9.690632260074564  12.56202089339074  1 1 1
  O  1.4562636469404615  5.978044952759884  12.576314143345943  1 1 1
  O  1.4775211824605177  12.227011524653246  12.612734922289885  1 1 1
  O  4.409035433867857  5.993458784837347  12.555275476775572  1 1 1
  O  4.378725383615926  12.167512887749256  12.616730728830651  1 1 1
  O  0.033299648100109734  4.693523608524361  16.95353052897628  1 1 1
  O  0.05591129090657157  11.063894349681176  16.964601700886938  1 1 1
  O  2.950219301091688  4.6502144687086995  16.853931897832247  1 1 1
  O  2.901819165834658  11.15397483429172  16.96426185920256  1 1 1
  O  0.014633729554088612  4.869698624757648  14.556384059642866  1 1 1
  O  0.02521015868660658  10.85719795713049  14.537954657334202  1 1 1
  O  2.934976089225187  4.776829303255248  14.444841114257208  1 1 1
  O  2.923622839414861  10.885487643555043  14.522624998320747  1 1 1
  O  1.4737035557223637  0.366485456783923  15.788284241959033  1 1 1
  O  1.5069333937355776  6.646280485705933  15.998203430500542  1 1 1
  O  4.415576402402416  0.4140148173436655  15.76591452609773  1 1 1
  O  4.417065473274202  6.624187945838431  16.01482334768345  1 1 1
  O  1.4625549736982266  2.8650160518144014  15.846081468143325  1 1 1
  O  1.4861513127568295  9.070428404545673  16.012173226740735  1 1 1
  O  4.418139461988101  2.871279794110229  15.799812999483361  1 1 1
  O  4.422268364829511  9.034993088811207  16.045129047944375  1 1 1
  O  2.969774780443362  1.4853191853010872  17.76393798893047  1 1 1
  H  3.071071360650351  0.519154386689302  17.93179471788021  1 1 1
K_POINTS automatic
  4 2 1 0 0 0
HUBBARD (atomic)
U Co-3d 3.3200
U Cr-3d 3.7000
U Mn-3d 3.9000
