&CONTROL
  calculation = 'scf'
  prefix = 'OOH__atomic'
  outdir = './tmp'
  pseudo_dir = '/usr/share/espresso/pseudo'
  tprnfor = .true.
  forc_conv_thr = 2.0d-3
  nstep = 200
  max_seconds = 165000
/
&SYSTEM
  ibrav = 0
  nat = 75
  ntyp = 6
  ecutwfc = 80.0
  ecutrho = 640.0
  occupations = 'smearing'
  smearing = 'mv'
  degauss = 0.01
  nosym = .true.
  noinv = .true.
  nspin = 2
  starting_magnetization(1) = 0.4
  starting_magnetization(2) = 0.6
  starting_magnetization(3) = 0.2
  starting_magnetization(4) = 0.5
  starting_magnetization(5) = 0.0
  starting_magnetization(6) = 0.0
/
&ELECTRONS
  conv_thr = 1.0d-6
  mixing_mode = 'local-TF'
  mixing_beta = 0.3
  electron_maxstep = 300
/
&IONS
  ion_dynamics = 'bfgs'
/
ATOMIC_SPECIES
  Co  58.933  Co_pbe_v1.2.uspp.F.UPF
  Cr  51.996  cr_pbe_v1.5.uspp.F.UPF
  Cu  63.546  Cu.paw.z_11.ld1.psl.v1.0.0-low.upf
  Mn  54.938  mn_pbe_v1.5.uspp.F.UPF
  O  15.999  O.pbe-n-kjpaw_psl.0.1.UPF
  H  1.008  H.pbe-rrkjus_psl.1.0.0.UPF
CELL_PARAMETERS angstrom
  5.868293765917553  0.0  3.593293588443649e-16
  2.016042504137234e-15  12.536621535320224  7.676466717675844e-16
  0.0  0.0  25.073243070640455
ATOMIC_POSITIONS angstrom
  Cr  2.5200531301715427e-16  1.5670776919150278  9.402466151490172  0 0 0
  Co  1.2600265650857714e-15  7.835388459575139  9.402466151490172  0 0 0
  Mn  2.9341468829587773  1.5670776919150278  9.402466151490172  0 0 0
  Cu  2.934146882958778  7.835388459575139  9.402466151490172  0 0 0
  Mn  1.4670734414793891  4.701233075745084  9.40246615149017  0 0 0
  Cr  1.4670734414793902  10.969543843405196  9.402466151490168  0 0 0
  Cu  4.4012203244381665  4.701233075745084  9.40246615149017  0 0 0
  Mn  4.4012203244381665  10.969543843405196  9.40246615149017  0 0 0
  Mn  0.012210385398509492  4.705310092736032  12.556590687310095  1 1 1
  Mn  -0.00013117951045734494  10.954642638913079  12.599615672227484  1 1 1
  Cr  2.9463762832914813  4.67062767321141  12.607018856948077  1 1 1
  Co  2.906629281430022  10.983744293437486  12.66954104936566  1 1 1
  Co  1.4735873275931293  1.5555498424094356  12.547251661297945  1 1 1
  Cr  1.5179806347526636  7.823417819750466  12.51841189152902  1 1 1
  Mn  4.382204733662882  1.556656853514135  12.569986476091646  1 1 1
  Co  4.359638184301532  7.839804545983488  12.471200676067287  1 1 1
  Mn  0.022443203531145095  1.5873677765019507  15.643851629586148  1 1 1
  Cr  0.00790991556092762  7.831381148190473  15.647521800405462  1 1 1
  Cr  2.928617835688118  1.5865128226083711  15.79064067203136  1 1 1
  Co  2.9579837901319332  7.832126367230956  15.82496275248829  1 1 1
  Co  1.4651946830101634  4.737168460437251  15.829756318310707  1 1 1
  Co  1.4706559828536758  10.939278922865633  15.93488238458582  1 1 1
  Co  4.4266007477694  4.7294402114473995  15.831902440754012  1 1 1
  Mn  4.411080547454979  10.968380913407263  15.755864606189606  1 1 1
  O  7.560159390514627e-16  4.701233075745084  10.624786751183894  0 0 0
  O  1.7640371911200798e-15  10.969543843405196  10.624786751183894  0 0 0
  O  2.934146882958778  4.701233075745084  10.624786751183894  0 0 0
  O  2.9341468829587782  10.969543843405196  10.624786751183894  0 0 0
  O  7.560159390514627e-16  4.701233075745084  8.180145551796448  0 0 0
  O  1.7640371911200798e-15  10.969543843405196  8.180145551796448  0 0 0
  O  2.934146882958778  4.701233075745084  8.180145551796448  0 0 0
  O  2.9341468829587782  10.969543843405196  8.180145551796446  0 0 0
  O  1.4670734414793885  0.3447570922213058  9.402466151490172  0 0 0
  O  1.4670734414793896  6.613067859881418  9.402466151490172  0 0 0
  O  4.401220324438165  0.3447570922213058  9.402466151490172  0 0 0
  O  4.401220324438166  6.613067859881418  9.402466151490172  0 0 0
  O  1.467073441479389  2.789398291608749  9.40246615149017  0 0 0
  O  1.4670734414793904  9.057709059268861  9.40246615149017  0 0 0
  O  4.4012203244381665  2.789398291608749  9.40246615149017  0 0 0
  O  4.401220324438167  9.057709059268861  9.402466151490168  0 0 0
  O  0.015943674455098502  1.5651918007052803  13.785335453224587  1 1 1
  O  0.004349173632591346  7.814726954327458  13.930314285940431  1 1 1
  O  2.911486944752834  1.5905130268371062  13.838975036355244  1 1 1
  O  2.9787212662267946  7.799141950491012  13.73055529491508  1 1 1
  O  2.5200531301715427e-16  1.5670776919150278  11.314300935626504  0 0 0
  O  1.2600265650857714e-15  7.835388459575139  11.314300935626504  0 0 0
  O  2.9341468829587773  1.5670776919150278  11.314300935626504  0 0 0
  O  2.934146882958778  7.835388459575139  11.314300935626504  0 0 0
  O  1.4697812152693388  3.4465995975450046  12.584967171419065  1 1 1
  O  1.4769002088047818  9.718601196609974  12.589107866061607  1 1 1
  O  4.426350602742077  3.481403475115169  12.587864052699414  1 1 1
  O  4.3737556208712585  9.68179837722614  12.56809038263214  1 1 1
  O  1.4547019206115457  5.9666745418545855  12.577423567547498  1 1 1
  O  1.4755337079175124  12.208903915607827  12.610415791609265  1 1 1
  O  4.407103222237308  5.9773147851157  12.55922432692125  1 1 1
  O  4.377682932461434  12.156271993375059  12.60639128223987  1 1 1
  O  0.01973001419495852  4.7097809143322955  16.925830400262303  1 1 1
  O  0.04299983835482545  10.974819667939418  16.980266089255696  1 1 1
  O  2.9543160864777676  4.628947597339763  16.863582196950173  1 1 1
  O  2.8840360077230867  11.047756051868822  16.962007731163503  1 1 1
  O  0.00481045151503649  4.84595766801313  14.545134121308966  1 1 1
  O  0.012939287741758785  10.861733573731522  14.54257917367541  1 1 1
  O  2.9361424171462973  4.749707456528718  14.456901155985122  1 1 1
  O  2.9228027022506757  10.911536654573066  14.526106784084059  1 1 1
  O  1.4533900663205332  0.34073432743271304  15.907540375256161  1 1 1
  O  1.4985705223322223  6.6203736072523105  15.98088961168085  1 1 1
  O  4.4421706453716014  0.3827810464152376  15.893546751908199  1 1 1
  O  4.398259850340994  6.604436894346749  15.996323077994443  1 1 1
  O  1.4459268541445531  2.842394820704102  15.879795795606789  1 1 1
  O  1.4782087687251144  9.045594680748643  15.968643346964491  1 1 1
  O  4.437936522819644  2.8403242098636294  15.86302991601181  1 1 1
  O  4.400420308863662  9.009360941490986  16.015222207076704  1 1 1
  O  2.883870940840973  1.6071465948282235  17.786391828331425  1 1 1
  O  4.1487099298709404  1.662584392561934  18.304564133155804  1 1 1
  H  3.9802124325873094  1.632041379492285  19.28169601869224  1 1 1
K_POINTS automatic
  4 2 1 0 0 0
HUBBARD (atomic)
U Co-3d 3.3200
U Cr-3d 3.7000
U Mn-3d 3.9000
