         chi0 :
    -0.508065662753233    0.000000000000000
     0.003158335946735    0.000000000000000
     0.006012867480183    0.000000000000000
     0.000268477988362    0.000000000000000
     0.000710555076271    0.000000000000000
     0.000268477988362    0.000000000000000
     0.006012867480183    0.000000000000000
     0.003158335946735    0.000000000000000
     0.000335012025087    0.000000000000000
     0.000011028420169    0.000000000000000
     0.000317566306837    0.000000000000000
     0.000025923240710    0.000000000000000
     0.000056777384153    0.000000000000000
     0.000025923240710    0.000000000000000
     0.000317566306837    0.000000000000000
     0.000011028420169    0.000000000000000
     0.000002012125351    0.000000000000000
     0.000011028419546    0.000000000000000
     0.000004106609827    0.000000000000000
     0.000025923242019    0.000000000000000
     0.000017202446464    0.000000000000000
     0.000025923242019    0.000000000000000
     0.000004106609827    0.000000000000000
     0.000011028419546    0.000000000000000
     0.000335012025087    0.000000000000000
     0.003158335696319    0.000000000000000
     0.000317566306837    0.000000000000000
     0.000268477969487    0.000000000000000
     0.000056777384153    0.000000000000000
     0.000268477969487    0.000000000000000
     0.000317566306837    0.000000000000000
     0.003158335696319    0.000000000000000
     0.000335012025087    0.000000000000000
     0.000011028420169    0.000000000000000
     0.000317566306837    0.000000000000000
     0.000025923240710    0.000000000000000
     0.000056777384153    0.000000000000000
     0.000025923240710    0.000000000000000
     0.000317566306837    0.000000000000000
     0.000011028420169    0.000000000000000
     0.000275833784905    0.000000000000000
     0.000027530764037    0.000000000000000
     0.000145266999897    0.000000000000000
     0.000007884458705    0.000000000000000
     0.000047911189731    0.000000000000000
     0.000007884458705    0.000000000000000
     0.000145266999897    0.000000000000000
     0.000027530764037    0.000000000000000
     0.000000942735934    0.000000000000000
     0.000027530764917    0.000000000000000
     0.000002521973078    0.000000000000000
     0.000007884452683    0.000000000000000
     0.000006008358987    0.000000000000000
     0.000007884452683    0.000000000000000
     0.000002521973078    0.000000000000000
     0.000027530764917    0.000000000000000
     0.000221257731524    0.000000000000000
     0.000011028419546    0.000000000000000
     0.000116080046160    0.000000000000000
     0.000025923242019    0.000000000000000
     0.000034193961390    0.000000000000000
     0.000025923242019    0.000000000000000
     0.000116080046160    0.000000000000000
     0.000011028419546    0.000000000000000
     0.000002012125351    0.000000000000000
     0.000011028419546    0.000000000000000
     0.000004106609827    0.000000000000000
     0.000025923242019    0.000000000000000
     0.000017202446464    0.000000000000000
     0.000025923242019    0.000000000000000
     0.000004106609827    0.000000000000000
     0.000011028419546    0.000000000000000
     0.000000942735934    0.000000000000000
     0.000027530764917    0.000000000000000
     0.000002521973078    0.000000000000000
     0.000007884452683    0.000000000000000
     0.000006008358987    0.000000000000000
     0.000007884452683    0.000000000000000
     0.000002521973078    0.000000000000000
     0.000027530764917    0.000000000000000
     0.000018536713929    0.000000000000000
     0.000027530764037    0.000000000000000
     0.000010321439869    0.000000000000000
     0.000007884458705    0.000000000000000
     0.000003604944994    0.000000000000000
     0.000007884458705    0.000000000000000
     0.000010321439869    0.000000000000000
     0.000027530764037    0.000000000000000
     0.000000942735934    0.000000000000000
     0.000011028420169    0.000000000000000
     0.000002521973078    0.000000000000000
     0.000025923240710    0.000000000000000
     0.000006008358987    0.000000000000000
     0.000025923240710    0.000000000000000
     0.000002521973078    0.000000000000000
     0.000011028420169    0.000000000000000
     0.000335012025087    0.000000000000000
     0.003158335696319    0.000000000000000
     0.000317566306837    0.000000000000000
     0.000268477969487    0.000000000000000
     0.000056777384153    0.000000000000000
     0.000268477969487    0.000000000000000
     0.000317566306837    0.000000000000000
     0.003158335696319    0.000000000000000
     0.000221257731524    0.000000000000000
     0.000011028419546    0.000000000000000
     0.000116080046160    0.000000000000000
     0.000025923242019    0.000000000000000
     0.000034193961390    0.000000000000000
     0.000025923242019    0.000000000000000
     0.000116080046160    0.000000000000000
     0.000011028419546    0.000000000000000
     0.000000942735934    0.000000000000000
     0.000011028420169    0.000000000000000
     0.000002521973078    0.000000000000000
     0.000025923240710    0.000000000000000
     0.000006008358987    0.000000000000000
     0.000025923240710    0.000000000000000
     0.000002521973078    0.000000000000000
     0.000011028420169    0.000000000000000
     0.000275833784905    0.000000000000000
     0.003158335946735    0.000000000000000
     0.000145266999897    0.000000000000000
     0.000268477988362    0.000000000000000
     0.000047911189731    0.000000000000000
     0.000268477988362    0.000000000000000
     0.000145266999897    0.000000000000000
     0.003158335946735    0.000000000000000

         chi :
    -0.161450171478940    0.000000000000000
     0.000150479422506    0.000000000000000
     0.000316874324915    0.000000000000000
     0.000013263433361    0.000000000000000
     0.000096584866452    0.000000000000000
     0.000013263433361    0.000000000000000
     0.000316874324915    0.000000000000000
     0.000150479422506    0.000000000000000
     0.000013787631003    0.000000000000000
    -0.000000017318774    0.000000000000000
     0.000002495104742    0.000000000000000
     0.000000369499187    0.000000000000000
     0.000013531375287    0.000000000000000
     0.000000369499187    0.000000000000000
     0.000002495104742    0.000000000000000
    -0.000000017318774    0.000000000000000
    -0.000001372404393    0.000000000000000
     0.000000055790152    0.000000000000000
    -0.000001077232360    0.000000000000000
     0.000000277038597    0.000000000000000
     0.000001581154537    0.000000000000000
     0.000000277038597    0.000000000000000
    -0.000001077232360    0.000000000000000
     0.000000055790152    0.000000000000000
     0.000013787631003    0.000000000000000
     0.000150563819093    0.000000000000000
     0.000002495104742    0.000000000000000
     0.000012857485212    0.000000000000000
     0.000013531375287    0.000000000000000
     0.000012857485212    0.000000000000000
     0.000002495104742    0.000000000000000
     0.000150563819093    0.000000000000000
     0.000013787631003    0.000000000000000
    -0.000000017318774    0.000000000000000
     0.000002495104742    0.000000000000000
     0.000000369499187    0.000000000000000
     0.000013531375287    0.000000000000000
     0.000000369499187    0.000000000000000
     0.000002495104742    0.000000000000000
    -0.000000017318774    0.000000000000000
     0.000012845373407    0.000000000000000
     0.000002854666044    0.000000000000000
     0.000002017422637    0.000000000000000
    -0.000004893746380    0.000000000000000
     0.000000927046740    0.000000000000000
    -0.000004893746380    0.000000000000000
     0.000002017422637    0.000000000000000
     0.000002854666044    0.000000000000000
     0.000011635263965    0.000000000000000
     0.000002945956648    0.000000000000000
    -0.000000322203597    0.000000000000000
    -0.000005236806154    0.000000000000000
    -0.000011639545420    0.000000000000000
    -0.000005236806154    0.000000000000000
    -0.000000322203597    0.000000000000000
     0.000002945956648    0.000000000000000
     0.000013496419972    0.000000000000000
     0.000000055790152    0.000000000000000
    -0.000001866160571    0.000000000000000
     0.000000277038597    0.000000000000000
     0.000000244418868    0.000000000000000
     0.000000277038597    0.000000000000000
    -0.000001866160571    0.000000000000000
     0.000000055790152    0.000000000000000
    -0.000001372404393    0.000000000000000
     0.000000055790152    0.000000000000000
    -0.000001077232361    0.000000000000000
     0.000000277038597    0.000000000000000
     0.000001581154537    0.000000000000000
     0.000000277038597    0.000000000000000
    -0.000001077232361    0.000000000000000
     0.000000055790152    0.000000000000000
     0.000011635263965    0.000000000000000
     0.000002945956648    0.000000000000000
    -0.000000322203597    0.000000000000000
    -0.000005236806154    0.000000000000000
    -0.000011639545420    0.000000000000000
    -0.000005236806154    0.000000000000000
    -0.000000322203597    0.000000000000000
     0.000002945956648    0.000000000000000
     0.000027142200832    0.000000000000000
     0.000002854666044    0.000000000000000
     0.000000984838065    0.000000000000000
    -0.000004893746380    0.000000000000000
    -0.000025751479500    0.000000000000000
    -0.000004893746380    0.000000000000000
     0.000000984838065    0.000000000000000
     0.000002854666044    0.000000000000000
     0.000011635263965    0.000000000000000
    -0.000000017318774    0.000000000000000
    -0.000000322203597    0.000000000000000
     0.000000369499187    0.000000000000000
    -0.000011639545420    0.000000000000000
     0.000000369499187    0.000000000000000
    -0.000000322203597    0.000000000000000
    -0.000000017318774    0.000000000000000
     0.000013787631003    0.000000000000000
     0.000150563819093    0.000000000000000
     0.000002495104742    0.000000000000000
     0.000012857485212    0.000000000000000
     0.000013531375287    0.000000000000000
     0.000012857485212    0.000000000000000
     0.000002495104742    0.000000000000000
     0.000150563819093    0.000000000000000
     0.000013496419972    0.000000000000000
     0.000000055790152    0.000000000000000
    -0.000001866160571    0.000000000000000
     0.000000277038597    0.000000000000000
     0.000000244418868    0.000000000000000
     0.000000277038597    0.000000000000000
    -0.000001866160571    0.000000000000000
     0.000000055790152    0.000000000000000
     0.000011635263965    0.000000000000000
    -0.000000017318774    0.000000000000000
    -0.000000322203597    0.000000000000000
     0.000000369499187    0.000000000000000
    -0.000011639545420    0.000000000000000
     0.000000369499187    0.000000000000000
    -0.000000322203597    0.000000000000000
    -0.000000017318774    0.000000000000000
     0.000012845373407    0.000000000000000
     0.000150479422506    0.000000000000000
     0.000002017422637    0.000000000000000
     0.000013263433361    0.000000000000000
     0.000000927046740    0.000000000000000
     0.000013263433361    0.000000000000000
     0.000002017422637    0.000000000000000
     0.000150479422506    0.000000000000000
