
  =-------------------------------------------------------------------------------=

                                 Hubbard U parameters:

       site n.  type  label  spin  new_type  new_label  manifold  Hubbard U (eV)
         1        1   Ti       1      1         Ti         3d       4.2245
         2        1   Ti       1      1         Ti         3d       4.2245

  =-------------------------------------------------------------------------------=


          chi0 matrix :
   -0.507295    0.003536    0.012063    0.003536    0.000797    0.003536    0.001280    0.003536
    0.000797    0.003536    0.001280    0.003536    0.001158    0.003536    0.001045    0.003536

    0.003536   -0.507295    0.003536    0.012063    0.003536    0.000797    0.003536    0.001280
    0.003536    0.000797    0.003536    0.001280    0.003536    0.001158    0.003536    0.001045

    0.012063    0.003536   -0.507295    0.003536    0.001280    0.003536    0.000797    0.003536
    0.001280    0.003536    0.000797    0.003536    0.001045    0.003536    0.001158    0.003536

    0.003536    0.012063    0.003536   -0.507295    0.003536    0.001280    0.003536    0.000797
    0.003536    0.001280    0.003536    0.000797    0.003536    0.001045    0.003536    0.001158

    0.000797    0.003536    0.001280    0.003536   -0.507295    0.003536    0.012063    0.003536
    0.001158    0.003536    0.001045    0.003536    0.000797    0.003536    0.001280    0.003536

    0.003536    0.000797    0.003536    0.001280    0.003536   -0.507295    0.003536    0.012063
    0.003536    0.001158    0.003536    0.001045    0.003536    0.000797    0.003536    0.001280

    0.001280    0.003536    0.000797    0.003536    0.012063    0.003536   -0.507295    0.003536
    0.001045    0.003536    0.001158    0.003536    0.001280    0.003536    0.000797    0.003536

    0.003536    0.001280    0.003536    0.000797    0.003536    0.012063    0.003536   -0.507295
    0.003536    0.001045    0.003536    0.001158    0.003536    0.001280    0.003536    0.000797

    0.000797    0.003536    0.001280    0.003536    0.001158    0.003536    0.001045    0.003536
   -0.507295    0.003536    0.012063    0.003536    0.000797    0.003536    0.001280    0.003536

    0.003536    0.000797    0.003536    0.001280    0.003536    0.001158    0.003536    0.001045
    0.003536   -0.507295    0.003536    0.012063    0.003536    0.000797    0.003536    0.001280

    0.001280    0.003536    0.000797    0.003536    0.001045    0.003536    0.001158    0.003536
    0.012063    0.003536   -0.507295    0.003536    0.001280    0.003536    0.000797    0.003536

    0.003536    0.001280    0.003536    0.000797    0.003536    0.001045    0.003536    0.001158
    0.003536    0.012063    0.003536   -0.507295    0.003536    0.001280    0.003536    0.000797

    0.001158    0.003536    0.001045    0.003536    0.000797    0.003536    0.001280    0.003536
    0.000797    0.003536    0.001280    0.003536   -0.507295    0.003536    0.012063    0.003536

    0.003536    0.001158    0.003536    0.001045    0.003536    0.000797    0.003536    0.001280
    0.003536    0.000797    0.003536    0.001280    0.003536   -0.507295    0.003536    0.012063

    0.001045    0.003536    0.001158    0.003536    0.001280    0.003536    0.000797    0.003536
    0.001280    0.003536    0.000797    0.003536    0.012063    0.003536   -0.507295    0.003536

    0.003536    0.001045    0.003536    0.001158    0.003536    0.001280    0.003536    0.000797
    0.003536    0.001280    0.003536    0.000797    0.003536    0.012063    0.003536   -0.507295


          chi matrix :
   -0.161352    0.000162    0.000631    0.000162    0.000055    0.000162    0.000009    0.000162
    0.000055    0.000162    0.000009    0.000162    0.000055    0.000162    0.000001    0.000162

    0.000162   -0.161352    0.000162    0.000631    0.000162    0.000055    0.000162    0.000009
    0.000162    0.000055    0.000162    0.000009    0.000162    0.000055    0.000162    0.000001

    0.000631    0.000162   -0.161352    0.000162    0.000009    0.000162    0.000055    0.000162
    0.000009    0.000162    0.000055    0.000162    0.000001    0.000162    0.000055    0.000162

    0.000162    0.000631    0.000162   -0.161352    0.000162    0.000009    0.000162    0.000055
    0.000162    0.000009    0.000162    0.000055    0.000162    0.000001    0.000162    0.000055

    0.000055    0.000162    0.000009    0.000162   -0.161352    0.000162    0.000631    0.000162
    0.000055    0.000162    0.000001    0.000162    0.000055    0.000162    0.000009    0.000162

    0.000162    0.000055    0.000162    0.000009    0.000162   -0.161352    0.000162    0.000631
    0.000162    0.000055    0.000162    0.000001    0.000162    0.000055    0.000162    0.000009

    0.000009    0.000162    0.000055    0.000162    0.000631    0.000162   -0.161352    0.000162
    0.000001    0.000162    0.000055    0.000162    0.000009    0.000162    0.000055    0.000162

    0.000162    0.000009    0.000162    0.000055    0.000162    0.000631    0.000162   -0.161352
    0.000162    0.000001    0.000162    0.000055    0.000162    0.000009    0.000162    0.000055

    0.000055    0.000162    0.000009    0.000162    0.000055    0.000162    0.000001    0.000162
   -0.161352    0.000162    0.000631    0.000162    0.000055    0.000162    0.000009    0.000162

    0.000162    0.000055    0.000162    0.000009    0.000162    0.000055    0.000162    0.000001
    0.000162   -0.161352    0.000162    0.000631    0.000162    0.000055    0.000162    0.000009

    0.000009    0.000162    0.000055    0.000162    0.000001    0.000162    0.000055    0.000162
    0.000631    0.000162   -0.161352    0.000162    0.000009    0.000162    0.000055    0.000162

    0.000162    0.000009    0.000162    0.000055    0.000162    0.000001    0.000162    0.000055
    0.000162    0.000631    0.000162   -0.161352    0.000162    0.000009    0.000162    0.000055

    0.000055    0.000162    0.000001    0.000162    0.000055    0.000162    0.000009    0.000162
    0.000055    0.000162    0.000009    0.000162   -0.161352    0.000162    0.000631    0.000162

    0.000162    0.000055    0.000162    0.000001    0.000162    0.000055    0.000162    0.000009
    0.000162    0.000055    0.000162    0.000009    0.000162   -0.161352    0.000162    0.000631

    0.000001    0.000162    0.000055    0.000162    0.000009    0.000162    0.000055    0.000162
    0.000009    0.000162    0.000055    0.000162    0.000631    0.000162   -0.161352    0.000162

    0.000162    0.000001    0.000162    0.000055    0.000162    0.000009    0.000162    0.000055
    0.000162    0.000009    0.000162    0.000055    0.000162    0.000631    0.000162   -0.161352


        chi0^{-1} matrix :
   -1.973273   -0.014845   -0.047813   -0.014845   -0.004238   -0.014845   -0.006029   -0.014845
   -0.004238   -0.014845   -0.006029   -0.014845   -0.005599   -0.014845   -0.005177   -0.014845

   -0.014845   -1.973273   -0.014845   -0.047813   -0.014845   -0.004238   -0.014845   -0.006029
   -0.014845   -0.004238   -0.014845   -0.006029   -0.014845   -0.005599   -0.014845   -0.005177

   -0.047813   -0.014845   -1.973273   -0.014845   -0.006029   -0.014845   -0.004238   -0.014845
   -0.006029   -0.014845   -0.004238   -0.014845   -0.005177   -0.014845   -0.005599   -0.014845

   -0.014845   -0.047813   -0.014845   -1.973273   -0.014845   -0.006029   -0.014845   -0.004238
   -0.014845   -0.006029   -0.014845   -0.004238   -0.014845   -0.005177   -0.014845   -0.005599

   -0.004238   -0.014845   -0.006029   -0.014845   -1.973273   -0.014845   -0.047813   -0.014845
   -0.005599   -0.014845   -0.005177   -0.014845   -0.004238   -0.014845   -0.006029   -0.014845

   -0.014845   -0.004238   -0.014845   -0.006029   -0.014845   -1.973273   -0.014845   -0.047813
   -0.014845   -0.005599   -0.014845   -0.005177   -0.014845   -0.004238   -0.014845   -0.006029

   -0.006029   -0.014845   -0.004238   -0.014845   -0.047813   -0.014845   -1.973273   -0.014845
   -0.005177   -0.014845   -0.005599   -0.014845   -0.006029   -0.014845   -0.004238   -0.014845

   -0.014845   -0.006029   -0.014845   -0.004238   -0.014845   -0.047813   -0.014845   -1.973273
   -0.014845   -0.005177   -0.014845   -0.005599   -0.014845   -0.006029   -0.014845   -0.004238

   -0.004238   -0.014845   -0.006029   -0.014845   -0.005599   -0.014845   -0.005177   -0.014845
   -1.973273   -0.014845   -0.047813   -0.014845   -0.004238   -0.014845   -0.006029   -0.014845

   -0.014845   -0.004238   -0.014845   -0.006029   -0.014845   -0.005599   -0.014845   -0.005177
   -0.014845   -1.973273   -0.014845   -0.047813   -0.014845   -0.004238   -0.014845   -0.006029

   -0.006029   -0.014845   -0.004238   -0.014845   -0.005177   -0.014845   -0.005599   -0.014845
   -0.047813   -0.014845   -1.973273   -0.014845   -0.006029   -0.014845   -0.004238   -0.014845

   -0.014845   -0.006029   -0.014845   -0.004238   -0.014845   -0.005177   -0.014845   -0.005599
   -0.014845   -0.047813   -0.014845   -1.973273   -0.014845   -0.006029   -0.014845   -0.004238

   -0.005599   -0.014845   -0.005177   -0.014845   -0.004238   -0.014845   -0.006029   -0.014845
   -0.004238   -0.014845   -0.006029   -0.014845   -1.973273   -0.014845   -0.047813   -0.014845

   -0.014845   -0.005599   -0.014845   -0.005177   -0.014845   -0.004238   -0.014845   -0.006029
   -0.014845   -0.004238   -0.014845   -0.006029   -0.014845   -1.973273   -0.014845   -0.047813

   -0.005177   -0.014845   -0.005599   -0.014845   -0.006029   -0.014845   -0.004238   -0.014845
   -0.006029   -0.014845   -0.004238   -0.014845   -0.047813   -0.014845   -1.973273   -0.014845

   -0.014845   -0.005177   -0.014845   -0.005599   -0.014845   -0.006029   -0.014845   -0.004238
   -0.014845   -0.006029   -0.014845   -0.004238   -0.014845   -0.047813   -0.014845   -1.973273


        chi^{-1} matrix :
   -6.197786   -0.006290   -0.024304   -0.006290   -0.002154   -0.006290   -0.000402   -0.006290
   -0.002154   -0.006290   -0.000402   -0.006290   -0.002166   -0.006290   -0.000091   -0.006290

   -0.006290   -6.197786   -0.006290   -0.024304   -0.006290   -0.002154   -0.006290   -0.000402
   -0.006290   -0.002154   -0.006290   -0.000402   -0.006290   -0.002166   -0.006290   -0.000091

   -0.024304   -0.006290   -6.197786   -0.006290   -0.000402   -0.006290   -0.002154   -0.006290
   -0.000402   -0.006290   -0.002154   -0.006290   -0.000091   -0.006290   -0.002166   -0.006290

   -0.006290   -0.024304   -0.006290   -6.197786   -0.006290   -0.000402   -0.006290   -0.002154
   -0.006290   -0.000402   -0.006290   -0.002154   -0.006290   -0.000091   -0.006290   -0.002166

   -0.002154   -0.006290   -0.000402   -0.006290   -6.197786   -0.006290   -0.024304   -0.006290
   -0.002166   -0.006290   -0.000091   -0.006290   -0.002154   -0.006290   -0.000402   -0.006290

   -0.006290   -0.002154   -0.006290   -0.000402   -0.006290   -6.197786   -0.006290   -0.024304
   -0.006290   -0.002166   -0.006290   -0.000091   -0.006290   -0.002154   -0.006290   -0.000402

   -0.000402   -0.006290   -0.002154   -0.006290   -0.024304   -0.006290   -6.197786   -0.006290
   -0.000091   -0.006290   -0.002166   -0.006290   -0.000402   -0.006290   -0.002154   -0.006290

   -0.006290   -0.000402   -0.006290   -0.002154   -0.006290   -0.024304   -0.006290   -6.197786
   -0.006290   -0.000091   -0.006290   -0.002166   -0.006290   -0.000402   -0.006290   -0.002154

   -0.002154   -0.006290   -0.000402   -0.006290   -0.002166   -0.006290   -0.000091   -0.006290
   -6.197786   -0.006290   -0.024304   -0.006290   -0.002154   -0.006290   -0.000402   -0.006290

   -0.006290   -0.002154   -0.006290   -0.000402   -0.006290   -0.002166   -0.006290   -0.000091
   -0.006290   -6.197786   -0.006290   -0.024304   -0.006290   -0.002154   -0.006290   -0.000402

   -0.000402   -0.006290   -0.002154   -0.006290   -0.000091   -0.006290   -0.002166   -0.006290
   -0.024304   -0.006290   -6.197786   -0.006290   -0.000402   -0.006290   -0.002154   -0.006290

   -0.006290   -0.000402   -0.006290   -0.002154   -0.006290   -0.000091   -0.006290   -0.002166
   -0.006290   -0.024304   -0.006290   -6.197786   -0.006290   -0.000402   -0.006290   -0.002154

   -0.002166   -0.006290   -0.000091   -0.006290   -0.002154   -0.006290   -0.000402   -0.006290
   -0.002154   -0.006290   -0.000402   -0.006290   -6.197786   -0.006290   -0.024304   -0.006290

   -0.006290   -0.002166   -0.006290   -0.000091   -0.006290   -0.002154   -0.006290   -0.000402
   -0.006290   -0.002154   -0.006290   -0.000402   -0.006290   -6.197786   -0.006290   -0.024304

   -0.000091   -0.006290   -0.002166   -0.006290   -0.000402   -0.006290   -0.002154   -0.006290
   -0.000402   -0.006290   -0.002154   -0.006290   -0.024304   -0.006290   -6.197786   -0.006290

   -0.006290   -0.000091   -0.006290   -0.002166   -0.006290   -0.000402   -0.006290   -0.002154
   -0.006290   -0.000402   -0.006290   -0.002154   -0.006290   -0.024304   -0.006290   -6.197786


         Hubbard matrix :
    4.224513   -0.008555   -0.023509   -0.008555   -0.002084   -0.008555   -0.005627   -0.008555
   -0.002084   -0.008555   -0.005627   -0.008555   -0.003434   -0.008555   -0.005086   -0.008555

   -0.008555    4.224513   -0.008555   -0.023509   -0.008555   -0.002084   -0.008555   -0.005627
   -0.008555   -0.002084   -0.008555   -0.005627   -0.008555   -0.003434   -0.008555   -0.005086

   -0.023509   -0.008555    4.224513   -0.008555   -0.005627   -0.008555   -0.002084   -0.008555
   -0.005627   -0.008555   -0.002084   -0.008555   -0.005086   -0.008555   -0.003434   -0.008555

   -0.008555   -0.023509   -0.008555    4.224513   -0.008555   -0.005627   -0.008555   -0.002084
   -0.008555   -0.005627   -0.008555   -0.002084   -0.008555   -0.005086   -0.008555   -0.003434

   -0.002084   -0.008555   -0.005627   -0.008555    4.224513   -0.008555   -0.023509   -0.008555
   -0.003434   -0.008555   -0.005086   -0.008555   -0.002084   -0.008555   -0.005627   -0.008555

   -0.008555   -0.002084   -0.008555   -0.005627   -0.008555    4.224513   -0.008555   -0.023509
   -0.008555   -0.003434   -0.008555   -0.005086   -0.008555   -0.002084   -0.008555   -0.005627

   -0.005627   -0.008555   -0.002084   -0.008555   -0.023509   -0.008555    4.224513   -0.008555
   -0.005086   -0.008555   -0.003434   -0.008555   -0.005627   -0.008555   -0.002084   -0.008555

   -0.008555   -0.005627   -0.008555   -0.002084   -0.008555   -0.023509   -0.008555    4.224513
   -0.008555   -0.005086   -0.008555   -0.003434   -0.008555   -0.005627   -0.008555   -0.002084

   -0.002084   -0.008555   -0.005627   -0.008555   -0.003434   -0.008555   -0.005086   -0.008555
    4.224513   -0.008555   -0.023509   -0.008555   -0.002084   -0.008555   -0.005627   -0.008555

   -0.008555   -0.002084   -0.008555   -0.005627   -0.008555   -0.003434   -0.008555   -0.005086
   -0.008555    4.224513   -0.008555   -0.023509   -0.008555   -0.002084   -0.008555   -0.005627

   -0.005627   -0.008555   -0.002084   -0.008555   -0.005086   -0.008555   -0.003434   -0.008555
   -0.023509   -0.008555    4.224513   -0.008555   -0.005627   -0.008555   -0.002084   -0.008555

   -0.008555   -0.005627   -0.008555   -0.002084   -0.008555   -0.005086   -0.008555   -0.003434
   -0.008555   -0.023509   -0.008555    4.224513   -0.008555   -0.005627   -0.008555   -0.002084

   -0.003434   -0.008555   -0.005086   -0.008555   -0.002084   -0.008555   -0.005627   -0.008555
   -0.002084   -0.008555   -0.005627   -0.008555    4.224513   -0.008555   -0.023509   -0.008555

   -0.008555   -0.003434   -0.008555   -0.005086   -0.008555   -0.002084   -0.008555   -0.005627
   -0.008555   -0.002084   -0.008555   -0.005627   -0.008555    4.224513   -0.008555   -0.023509

   -0.005086   -0.008555   -0.003434   -0.008555   -0.005627   -0.008555   -0.002084   -0.008555
   -0.005627   -0.008555   -0.002084   -0.008555   -0.023509   -0.008555    4.224513   -0.008555

   -0.008555   -0.005086   -0.008555   -0.003434   -0.008555   -0.005627   -0.008555   -0.002084
   -0.008555   -0.005627   -0.008555   -0.002084   -0.008555   -0.023509   -0.008555    4.224513

