      row  column  chi0 matrix elements
       1     1      -0.508014409603711
       2     1       0.003178411906916
       3     1       0.006343374026362
       4     1       0.000502175980398
       5     1       0.006343374026363
       6     1       0.003178411906916
       7     1       0.000338920374015
       8     1       0.000027678421629
       9     1       0.000350983476452
      10     1       0.000090209041009
      11     1       0.000350983476452
      12     1       0.000027678421629
      13     1       0.000338920374016
      14     1       0.003178411659986
      15     1       0.000350983476452
      16     1       0.000502175932657
      17     1       0.000350983476452
      18     1       0.003178411659986
      19     1       0.000338920374015
      20     1       0.000027678421629
      21     1       0.000350983476452
      22     1       0.000090209041009
      23     1       0.000350983476452
      24     1       0.000027678421629
      25     1       0.000290159559709
      26     1       0.000109272593601
      27     1       0.000172127599936
      28     1       0.000052251926557
      29     1       0.000172127599936
      30     1       0.000109272593601
      31     1       0.000229057678972
      32     1       0.000027678421629
      33     1       0.000141221136623
      34     1       0.000090209041009
      35     1       0.000141221136623
      36     1       0.000027678421629
      37     1       0.000338920374016
      38     1       0.003178411659986
      39     1       0.000350983476452
      40     1       0.000502175932657
      41     1       0.000350983476452
      42     1       0.003178411659986
      43     1       0.000229057678972
      44     1       0.000027678421629
      45     1       0.000141221136623
      46     1       0.000090209041009
      47     1       0.000141221136623
      48     1       0.000027678421629
      49     1       0.000290159559709
      50     1       0.003178411906916
      51     1       0.000172127599936
      52     1       0.000502175980398
      53     1       0.000172127599936
      54     1       0.003178411906916

      row  column   chi matrix elements
       1     1      -0.161428347161300
       2     1       0.000154324988944
       3     1       0.000354630082432
       4     1       0.000018825370000
       5     1       0.000354630082432
       6     1       0.000154324988944
       7     1       0.000026294473331
       8     1      -0.000000645864622
       9     1       0.000002464141364
      10     1       0.000001130820532
      11     1       0.000002464141365
      12     1      -0.000000645864622
      13     1       0.000026294473331
      14     1       0.000154902519952
      15     1       0.000002464141365
      16     1       0.000018482625404
      17     1       0.000002464141364
      18     1       0.000154902519952
      19     1       0.000026294473331
      20     1      -0.000000645864622
      21     1       0.000002464141364
      22     1       0.000001130820532
      23     1       0.000002464141365
      24     1      -0.000000645864622
      25     1       0.000010961204573
      26     1      -0.000005719857514
      27     1       0.000002680096656
      28     1      -0.000002625748210
      29     1       0.000002680096656
      30     1      -0.000005719857514
      31     1       0.000013024199409
      32     1      -0.000000645864622
      33     1      -0.000000647596198
      34     1       0.000001130820532
      35     1      -0.000000647596198
      36     1      -0.000000645864622
      37     1       0.000026294473331
      38     1       0.000154902519952
      39     1       0.000002464141365
      40     1       0.000018482625404
      41     1       0.000002464141364
      42     1       0.000154902519952
      43     1       0.000013024199409
      44     1      -0.000000645864622
      45     1      -0.000000647596198
      46     1       0.000001130820532
      47     1      -0.000000647596198
      48     1      -0.000000645864622
      49     1       0.000010961204573
      50     1       0.000154324988944
      51     1       0.000002680096656
      52     1       0.000018825370000
      53     1       0.000002680096656
      54     1       0.000154324988944

