0.9647255760695934
0.0043509224664429105
0.0004250568263440254
0.005129828040432736
-0.0015967415330554078
0.0043509224664429105
0.9891916951529753
0.00029345689065446234
-0.00045802292432375175
0.00032086962174887915
0.0004250568263440254
0.00029345689065446234
0.9921966747896083
-4.93699797974129e-05
-0.00013513368861323692
0.005129828040432736
-0.00045802292432375175
-4.93699797974129e-05
0.9912904888414243
0.0018983072577293972
-0.0015967415330554078
0.00032086962174887915
-0.00013513368861323692
0.0018983072577293972
0.8680252082702491
0.18759864443723456
-0.015434589425574026
-0.005467195608767286
0.01762844433434227
0.005457283321655169
-0.015434589425574026
0.9947585924638005
-0.0004904925537069666
0.00040837295672439106
0.0008499944834872466
-0.005467195608767286
-0.0004904925537069666
0.9964655014361552
0.00012742569675911028
0.0018289369279129717
0.01762844433434227
0.00040837295672439106
0.00012742569675911028
0.992738518485031
0.0038226862323993854
0.005457283321655169
0.0008499944834872466
0.0018289369279129717
0.0038226862323993854
0.38285924626391116
0.8623653095847474
0.0006695364051664261
-0.000566729116273624
0.009530913285574191
-0.0018572923564231377
0.0006695364051664261
0.9855803592031009
-0.0008227940861578797
0.0002991320103022705
-0.0017007406069225106
-0.000566729116273624
-0.0008227940861578797
0.9940772240698563
0.00010988010036493937
-0.0001285416895899235
0.009530913285574191
0.0002991320103022705
0.00010988010036493937
0.9881961903135046
-0.0003542957980330828
-0.0018572923564231377
-0.0017007406069225106
-0.0001285416895899235
-0.0003542957980330828
0.6761646241092851
0.2561023667373288
-0.000570526118047982
-0.0020607599617614844
-0.021848759325399404
-0.0018275814552689278
-0.000570526118047982
0.13906965416765082
0.0011686048867340147
-4.170071975131686e-05
0.0006879174739201739
-0.0020607599617614844
0.0011686048867340147
0.13441764254575536
-0.00017986924264752898
-0.0007548376559601151
-0.021848759325399404
-4.170071975131686e-05
-0.00017986924264752898
0.1175378659001512
0.005732470139812923
-0.0018275814552689278
0.0006879174739201739
-0.0007548376559601151
0.005732470139812923
0.4160706242293626
0.9559751780502554
-0.0034068889194063027
-0.0005851567814767481
0.005468955267221521
0.0012018371256153184
-0.0034068889194063027
0.9891256093111482
-0.0001256722869860977
-7.679746768112403e-05
0.00045221698221824036
-0.0005851567814767481
-0.0001256722869860977
0.9930104985991067
9.345918698147722e-05
0.00024256334140967077
0.005468955267221521
-7.679746768112403e-05
9.345918698147722e-05
0.991281676093611
-0.0019774724818580496
0.0012018371256153184
0.00045221698221824036
0.00024256334140967077
-0.0019774724818580496
0.8633392690855293
0.20992166471575383
0.019372729103580278
-0.0021133128663187667
0.017688986921218695
-0.0057871317949002975
0.019372729103580278
0.9947434667213442
0.00042631516735809724
-0.0004509224831869837
2.2533222828243066e-05
-0.0021133128663187667
0.00042631516735809724
0.9970339123308142
-6.037041663068951e-05
-0.0022263809990208366
0.017688986921218695
-0.0004509224831869837
-6.037041663068951e-05
0.9927956086054404
-0.0038387911607396523
-0.0057871317949002975
2.2533222828243066e-05
-0.0022263809990208366
-0.0038387911607396523
0.37928682617521736
0.8599818050022292
-0.0003001449003906676
0.0007075607284750152
0.012343626713577785
0.00379613485008262
-0.0003001449003906676
0.9855401021323139
0.0010735919639440143
2.3925134427579052e-05
-0.0016610289839405232
0.0007075607284750152
0.0010735919639440143
0.9924816853596846
0.0001495668569616369
0.00013517573731859576
0.012343626713577785
2.3925134427579052e-05
0.0001495668569616369
0.9884236870513741
0.0004394009003817971
0.00379613485008262
-0.0016610289839405232
0.00013517573731859576
0.0004394009003817971
0.6732808096142417
0.2628287246824843
0.00047988482321500883
-0.0014017572452403105
-0.022542783228280017
0.0015980811850452924
0.00047988482321500883
0.13975366663770888
-0.00119406591018501
7.787876357089191e-05
0.0002097791850642206
-0.0014017572452403105
-0.00119406591018501
0.1347434575522135
-5.93607382013135e-05
0.0005112508139942472
-0.022542783228280017
7.787876357089191e-05
-5.93607382013135e-05
0.11745245540272367
-0.0057756478374010375
0.0015980811850452924
0.0002097791850642206
0.0005112508139942472
-0.0057756478374010375
0.4159134463811225
0.9387185367221855
-0.0030977485024856494
-0.00039807226495510876
-0.10858974549815885
-0.0002537350263246338
-0.0030977485024856494
0.711359233296107
0.0011800599702955132
-0.0011069821802384497
-2.8035164759000224e-05
-0.00039807226495510876
0.0011800599702955132
0.9777525516005048
3.922614985227822e-05
0.0022926782278339256
-0.10858974549815885
-0.0011069821802384497
3.922614985227822e-05
0.7597894965689468
0.00011882857654830071
-0.0002537350263246338
-2.8035164759000224e-05
0.0022926782278339256
0.00011882857654830071
0.9605629420336959
0.17839449722645997
-0.00032294373442843974
0.00029018957691693826
0.1062354194757958
0.00012558931084765242
-0.00032294373442843974
0.44285798014716526
-0.000344536486213155
-0.00024952581420142054
0.0005402454895262957
0.00029018957691693826
-0.000344536486213155
0.1664300671220917
0.000614746288825985
-0.0011282767300344156
0.1062354194757958
-0.00024952581420142054
0.000614746288825985
0.37552161776852894
0.0001077149743278137
0.00012558931084765242
0.0005402454895262957
-0.0011282767300344156
0.0001077149743278137
0.1640817998225537
0.9381560892209935
0.0008669937418098674
-0.0001892671757951861
-0.10864839761717296
-0.00037979651462703305
0.0008669937418098674
0.6952417116682599
-0.00021510081185075508
-0.0004946417490248704
0.0005004244631713218
-0.0001892671757951861
-0.00021510081185075508
0.9791478853529264
-0.00033959423332001985
-0.0002159294987152128
-0.10864839761717296
-0.0004946417490248704
-0.00033959423332001985
0.7489920617943374
-0.0005437241639856819
-0.00037979651462703305
0.0005004244631713218
-0.0002159294987152128
-0.0005437241639856819
0.9628023890672539
0.1881184021803668
-0.0011369267943964509
-0.0005800795435678692
0.10029873376747032
-0.00025617097611406795
-0.0011369267943964509
0.444222655321581
9.119870359909284e-05
0.0025920978956096422
0.00028906680037732853
-0.0005800795435678692
9.119870359909284e-05
0.16959684585367912
3.5793950210053813e-07
0.0012614244483967175
0.10029873376747032
0.0025920978956096422
3.5793950210053813e-07
0.38713780506955753
0.00016482707370455126
-0.00025617097611406795
0.00028906680037732853
0.0012614244483967175
0.00016482707370455126
0.16912596860290924
0.9391755133331146
0.002444886300768729
0.0011635334659977938
-0.10893814136045361
-0.000343139225660073
0.002444886300768729
0.7099077307702077
-0.0018099101435380676
0.00023604561815604205
-0.0001649412645074707
0.0011635334659977938
-0.0018099101435380676
0.9778671208158344
0.0029947409476504365
-0.0017762167954628696
-0.10893814136045361
0.00023604561815604205
0.0029947409476504365
0.7586714230389148
3.116505049337417e-05
-0.000343139225660073
-0.0001649412645074707
-0.0017762167954628696
3.116505049337417e-05
0.9623488996296388
0.1782007718335879
0.00043868348068397503
-0.00013991105168340492
0.10597987545300691
-9.26276510170189e-05
0.00043868348068397503
0.4422439456364446
0.0005686969586681971
0.0009505355664415631
-0.0004944229104747149
-0.00013991105168340492
0.0005686969586681971
0.16548624118939814
-0.0003854628166124334
0.0012963287287604127
0.10597987545300691
0.0009505355664415631
-0.0003854628166124334
0.3753053886869713
-5.36613331170337e-05
-9.26276510170189e-05
-0.0004944229104747149
0.0012963287287604127
-5.36613331170337e-05
0.1635295281945906
0.0
0.0
0.0
0.0
0.0
0.0
0.0
0.0
0.0
0.0
0.0
0.0
0.0
0.0
0.0
0.0
0.0
0.0
0.0
0.0
0.0
0.0
0.0
0.0
0.0
0.0
0.0
0.0
0.0
0.0
0.0
0.0
0.0
0.0
0.0
0.0
0.0
0.0
0.0
0.0
0.0
0.0
0.0
0.0
0.0
0.0
0.0
0.0
0.0
0.0
0.7198734207498172
-0.00353023223258569
-0.0010006102091688772
0.017192386226562856
-0.005556538558613483
-0.00353023223258569
0.9795942474040275
0.0008762951390167622
-0.001532779384847297
-0.004846963380687674
-0.0010006102091688772
0.0008762951390167622
0.9858001444427349
-0.00044577058819099034
0.001987887447786954
0.017192386226562856
-0.001532779384847297
-0.00044577058819099034
0.9840645295594237
0.013488579487393038
-0.005556538558613483
-0.004846963380687674
0.001987887447786954
0.013488579487393038
0.7239165751798906
0.38889973099866293
0.001256164347560535
0.001392083932508416
-0.01808877111910461
0.009766454379173884
0.001256164347560535
0.16640587566427922
-0.009698157643108746
-0.00044465360921486187
0.0005092681916919325
0.001392083932508416
-0.009698157643108746
0.15485000435173707
-0.001649257571718815
-0.0016952849863509172
-0.01808877111910461
-0.00044465360921486187
-0.001649257571718815
0.10744339280029304
-0.013500128453552593
0.009766454379173884
0.0005092681916919325
-0.0016952849863509172
-0.013500128453552593
0.4124334240390845
0.5345093413720521
-0.008075221899771909
-0.0001411776245251956
0.02033491755083755
-0.010816070346809956
-0.008075221899771909
0.8255301232926879
-0.07051162979547082
-0.0015201740326186704
-0.004168940086994594
-0.0001411776245251956
-0.07051162979547082
0.7804161094418001
-0.002699305728732198
0.0005777138195404394
0.02033491755083755
-0.0015201740326186704
-0.002699305728732198
0.9646926007454365
-0.005841963392842006
-0.010816070346809956
-0.004168940086994594
0.0005777138195404394
-0.005841963392842006
0.5203899303949563
0.3599569163216559
-0.0005725338108583764
-0.0012176529936172894
-0.0217613030807968
-0.01952603345655439
-0.0005725338108583764
0.13756762157049093
0.016124284773550622
-9.166342072830397e-06
0.0005696283190554278
-0.0012176529936172894
0.016124284773550622
0.13232794031323802
0.0010725728221293055
0.0009052810668306345
-0.0217613030807968
-9.166342072830397e-06
0.0010725728221293055
0.0992655734281892
0.006340085408763085
-0.01952603345655439
0.0005696283190554278
0.0009052810668306345
0.006340085408763085
0.37212753623019124
0.9239873487355363
-0.001995107324400806
6.848984357699225e-05
0.011833701014708676
0.022985641994973532
-0.001995107324400806
0.9899043672313478
-0.0003565827608305732
0.0005547988827996171
-0.005262911144170417
6.848984357699225e-05
-0.0003565827608305732
0.9939067808018297
-0.0005169902557652979
0.0005500628059607196
0.011833701014708676
0.0005547988827996171
-0.0005169902557652979
0.9902241760446379
-0.007788079837171469
0.022985641994973532
-0.005262911144170417
0.0005500628059607196
-0.007788079837171469
0.8859645967626415
0.278041011860766
0.010994424333885727
-0.0038585450451707527
0.010080369063121649
-0.02757094919299137
0.010994424333885727
0.9946746430416675
0.00025076333814910094
-1.8097446413804983e-05
0.0010146007666967582
-0.0038585450451707527
0.00025076333814910094
0.9957695550945742
-0.00021801911834371454
-0.0038974922353748067
0.010080369063121649
-1.8097446413804983e-05
-0.00021801911834371454
0.9917372968548523
-0.014132509096650864
-0.02757094919299137
0.0010146007666967582
-0.0038974922353748067
-0.014132509096650864
0.32834299536963196
0.52917716562435
-0.0036733559955236194
-0.0034287411203510797
0.017194844682531237
0.004471195322202805
-0.0036733559955236194
0.8267881906488607
-0.010037594912109322
-0.000980573931449238
0.001720185574220166
-0.0034287411203510797
-0.010037594912109322
0.7809714359055933
-0.003732783988883768
0.00029343109513551354
0.017194844682531237
-0.000980573931449238
-0.003732783988883768
0.9558012182010114
0.020377210317330034
0.004471195322202805
0.001720185574220166
0.00029343109513551354
0.020377210317330034
0.5282100595584879
0.35496487641470353
0.003775122786409994
-0.0013419830472575875
-0.019403521538704522
0.0005065853674300972
0.003775122786409994
0.14036668831898502
0.00047165923171542536
0.0002416343471332143
0.00028857827589635665
-0.0013419830472575875
0.00047165923171542536
0.13312035564707164
0.001432329939632278
-0.0021192046796591904
-0.019403521538704522
0.0002416343471332143
0.001432329939632278
0.11007749892155133
-0.014411151947981652
0.0005065853674300972
0.00028857827589635665
-0.0021192046796591904
-0.014411151947981652
0.38439404545486183
0.8327879178468609
-0.006659546822629191
0.004380558540462755
-0.1460494702609688
0.001845233425511382
-0.006659546822629191
0.5507661623143076
0.004912392017017604
0.005408261220910772
0.006690504441182233
0.004380558540462755
0.004912392017017604
0.6660670329786554
0.0037884459347478894
0.0352770116299255
-0.1460494702609688
0.005408261220910772
0.0037884459347478894
0.6559006913547764
0.0034382150625415914
0.001845233425511382
0.006690504441182233
0.0352770116299255
0.0034382150625415914
0.775670978133365
0.19582469761777735
0.0014435553235634846
-0.0015217418702841846
0.13861327511428723
-0.0009720861683919819
0.0014435553235634846
0.3878379681689851
-0.004426540205120944
-0.004554514039626814
-0.0011162836467062589
-0.0015217418702841846
-0.004426540205120944
0.21621558152401749
-0.004506342401116695
-0.02032065631286743
0.13861327511428723
-0.004554514039626814
-0.004506342401116695
0.3659214293421017
-0.001953907806430271
-0.0009720861683919819
-0.0011162836467062589
-0.02032065631286743
-0.001953907806430271
0.19303379039567925
0.973443976377685
-0.008034255434962173
-0.0011273928899301854
-0.036492343347397864
-0.0024345602988663484
-0.008034255434962173
0.8821884186231562
-0.003784161810606487
-0.026221094265066427
-0.0003527847657251961
-0.0011273928899301854
-0.003784161810606487
0.9929110948813125
-0.0019460328342765407
9.283305190367588e-05
-0.036492343347397864
-0.026221094265066427
-0.0019460328342765407
0.9052219871221436
-0.0022546918924069353
-0.0024345602988663484
-0.0003527847657251961
9.283305190367588e-05
-0.0022546918924069353
0.9913358256068142
0.8356513867689287
0.03688514553986162
-0.014078748250037208
-0.2832568682109104
0.0084371477473424
0.03688514553986162
0.3339825302564646
0.00017611105325944555
0.02269884592655316
-0.013274646995647555
-0.014078748250037208
0.00017611105325944555
0.994794252409082
-0.02554448036266677
0.0013156413064208648
-0.2832568682109104
0.02269884592655316
-0.02554448036266677
0.48150497284558275
0.014284541942204203
0.0084371477473424
-0.013274646995647555
0.0013156413064208648
0.014284541942204203
0.9939843991900216
0.9767915780969713
0.0020539646800996274
-0.000883574546233917
-0.03769815851911529
-0.0023225902943935523
0.0020539646800996274
0.9075744382519864
0.00017489508929968307
0.008396531720484476
-0.0005862325636486224
-0.000883574546233917
0.00017489508929968307
0.9903055198226887
-0.002207543646066697
-6.955277152412576e-05
-0.03769815851911529
0.008396531720484476
-0.002207543646066697
0.9160158374301288
-0.003586327501371479
-0.0023225902943935523
-0.0005862325636486224
-6.955277152412576e-05
-0.003586327501371479
0.988226209477038
0.8353285096754267
0.003038836299929775
0.006849346172431705
-0.284871711373758
0.0032183388605267144
0.003038836299929775
0.30135002658495436
-0.00189925595877332
-0.020157933457321447
0.004081691723035139
0.006849346172431705
-0.00189925595877332
0.9955927945065894
0.012336309570561418
-0.0007107010102848525
-0.284871711373758
-0.020157933457321447
0.012336309570561418
0.4755642502221052
0.006333746145890442
0.0032183388605267144
0.004081691723035139
-0.0007107010102848525
0.006333746145890442
0.9943068574756666
0.9685698627780324
0.010559014368572445
-0.0024436838751537254
-0.046033301445635895
0.004634298830960257
0.010559014368572445
0.8795174729518265
0.0017442135665178204
0.02919872740400528
-0.0021302061891530348
-0.0024436838751537254
0.0017442135665178204
0.9942445842259788
-0.0026334013518206586
-0.0011449359685467284
-0.046033301445635895
0.02919872740400528
-0.0026334013518206586
0.8883296397816772
0.007410980103104398
0.004634298830960257
-0.0021302061891530348
-0.0011449359685467284
0.007410980103104398
0.9901446064548284
0.8423954049420548
-0.03943471771415249
-0.00799910390462521
-0.2714086307762297
0.00457956519041979
-0.03943471771415249
0.3396091809184614
0.008234756322862653
-0.03048802694223156
-0.009216748753429446
-0.00799910390462521
0.008234756322862653
0.9955073459177165
-0.015124434446569163
-6.740578323097987e-05
-0.2714086307762297
-0.03048802694223156
-0.015124434446569163
0.5039221377490068
0.008777506194191346
0.00457956519041979
-0.009216748753429446
-6.740578323097987e-05
0.008777506194191346
0.9940975204399297
0.5491941700276632
0.0020499379945503257
0.012656472769901199
0.06115279940869124
-0.010132005995949763
0.0020499379945503257
0.9523415495330929
-0.045743409999149866
0.002104278852587464
-0.008007201000124831
0.012656472769901199
-0.045743409999149866
0.6978377271001167
-0.0006616405719363864
-0.0061290796830247
0.06115279940869124
0.002104278852587464
-0.0006616405719363864
0.9674613509619353
-0.007076853721218099
-0.010132005995949763
-0.008007201000124831
-0.0061290796830247
-0.007076853721218099
0.4946586636685237
0.3498753948591388
-0.005943040355022239
-0.00308193074207912
-0.034386547219794734
-0.004046298291021548
-0.005943040355022239
0.10583240866345851
0.006593094332330382
-0.0006178044444084482
0.002698648399979264
-0.00308193074207912
0.006593094332330382
0.12411912485036006
0.00014139639194745015
0.0008645991308149524
-0.034386547219794734
-0.0006178044444084482
0.00014139639194745015
0.07823108725029194
0.00422817948609199
-0.004046298291021548
0.002698648399979264
0.0008645991308149524
0.00422817948609199
0.32914863013561513
0.9871615158078807
0.0005745987099803723
0.0007090951338755247
0.002843392358560316
0.0011922769145772353
0.0005745987099803723
0.994601361299286
0.00036953193314504185
-0.0005493525445917343
0.0010765048310550952
0.0007090951338755247
0.00036953193314504185
0.9961380373957428
0.0001752355225693735
-0.00140301059679094
0.002843392358560316
-0.0005493525445917343
0.0001752355225693735
0.9940072008849856
0.0006358034851216788
0.0011922769145772353
0.0010765048310550952
-0.00140301059679094
0.0006358034851216788
0.9693699935184843
0.12722181820393594
-0.009223786675861585
-0.0009979451235752966
0.06648334060235536
-0.004902094704193632
-0.009223786675861585
0.993672102164368
1.3639814999960236e-05
0.0005674003203487428
0.0022844983493629924
-0.0009979451235752966
1.3639814999960236e-05
0.9965659934287372
0.00028706820479489607
-0.006690269029596957
0.06648334060235536
0.0005674003203487428
0.00028706820479489607
0.9873427255539707
0.010976804789650288
-0.004902094704193632
0.0022844983493629924
-0.006690269029596957
0.010976804789650288
0.24479061967258878
0.534339408796461
-0.0023715227897066616
0.008139732059972224
0.0574555998717354
0.013477687666429282
-0.0023715227897066616
0.8342742233938898
0.07962261268781422
0.004941999165002334
0.008419761552359479
0.008139732059972224
0.07962261268781422
0.8123842473043861
-0.00558432049322701
-0.022824628934321935
0.0574555998717354
0.004941999165002334
-0.00558432049322701
0.9605394316186339
0.022811741146082427
0.013477687666429282
0.008419761552359479
-0.022824628934321935
0.022811741146082427
0.5163690427205626
0.28923755519707217
0.003308323706637786
0.0004587874359707601
-0.03510556594565142
0.0017979736272359628
0.003308323706637786
0.15553899822319184
-0.006599492869893918
9.265604647080141e-05
-0.0035776560943621494
0.0004587874359707601
-0.006599492869893918
0.149716956968344
-0.0010572891553481427
0.005905069592302139
-0.03510556594565142
9.265604647080141e-05
-0.0010572891553481427
0.08910780347208312
-0.012460614640507545
0.0017979736272359628
-0.0035776560943621494
0.005905069592302139
-0.012460614640507545
0.3460153245320863
0.5762659869806117
0.005528851762733652
-0.002209614812390056
0.01683801754979802
0.00010422591262260391
0.005528851762733652
0.6104392883541758
0.002555686082778096
0.016701282453778693
-0.009101662376756317
-0.002209614812390056
0.002555686082778096
0.5588944186028934
-0.003965524449379361
-0.007272330957518357
0.01683801754979802
0.016701282453778693
-0.003965524449379361
0.930289712465797
0.003922662601594312
0.00010422591262260391
-0.009101662376756317
-0.007272330957518357
0.003922662601594312
0.5694531483172989
0.4457375215339288
-0.0019122616687005916
-0.005430676962011934
-0.01839706550038076
-0.00503386936505662
-0.0019122616687005916
0.3142969285891076
0.008292835872355303
-0.00183918742068232
-0.00980615386879586
-0.005430676962011934
0.008292835872355303
0.3392141111689444
0.004414404660788451
-0.004401727722025291
-0.01839706550038076
-0.00183918742068232
0.004414404660788451
0.15941078493233293
-0.0028231459750669846
-0.00503386936505662
-0.00980615386879586
-0.004401727722025291
-0.0028231459750669846
0.4752110843216743
0.9458550179643277
0.011848559123896383
0.006355189746627784
-0.0939995093105627
-0.004406361943401932
0.011848559123896383
0.727175118385666
0.00017431994034973047
0.0008228839350434733
0.0013797594230034681
0.006355189746627784
0.00017431994034973047
0.9752043568721726
0.009324044773227489
-0.00423817487001603
-0.0939995093105627
0.0008228839350434733
0.009324044773227489
0.7639133647516622
-0.01129531988918197
-0.004406361943401932
0.0013797594230034681
-0.00423817487001603
-0.01129531988918197
0.9620729581291361
0.16319360786861464
-0.007815807398655556
-0.0010716599229386769
0.09277604620573968
0.002406919431154923
-0.007815807398655556
0.4344556415118019
0.00037789670576973987
0.011701826828791204
-0.0004832308800167486
-0.0010716599229386769
0.00037789670576973987
0.14595420887339577
-0.0063004130830979594
0.005366159578307253
0.09277604620573968
0.011701826828791204
-0.0063004130830979594
0.3623918152410201
0.005014825670743007
0.002406919431154923
-0.0004832308800167486
0.005366159578307253
0.005014825670743007
0.16619119209213398
0.6932523096197887
0.003626671802666975
0.056375854862590606
-0.056003685658949004
-0.001130430359410657
0.003626671802666975
0.572568073606619
0.007674657901152549
-0.0012076659097247752
-0.009547496793777253
0.056375854862590606
0.007674657901152549
0.7628498597227757
-0.026062544853822096
-0.030076778116035745
-0.056003685658949004
-0.0012076659097247752
-0.026062544853822096
0.6070221045203006
0.001295261008703512
-0.001130430359410657
-0.009547496793777253
-0.030076778116035745
0.001295261008703512
0.6919472494240185
0.2565598608160997
-0.0019315697509414815
-0.004605851931646787
0.061192848793325594
-0.0013623270252512115
-0.0019315697509414815
0.4688207323912976
-0.006610131722219851
0.006481195608256276
0.006684953776420633
-0.004605851931646787
-0.006610131722219851
0.19868128680023564
0.008853762041214533
0.006792445078784685
0.061192848793325594
0.006481195608256276
0.008853762041214533
0.43073626008976307
-0.010273512838174842
-0.0013623270252512115
0.006684953776420633
0.006792445078784685
-0.010273512838174842
0.23152305674648796
0.9810740676159582
-0.0031878348734692237
0.002516575088195416
-0.028909890928159532
0.0013716399311047393
-0.0031878348734692237
0.8010028632241659
-0.00020717635671275083
0.015491007926409565
-0.0005498475151333155
0.002516575088195416
-0.00020717635671275083
0.9863245865569086
0.004972980174440626
0.005648435540167644
-0.028909890928159532
0.015491007926409565
0.004972980174440626
0.9183679357610773
0.004767970671606565
0.0013716399311047393
-0.0005498475151333155
0.005648435540167644
0.004767970671606565
0.9792854264475006
0.8416817767653313
-0.022849500171758293
0.00914929795698361
-0.2909280894431373
0.008320468298349634
-0.022849500171758293
0.4665028458332146
0.0036384663904534312
-0.01651235470832876
0.003172098769044133
0.00914929795698361
0.0036384663904534312
0.9956537712501058
0.017100012945504953
-0.0007192887138251293
-0.2909280894431373
-0.01651235470832876
0.017100012945504953
0.4438170416130098
0.015383859852383702
0.008320468298349634
0.003172098769044133
-0.0007192887138251293
0.015383859852383702
0.9956710854031048
0.9520117808965519
-0.008852714568060752
-0.003447754237692431
-0.0889550713140233
-0.0050334056348969956
-0.008852714568060752
0.7310473169102822
-0.002258554342812844
0.003980124273509606
0.0007974049409286497
-0.003447754237692431
-0.002258554342812844
0.9898767720694563
-0.006674428839250444
-0.0012272063619757818
-0.0889550713140233
0.003980124273509606
-0.006674428839250444
0.8099618243635982
-0.0094225231341355
-0.0050334056348969956
0.0007974049409286497
-0.0012272063619757818
-0.0094225231341355
0.986605457310229
0.14451613638371097
0.0066127327969768
0.0014068977779189494
0.10022135419630318
0.0032408520421187753
0.0066127327969768
0.3615876312749681
0.000741484250003014
-0.006156662424243212
-0.0007646545101381902
0.0014068977779189494
0.000741484250003014
0.13315704089393807
0.00844329947352584
0.0033526830596623514
0.10022135419630318
-0.006156662424243212
0.00844329947352584
0.3270012418477602
0.005993320832308622
0.0032408520421187753
-0.0007646545101381902
0.0033526830596623514
0.005993320832308622
0.13204305072330702
0.0
0.0
0.0
0.0
0.0
0.0
0.0
0.0
0.0
0.0
0.0
0.0
0.0
0.0
0.0
0.0
0.0
0.0
0.0
0.0
0.0
0.0
0.0
0.0
0.0
0.0
0.0
0.0
0.0
0.0
0.0
0.0
0.0
0.0
0.0
0.0
0.0
0.0
0.0
0.0
0.0
0.0
0.0
0.0
0.0
0.0
0.0
0.0
0.0
0.0
0.0
0.0
0.0
0.0
0.0
0.0
0.0
0.0
0.0
0.0
0.0
0.0
0.0
0.0
0.0
0.0
0.0
0.0
0.0
0.0
0.0
0.0
0.0
0.0
0.0
0.0
0.0
0.0
0.0
0.0
0.0
0.0
0.0
0.0
0.0
0.0
0.0
0.0
0.0
0.0
0.0
0.0
0.0
0.0
0.0
0.0
0.0
0.0
0.0
0.0
0.0
0.0
0.0
0.0
0.0
0.0
0.0
0.0
0.0
0.0
0.0
0.0
0.0
0.0
0.0
0.0
0.0
0.0
0.0
0.0
0.0
0.0
0.0
0.0
0.0
0.0
0.0
0.0
0.0
0.0
0.0
0.0
0.0
0.0
0.0
0.0
0.0
0.0
0.0
0.0
0.0
0.0
0.0
0.0
0.0
0.0
0.0
0.0
0.0
0.0
0.0
0.0
0.0
0.0
0.0
0.0
0.0
0.0
0.0
0.0
0.0
0.0
0.0
0.0
0.0
0.0
0.0
0.0
0.0
0.0
0.0
0.0
0.0
0.0
0.0
0.0
0.0
0.0
0.0
0.0
0.0
0.0
0.0
0.0
0.0
0.0
0.0
0.0
0.0
0.0
0.0
0.0
0.0
0.0
0.0
0.0
0.0
0.0
0.0
0.0
0.0
0.0
0.0
0.0
0.0
0.0
0.0
0.0
0.0
0.0
0.0
0.0
0.0
0.0
0.0
0.0
0.0
0.0
0.0
0.0
0.0
0.0
0.0
0.0
0.0
0.0
0.0
0.0
0.0
0.0
0.0
0.0
0.0
0.0
0.0
0.0
0.0
0.0
0.0
0.0
0.0
0.0
0.0
0.0
0.0
0.0
0.0
0.0
0.0
0.0
0.0
0.0
0.0
0.0
0.0
0.0
0.0
0.0
0.0
0.0
0.0
0.0
0.0
0.0
0.0
0.0
0.0
0.0
0.0
0.0
0.0
0.0
0.0
0.0
0.0
0.0
0.0
0.0
0.0
0.0
0.0
0.0
0.0
0.0
0.0
0.0
0.0
0.0
0.0
0.0
0.0
0.0
0.0
0.0
0.0
0.0
0.0
0.0
0.0
0.0
0.0
0.0
0.0
0.0
0.0
0.0
0.0
0.0
0.0
0.0
0.0
0.0
0.0
0.0
0.0
0.0
0.0
0.0
0.0
0.0
0.0
0.0
0.0
0.0
0.0
0.0
0.0
0.0
0.0
0.0
0.0
0.0
0.0
0.0
0.0
0.0
0.0
0.0
0.0
0.0
0.0
0.0
0.0
0.0
0.0
0.0
0.0
0.0
0.0
0.0
0.0
0.0
0.0
0.0
0.0
0.0
0.0
0.0
0.0
0.0
0.0
0.0
0.0
0.0
0.0
0.0
0.0
0.0
0.0
0.0
0.0
0.0
0.0
0.0
0.0
0.0
0.0
0.0
0.0
0.0
0.0
0.0
0.0
0.0
0.0
0.0
0.0
0.0
0.0
0.0
0.0
0.0
0.0
0.0
0.0
0.0
0.0
0.0
0.0
0.0
0.0
0.0
0.0
0.0
0.0
0.0
0.0
0.0
0.0
0.0
0.0
0.0
0.0
0.0
0.0
0.0
0.0
0.0
0.0
0.0
0.0
0.0
0.0
0.0
0.0
0.0
0.0
0.0
0.0
0.0
0.0
0.0
0.0
0.0
0.0
0.0
0.0
0.0
0.0
0.0
0.0
0.0
0.0
0.0
0.0
0.0
0.0
0.0
0.0
0.0
0.0
0.0
0.0
0.0
0.0
0.0
0.0
0.0
0.0
0.0
0.0
0.0
0.0
0.0
0.0
0.0
0.0
0.0
0.0
0.0
0.0
0.0
0.0
0.0
0.0
0.0
0.0
0.0
0.0
0.0
0.0
0.0
0.0
0.0
0.0
0.0
0.0
0.0
0.0
0.0
0.0
0.0
0.0
0.0
0.0
0.0
0.0
0.0
0.0
0.0
0.0
0.0
0.0
0.0
0.0
0.0
0.0
0.0
0.0
0.0
0.0
0.0
0.0
0.0
0.0
0.0
0.0
0.0
0.0
0.0
0.0
0.0
0.0
0.0
0.0
0.0
0.0
0.0
0.0
0.0
0.0
0.0
0.0
0.0
0.0
0.0
0.0
0.0
0.0
0.0
0.0
0.0
0.0
0.0
0.0
0.0
0.0
0.0
0.0
0.0
0.0
0.0
0.0
0.0
0.0
0.0
0.0
0.0
0.0
0.0
0.0
0.0
0.0
0.0
0.0
0.0
0.0
0.0
0.0
0.0
0.0
0.0
0.0
0.0
0.0
0.0
0.0
0.0
0.0
0.0
0.0
0.0
0.0
0.0
0.0
0.0
0.0
0.0
0.0
0.0
0.0
0.0
0.0
0.0
0.0
0.0
0.0
0.0
0.0
0.0
0.0
0.0
0.0
0.0
0.0
0.0
0.0
0.0
0.0
0.0
0.0
0.0
0.0
0.0
0.0
0.0
0.0
0.0
0.0
0.0
0.0
0.0
0.0
0.0
0.0
0.0
0.0
0.0
0.0
0.0
0.0
0.0
0.0
0.0
0.0
0.0
0.0
0.0
0.0
0.0
0.0
0.0
0.0
0.0
0.0
0.0
0.0
0.0
0.0
0.0
0.0
0.0
0.0
0.0
0.0
0.0
0.0
0.0
0.0
0.0
0.0
0.0
0.0
0.0
0.0
0.0
0.0
0.0
0.0
0.0
0.0
0.0
0.0
0.0
0.0
0.0
0.0
0.0
0.0
0.0
0.0
0.0
0.0
0.0
0.0
0.0
0.0
0.0
0.0
0.0
0.0
0.0
0.0
0.0
0.0
0.0
0.0
0.0
0.0
0.0
0.0
0.0
0.0
0.0
0.0
0.0
0.0
0.0
0.0
0.0
0.0
0.0
0.0
0.0
0.0
0.0
0.0
0.0
0.0
0.0
0.0
0.0
0.0
0.0
0.0
0.0
0.0
0.0
0.0
0.0
0.0
0.0
0.0
0.0
0.0
0.0
0.0
0.0
0.0
0.0
0.0
0.0
0.0
0.0
0.0
0.0
0.0
0.0
0.0
0.0
0.0
0.0
0.0
0.0
0.0
0.0
0.0
0.0
0.0
0.0
0.0
0.0
0.0
0.0
0.0
0.0
0.0
0.0
0.0
0.0
0.0
0.0
0.0
0.0
0.0
0.0
0.0
0.0
0.0
0.0
0.0
0.0
0.0
0.0
0.0
0.0
0.0
0.0
0.0
0.0
0.0
0.0
0.0
0.0
0.0
0.0
0.0
0.0
0.0
0.0
0.0
0.0
0.0
0.0
0.0
0.0
0.0
0.0
0.0
0.0
0.0
0.0
0.0
0.0
0.0
0.0
0.0
0.0
0.0
0.0
0.0
0.0
0.0
0.0
0.0
0.0
0.0
0.0
0.0
0.0
0.0
0.0
0.0
0.0
0.0
0.0
0.0
0.0
0.0
0.0
0.0
0.0
0.0
0.0
0.0
0.0
0.0
0.0
0.0
0.0
0.0
0.0
0.0
0.0
0.0
0.0
0.0
0.0
0.0
0.0
0.0
0.0
0.0
0.0
0.0
0.0
0.0
0.0
0.0
0.0
0.0
0.0
0.0
0.0
0.0
0.0
0.0
0.0
0.0
0.0
0.0
0.0
0.0
0.0
0.0
0.0
0.0
0.0
0.0
0.0
0.0
0.0
0.0
0.0
0.0
0.0
0.0
0.0
0.0
0.0
0.0
0.0
0.0
0.0
0.0
0.0
0.0
0.0
0.0
0.0
0.0
0.0
0.0
0.0
0.0
0.0
0.0
0.0
0.0
0.0
0.0
0.0
0.0
0.0
0.0
0.0
0.0
0.0
0.0
0.0
0.0
0.0
0.0
0.0
0.0
0.0
0.0
0.0
0.0
0.0
0.0
0.0
0.0
0.0
0.0
0.0
0.0
0.0
0.0
0.0
0.0
0.0
0.0
0.0
0.0
0.0
0.0
0.0
0.0
0.0
0.0
0.0
0.0
0.0
0.0
0.0
0.0
0.0
0.0
0.0
0.0
0.0
0.0
0.0
0.0
0.0
0.0
0.0
0.0
0.0
0.0
0.0
0.0
0.0
0.0
0.0
0.0
0.0
0.0
0.0
0.0
0.0
0.0
0.0
0.0
0.0
0.0
0.0
0.0
0.0
0.0
0.0
0.0
0.0
0.0
0.0
0.0
0.0
0.0
0.0
0.0
0.0
0.0
0.0
0.0
0.0
0.0
0.0
0.0
0.0
0.0
0.0
0.0
0.0
0.0
0.0
0.0
0.0
0.0
0.0
0.0
0.0
0.0
0.0
0.0
0.0
0.0
0.0
0.0
0.0
0.0
0.0
0.0
0.0
0.0
0.0
0.0
0.0
0.0
0.0
0.0
0.0
0.0
0.0
0.0
0.0
0.0
0.0
0.0
0.0
0.0
0.0
0.0
0.0
0.0
0.0
0.0
0.0
0.0
0.0
0.0
0.0
0.0
0.0
0.0
0.0
0.0
0.0
0.0
0.0
0.0
0.0
0.0
0.0
0.0
0.0
0.0
0.0
0.0
0.0
0.0
0.0
0.0
0.0
0.0
0.0
0.0
0.0
0.0
0.0
0.0
0.0
0.0
0.0
0.0
0.0
0.0
0.0
0.0
0.0
0.0
0.0
0.0
0.0
0.0
0.0
0.0
0.0
0.0
0.0
0.0
0.0
0.0
0.0
0.0
0.0
0.0
0.0
0.0
0.0
0.0
0.0
0.0
0.0
0.0
0.0
0.0
0.0
0.0
0.0
0.0
0.0
0.0
0.0
0.0
0.0
0.0
0.0
0.0
0.0
0.0
0.0
0.0
0.0
0.0
0.0
0.0
0.0
0.0
0.0
0.0
0.0
0.0
0.0
0.0
0.0
0.0
0.0
0.0
0.0
0.0
0.0
0.0
0.0
0.0
0.0
0.0
0.0
0.0
0.0
0.0
0.0
0.0
0.0
0.0
0.0
0.0
0.0
0.0
0.0
0.0
0.0
0.0
0.0
0.0
0.0
0.0
0.0
0.0
0.0
0.0
0.0
0.0
0.0
0.0
0.0
0.0
0.0
0.0
0.0
0.0
0.0
0.0
0.0
0.0
0.0
0.0
0.0
0.0
0.0
0.0
0.0
0.0
0.0
0.0
0.0
0.0
0.0
0.0
0.0
0.0
0.0
0.0
0.0
0.0
0.0
0.0
0.0
0.0
0.0
0.0
0.0
0.0
0.0
0.0
0.0
0.0
0.0
0.0
0.0
0.0
0.0
0.0
0.0
0.0
0.0
0.0
0.0
0.0
0.0
0.0
0.0
0.0
0.0
0.0
0.0
0.0
0.0
0.0
0.0
0.0
0.0
0.0
0.0
0.0
0.0
0.0
0.0
0.0
0.0
0.0
0.0
0.0
0.0
0.0
0.0
0.0
0.0
0.0
0.0
0.0
0.0
0.0
0.0
0.0
0.0
0.0
0.0
0.0
0.0
0.0
0.0
0.0
0.0
0.0
0.0
0.0
0.0
0.0
0.0
0.0
0.0
0.0
0.0
0.0
0.0
0.0
0.0
0.0
0.0
0.0
0.0
0.0
0.0
0.0
0.0
0.0
0.0
0.0
0.0
0.0
0.0
0.0
0.0
0.0
0.0
0.0
0.0
0.0
0.0
0.0
0.0
0.0
0.0
0.0
0.0
0.0
0.0
0.0
0.0
0.0
0.0
0.0
0.0
0.0
0.0
0.0
0.0
0.0
0.0
0.0
0.0
0.0
0.0
0.0
0.0
0.0
0.0
0.0
0.0
0.0
0.0
0.0
0.0
0.0
0.0
0.0
0.0
0.0
0.0
0.0
0.0
0.0
0.0
0.0
0.0
0.0
0.0
0.0
0.0
0.0
0.0
0.0
0.0
0.0
0.0
0.0
0.0
0.0
0.0
0.0
0.0
0.0
0.0
0.0
0.0
0.0
0.0
0.0
0.0
0.0
0.0
0.0
0.0
0.0
0.0
0.0
0.0
0.0
0.0
0.0
0.0
0.0
0.0
0.0
0.0
0.0
0.0
0.0
0.0
0.0
0.0
0.0
0.0
0.0
0.0
0.0
0.0
0.0
0.0
0.0
0.0
0.0
0.0
0.0
0.0
0.0
0.0
0.0
0.0
0.0
0.0
0.0
0.0
0.0
0.0
0.0
0.0
0.0
0.0
0.0
0.0
0.0
0.0
0.0
0.0
0.0
0.0
0.0
0.0
0.0
0.0
0.0
0.0
0.0
0.0
0.0
0.0
0.0
0.0
0.0
0.0
0.0
0.0
0.0
0.0
0.0
0.0
0.0
0.0
0.0
0.0
0.0
0.0
0.0
0.0
0.0
0.0
0.0
0.0
0.0
0.0
0.0
0.0
0.0
0.0
0.0
0.0
0.0
0.0
0.0
0.0
0.0
0.0
0.0
0.0
0.0
0.0
0.0
0.0
0.0
0.0
0.0
0.0
0.0
0.0
0.0
0.0
0.0
0.0
0.0
0.0
0.0
0.0
0.0
0.0
0.0
0.0
0.0
0.0
0.0
0.0
0.0
0.0
0.0
0.0
0.0
0.0
0.0
0.0
0.0
0.0
0.0
0.0
0.0
0.0
0.0
0.0
0.0
0.0
0.0
0.0
0.0
0.0
0.0
0.0
0.0
0.0
0.0
0.0
0.0
0.0
0.0
0.0
0.0
0.0
0.0
0.0
0.0
0.0
0.0
0.0
0.0
0.0
0.0
0.0
0.0
0.0
0.0
0.0
0.0
0.0
0.0
0.0
0.0
0.0
0.0
0.0
0.0
0.0
0.0
0.0
0.0
0.0
0.0
0.0
0.0
0.0
0.0
0.0
0.0
0.0
0.0
0.0
0.0
0.0
0.0
0.0
0.0
0.0
0.0
0.0
0.0
0.0
0.0
0.0
0.0
0.0
0.0
0.0
0.0
0.0
0.0
0.0
0.0
0.0
0.0
0.0
0.0
0.0
0.0
0.0
0.0
0.0
0.0
0.0
0.0
0.0
0.0
0.0
0.0
0.0
0.0
0.0
0.0
0.0
0.0
0.0
0.0
0.0
0.0
0.0
0.0
0.0
0.0
0.0
0.0
0.0
0.0
0.0
0.0
0.0
0.0
0.0
0.0
0.0
0.0
0.0
0.0
0.0
0.0
0.0
0.0
0.0
0.0
0.0
0.0
0.0
0.0
0.0
0.0
0.0
0.0
0.0
0.0
0.0
0.0
0.0
0.0
0.0
0.0
0.0
0.0
0.0
0.0
0.0
0.0
0.0
0.0
0.0
0.0
0.0
0.0
0.0
0.0
0.0
0.0
0.0
0.0
0.0
0.0
0.0
0.0
0.0
0.0
0.0
0.0
0.0
0.0
0.0
0.0
0.0
0.0
0.0
0.0
0.0
0.0
0.0
0.0
0.0
0.0
0.0
0.0
0.0
0.0
0.0
0.0
0.0
0.0
0.0
0.0
0.0
0.0
0.0
0.0
0.0
0.0
0.0
0.0
0.0
0.0
0.0
0.0
0.0
0.0
0.0
0.0
0.0
0.0
0.0
0.0
0.0
0.0
0.0
0.0
0.0
0.0
0.0
0.0
0.0
0.0
0.0
0.0
0.0
0.0
0.0
0.0
0.0
0.0
0.0
0.0
0.0
0.0
0.0
0.0
0.0
0.0
0.0
0.0
0.0
0.0
0.0
0.0
0.0
0.0
0.0
0.0
0.0
0.0
0.0
0.0
0.0
0.0
0.0
0.0
0.0
0.0
0.0
0.0
0.0
0.0
0.0
0.0
0.0
0.0
0.0
0.0
0.0
0.0
0.0
0.0
0.0
0.0
0.0
0.0
0.0
0.0
0.0
0.0
0.0
0.0
0.0
0.0
0.0
0.0
0.0
0.0
0.0
0.0
0.0
0.0
0.0
0.0
0.0
0.0
0.0
0.0
0.0
0.0
0.0
0.0
0.0
0.0
0.0
0.0
0.0
0.0
0.0
0.0
0.0
0.0
0.0
0.0
0.0
0.0
0.0
0.0
0.0
0.0
0.0
0.0
0.0
0.0
0.0
0.0
0.0
0.0
0.0
0.0
0.0
0.0
0.0
0.0
0.0
0.0
0.0
0.0
0.0
0.0
0.0
0.0
0.0
0.0
0.0
0.0
0.0
0.0
0.0
0.0
0.0
0.0
0.0
0.0
0.0
0.0
0.0
0.0
0.0
0.0
0.0
0.0
0.0
0.0
0.0
0.0
0.0
0.0
0.0
0.0
0.0
0.0
0.0
0.0
0.0
0.0
0.0
0.0
0.0
0.0
0.0
0.0
0.0
0.0
0.0
0.0
0.0
0.0
0.0
0.0
0.0
0.0
0.0
0.0
0.0
0.0
0.0
0.0
0.0
0.0
0.0
0.0
0.0
0.0
0.0
0.0
0.0
0.0
0.0
0.0
0.0
0.0
0.0
0.0
0.0
0.0
0.0
0.0
0.0
0.0
0.0
0.0
0.0
0.0
0.0
0.0
0.0
0.0
0.0
0.0
0.0
0.0
0.0
0.0
0.0
0.0
0.0
0.0
0.0
0.0
0.0
0.0
0.0
0.0
0.0
0.0
0.0
0.0
0.0
0.0
0.0
0.0
0.0
0.0
0.0
0.0
0.0
0.0
0.0
0.0
0.0
0.0
0.0
0.0
0.0
0.0
0.0
0.0
0.0
0.0
0.0
0.0
0.0
0.0
0.0
0.0
0.0
0.0
0.0
0.0
0.0
0.0
0.0
0.0
0.0
0.0
0.0
0.0
0.0
0.0
0.0
0.0
0.0
0.0
0.0
0.0
0.0
0.0
0.0
0.0
0.0
0.0
0.0
0.0
0.0
0.0
0.0
0.0
0.0
0.0
0.0
0.0
0.0
0.0
0.0
0.0
0.0
0.0
0.0
0.0
0.0
0.0
0.0
0.0
0.0
0.0
0.0
0.0
0.0
0.0
0.0
0.0
0.0
0.0
0.0
0.0
0.0
0.0
0.0
0.0
0.0
0.0
0.0
0.0
0.0
0.0
0.0
0.0
0.0
0.0
0.0
0.0
0.0
0.0
0.0
0.0
0.0
0.0
0.0
0.0
0.0
0.0
0.0
0.0
0.0
0.0
0.0
0.0
0.0
0.0
0.0
0.0
0.0
0.0
0.0
0.0
0.0
0.0
0.0
0.0
0.0
0.0
0.0
0.0
0.0
0.0
0.0
0.0
0.0
0.0
0.0
0.0
0.0
0.0
0.0
0.0
0.0
0.0
0.0
0.0
0.0
0.0
0.0
0.0
0.0
0.0
0.0
0.0
0.0
0.0
0.0
0.0
0.0
0.0
0.0
0.0
0.0
0.0
0.0
0.0
0.0
0.0
0.0
0.0
0.0
0.0
0.0
0.0
0.0
0.0
0.0
0.0
0.0
0.0
0.0
0.0
0.0
0.0
0.0
0.0
0.0
0.0
0.0
0.0
0.0
0.0
0.0
0.0
0.0
0.0
0.0
0.0
0.0
0.0
0.0
0.0
0.0
0.0
0.0
0.0
0.0
0.0
0.0
0.0
0.0
0.0
0.0
0.0
0.0
0.0
0.0
0.0
0.0
0.0
0.0
0.0
0.0
0.0
0.0
0.0
0.0
0.0
0.0
0.0
0.0
0.0
0.0
0.0
0.0
0.0
0.0
0.0
0.0
0.0
0.0
0.0
0.0
0.0
0.0
0.0
0.0
0.0
0.0
0.0
0.0
0.0
0.0
0.0
0.0
0.0
0.0
0.0
0.0
0.0
0.0
0.0
0.0
0.0
0.0
0.0
0.0
0.0
0.0
0.0
0.0
0.0
0.0
0.0
0.0
0.0
0.0
0.0
0.0
0.0
0.0
0.0
0.0
0.0
0.0
0.0
0.0
0.0
0.0
0.0
0.0
0.0
0.0
0.0
0.0
0.0
0.0
0.0
0.0
0.0
0.0
0.0
0.0
0.0
0.0
0.0
0.0
0.0
0.0
0.0
0.0
0.0
0.0
0.0
0.0
0.0
0.0
0.0
0.0
0.0
0.0
0.0
0.0
0.0
0.0
0.0
0.0
0.0
0.0
0.0
0.0
0.0
0.0
0.0
0.0
0.0
0.0
0.0
0.0
0.0
0.0
0.0
0.0
0.0
0.0
0.0
0.0
0.0
0.0
0.0
0.0
0.0
0.0
0.0
0.0
0.0
0.0
0.0
0.0
0.0
0.0
0.0
0.0
0.0
0.0
0.0
0.0
0.0
0.0
0.0
0.0
0.0
0.0
0.0
0.0
0.0
0.0
0.0
0.0
0.0
0.0
0.0
0.0
0.0
0.0
0.0
0.0
0.0
0.0
0.0
0.0
0.0
0.0
0.0
0.0
0.0
0.0
0.0
0.0
0.0
0.0
0.0
0.0
0.0
0.0
0.0
0.0
0.0
0.0
0.0
0.0
0.0
0.0
0.0
0.0
0.0
0.0
0.0
0.0
0.0
0.0
0.0
0.0
0.0
0.0
0.0
0.0
0.0
0.0
0.0
0.0
0.0
0.0
0.0
0.0
0.0
0.0
0.0
0.0
0.0
0.0
0.0
0.0
0.0
0.0
0.0
0.0
0.0
0.0
0.0
0.0
0.0
0.0
0.0
0.0
0.0
0.0
0.0
0.0
0.0
0.0
0.0
0.0
0.0
0.0
0.0
0.0
0.0
0.0
0.0
0.0
0.0
0.0
0.0
0.0
0.0
0.0
0.0
0.0
0.0
0.0
0.0
0.0
0.0
0.0
0.0
0.0
