&CONTROL
  calculation = 'relax'
  prefix = 'lt__Cu26Ni9Cr31Co33__s1_site0__O_recon__atomic'
  outdir = './tmp'
  pseudo_dir = '/usr/share/espresso/pseudo'
  tprnfor = .true.
  forc_conv_thr = 2.0d-3
  nstep = 200
  max_seconds = 165000
/
&SYSTEM
  ibrav = 0
  nat = 73
  ntyp = 5
  ecutwfc = 80.0
  ecutrho = 640.0
  occupations = 'smearing'
  smearing = 'mv'
  degauss = 0.01
  nosym = .true.
  noinv = .true.
  nspin = 2
  starting_magnetization(1) = 0.4
  starting_magnetization(2) = 0.6
  starting_magnetization(3) = 0.2
  starting_magnetization(4) = 0.3
  starting_magnetization(5) = 0.0
/
&ELECTRONS
  conv_thr = 1.0d-6
  mixing_mode = 'local-TF'
  mixing_beta = 0.3
  electron_maxstep = 300
/
&IONS
  ion_dynamics = 'bfgs'
/
ATOMIC_SPECIES
  Co  58.933  Co_pbe_v1.2.uspp.F.UPF
  Cr  51.996  cr_pbe_v1.5.uspp.F.UPF
  Cu  63.546  Cu.paw.z_11.ld1.psl.v1.0.0-low.upf
  Ni  58.693  ni_pbe_v1.4.uspp.F.UPF
  O  15.999  O.pbe-n-kjpaw_psl.0.1.UPF
CELL_PARAMETERS angstrom
  5.937647166200523  0.0  3.6357602982769114e-16
  2.0233485575117938e-15  12.582053725309144  7.704285910699937e-16
  0.0  0.0  25.164107450618296
ATOMIC_POSITIONS angstrom
  Cu  2.5291856968897417e-16  1.5727567156636428  9.43654029398186  0 0 0
  Co  1.2645928484448713e-15  7.863783578318215  9.43654029398186  0 0 0
  Ni  2.9688235831002623  1.5727567156636428  9.43654029398186  0 0 0
  Co  2.9688235831002627  7.863783578318215  9.43654029398186  0 0 0
  Co  1.4844117915501316  4.718270146990929  9.43654029398186  0 0 0
  Co  1.4844117915501327  11.0092970096455  9.43654029398186  0 0 0
  Co  4.453235374650393  4.718270146990929  9.43654029398186  0 0 0
  Cr  4.453235374650394  11.0092970096455  9.436540293981862  0 0 0
  Co  -0.006428441005165592  4.780481831360984  12.66638828519913  1 1 1
  Cr  0.029037284300208605  11.052711313683844  12.732012194492722  1 1 1
  Cu  2.9730916767292226  4.734300842344948  12.590494572223665  1 1 1
  Cr  2.9892633451470996  11.00784203713894  12.624953787960784  1 1 1
  Cr  1.3401132809157004  1.6415662363841328  12.555561154601923  1 1 1
  Cu  1.4591393150432925  7.850574308076392  12.56927590268494  1 1 1
  Cu  4.471657860248744  1.6277342879608248  12.562356360185804  1 1 1
  Cu  4.49262257334445  7.853072423755747  12.571120388816308  1 1 1
  Cr  0.015172830997878506  1.6060719343021697  16.28097720048389  1 1 1
  Cu  0.020697829939694438  7.878008638700506  15.945125734480682  1 1 1
  Cr  2.9999824370130357  1.5877897798682745  15.532001977181515  1 1 1
  Cr  3.011136002850744  7.873599491482602  15.65996487809135  1 1 1
  Co  1.5185101425621543  4.781468777961147  15.850187553097113  1 1 1
  Cr  1.590169449652098  11.009672499461566  16.012995796640432  1 1 1
  Ni  4.436745657239736  4.758777611681504  15.720390240465589  1 1 1
  Co  4.460188622312817  11.002115685482442  15.932195765759536  1 1 1
  O  7.587557090669226e-16  4.718270146990929  10.663290532199504  0 0 0
  O  1.7704299878228195e-15  11.0092970096455  10.663290532199504  0 0 0
  O  2.9688235831002623  4.718270146990929  10.663290532199504  0 0 0
  O  2.968823583100263  11.0092970096455  10.663290532199504  0 0 0
  O  7.587557090669229e-16  4.718270146990931  8.209790055764218  0 0 0
  O  1.7704299878228197e-15  11.009297009645502  8.209790055764218  0 0 0
  O  2.9688235831002623  4.718270146990931  8.209790055764218  0 0 0
  O  2.968823583100263  11.009297009645502  8.209790055764218  0 0 0
  O  1.484411791550131  0.3460064774460025  9.43654029398186  0 0 0
  O  1.484411791550132  6.637033340100575  9.43654029398186  0 0 0
  O  4.453235374650392  0.3460064774460025  9.43654029398186  0 0 0
  O  4.453235374650393  6.637033340100575  9.43654029398186  0 0 0
  O  1.4844117915501314  2.7995069538812856  9.43654029398186  0 0 0
  O  1.4844117915501325  9.090533816535856  9.43654029398186  0 0 0
  O  4.453235374650393  2.7995069538812856  9.43654029398186  0 0 0
  O  4.453235374650394  9.090533816535856  9.43654029398186  0 0 0
  O  0.11114558985418084  1.5594557996114535  13.83798656394996  1 1 1
  O  0.017482269505991944  7.8796578821418235  13.83609432256945  1 1 1
  O  2.959534186265536  1.5636161627562488  13.83724830820573  1 1 1
  O  2.992486703234941  7.884550718125865  13.979028888546049  1 1 1
  O  2.529185696889745e-16  1.5727567156636444  11.355303487091508  0 0 0
  O  1.2645928484448713e-15  7.863783578318215  11.355303487091508  0 0 0
  O  2.9688235831002623  1.5727567156636444  11.355303487091508  0 0 0
  O  2.9688235831002627  7.863783578318215  11.355303487091508  0 0 0
  O  1.4559155355093631  3.438954796600386  12.564130834435593  1 1 1
  O  1.4904966088478515  9.826813603520346  12.58493074125791  1 1 1
  O  4.51669215176495  3.5466451177640597  12.56590796343675  1 1 1
  O  4.4135089364711115  9.839805742979078  12.677683034622584  1 1 1
  O  1.4337256703627077  5.931347916822937  12.584558793551947  1 1 1
  O  1.522468711425063  12.296643888792785  12.58454346713188  1 1 1
  O  4.509479870622176  5.933634181292395  12.564888089680611  1 1 1
  O  4.499757882773679  12.2367506472482  12.660658728144348  1 1 1
  O  0.1303011880164772  4.691085475456715  16.873722668664623  1 1 1
  O  0.09060471549122986  11.06903128396728  16.940358089993577  1 1 1
  O  2.880659530519214  4.738684042008875  16.925061612596878  1 1 1
  O  2.941511028251272  11.057558323065503  17.097678188151868  1 1 1
  O  0.006813257101969943  4.793583938477694  14.446531865770964  1 1 1
  O  0.12404612880310625  10.970564171396811  14.510443787212635  1 1 1
  O  2.910459826269596  4.811925607954659  14.53096641901705  1 1 1
  O  2.8802171910688426  11.01883863148984  14.618029984841849  1 1 1
  O  1.5633387229811386  0.4148665007293407  15.963177332652004  1 1 1
  O  1.5402054273607904  6.659056608239153  16.020330967707405  1 1 1
  O  4.471625241118557  0.29914739541608654  15.897499220543246  1 1 1
  O  4.381493514445459  6.768881312138701  16.13236094005392  1 1 1
  O  1.5031740581018391  2.8012689950997873  15.831608526673191  1 1 1
  O  1.5922012905866472  9.018948189137106  16.14936439323699  1 1 1
  O  4.41393314918607  2.706760449387453  15.912475444922439  1 1 1
  O  4.456780964242547  9.16277206767934  16.06255208053939  1 1 1
  O  0.017065797431481088  1.6470930682706362  17.873359314599316  1 1 1
K_POINTS automatic
  4 2 1 0 0 0
HUBBARD (atomic)
U Co-3d 3.3200
U Cr-3d 3.7000
U Ni-3d 6.2000
