&CONTROL
  calculation = 'relax'
  prefix = 'lt__Cu26Ni9Cr31Co33__s1_site0__O_unrecon__atomic'
  outdir = './tmp'
  pseudo_dir = '/usr/share/espresso/pseudo'
  tprnfor = .true.
  forc_conv_thr = 2.0d-3
  nstep = 200
  max_seconds = 165000
/
&SYSTEM
  ibrav = 0
  nat = 73
  ntyp = 5
  ecutwfc = 80.0
  ecutrho = 640.0
  occupations = 'smearing'
  smearing = 'mv'
  degauss = 0.01
  nosym = .true.
  noinv = .true.
  nspin = 2
  starting_magnetization(1) = 0.4
  starting_magnetization(2) = 0.6
  starting_magnetization(3) = 0.2
  starting_magnetization(4) = 0.3
  starting_magnetization(5) = 0.0
/
&ELECTRONS
  conv_thr = 1.0d-6
  mixing_mode = 'local-TF'
  mixing_beta = 0.3
  electron_maxstep = 300
/
&IONS
  ion_dynamics = 'bfgs'
/
ATOMIC_SPECIES
  Co  58.933  Co_pbe_v1.2.uspp.F.UPF
  Cr  51.996  cr_pbe_v1.5.uspp.F.UPF
  Cu  63.546  Cu.paw.z_11.ld1.psl.v1.0.0-low.upf
  Ni  58.693  ni_pbe_v1.4.uspp.F.UPF
  O  15.999  O.pbe-n-kjpaw_psl.0.1.UPF
CELL_PARAMETERS angstrom
  5.937647166200523  0.0  3.6357602982769114e-16
  2.0233485575117938e-15  12.582053725309144  7.704285910699937e-16
  0.0  0.0  25.164107450618296
ATOMIC_POSITIONS angstrom
  Cu  2.5291856968897417e-16  1.5727567156636428  9.43654029398186  0 0 0
  Co  1.2645928484448713e-15  7.863783578318215  9.43654029398186  0 0 0
  Ni  2.9688235831002623  1.5727567156636428  9.43654029398186  0 0 0
  Co  2.9688235831002627  7.863783578318215  9.43654029398186  0 0 0
  Co  1.4844117915501316  4.718270146990929  9.43654029398186  0 0 0
  Co  1.4844117915501327  11.0092970096455  9.43654029398186  0 0 0
  Co  4.453235374650393  4.718270146990929  9.43654029398186  0 0 0
  Cr  4.453235374650394  11.0092970096455  9.436540293981862  0 0 0
  Co  -0.025248028382878006  4.776062692835678  12.652623124319126  1 1 1
  Cr  0.0017317943182809763  11.010729340573572  12.703449677168322  1 1 1
  Cu  2.958581794637  4.724414130743508  12.590613274314277  1 1 1
  Cr  2.9676425633231016  11.02067092203587  12.65142382360477  1 1 1
  Cr  1.4751453610189138  1.6178835493997963  12.435878211676574  1 1 1
  Cu  1.459996042697102  7.839885862203889  12.564336824039643  1 1 1
  Cu  4.458550076573474  1.6165104825516148  12.590291225426588  1 1 1
  Cu  4.491482959319844  7.849737681315658  12.567032050982782  1 1 1
  Cr  0.0017296191553927188  1.5811984815370939  15.661841694834278  1 1 1
  Cu  0.0008722635934810215  7.857982444886227  15.9230718807199  1 1 1
  Cr  2.9606572465353307  1.5709661895626776  15.668482830245711  1 1 1
  Cr  2.996386714738178  7.86594290901193  15.639784695628862  1 1 1
  Co  1.4934287616249713  4.773538840430501  15.841300225199513  1 1 1
  Cr  1.5208865361362431  10.971501711967832  16.002177032266108  1 1 1
  Ni  4.426669422511221  4.7323845583714155  15.717899309412717  1 1 1
  Co  4.459789681936312  10.99777868848432  15.940101629139964  1 1 1
  O  7.587557090669226e-16  4.718270146990929  10.663290532199504  0 0 0
  O  1.7704299878228195e-15  11.0092970096455  10.663290532199504  0 0 0
  O  2.9688235831002623  4.718270146990929  10.663290532199504  0 0 0
  O  2.968823583100263  11.0092970096455  10.663290532199504  0 0 0
  O  7.587557090669229e-16  4.718270146990931  8.209790055764218  0 0 0
  O  1.7704299878228197e-15  11.009297009645502  8.209790055764218  0 0 0
  O  2.9688235831002623  4.718270146990931  8.209790055764218  0 0 0
  O  2.968823583100263  11.009297009645502  8.209790055764218  0 0 0
  O  1.484411791550131  0.3460064774460025  9.43654029398186  0 0 0
  O  1.484411791550132  6.637033340100575  9.43654029398186  0 0 0
  O  4.453235374650392  0.3460064774460025  9.43654029398186  0 0 0
  O  4.453235374650393  6.637033340100575  9.43654029398186  0 0 0
  O  1.4844117915501314  2.7995069538812856  9.43654029398186  0 0 0
  O  1.4844117915501325  9.090533816535856  9.43654029398186  0 0 0
  O  4.453235374650393  2.7995069538812856  9.43654029398186  0 0 0
  O  4.453235374650394  9.090533816535856  9.43654029398186  0 0 0
  O  0.01068115523355328  1.522096220864414  13.914619734591723  1 1 1
  O  0.014698956244692788  7.852884945824401  13.826706798911289  1 1 1
  O  2.9368484430980915  1.5567178072734253  13.92700227976623  1 1 1
  O  2.980748628249277  7.867181583134552  13.959923264795759  1 1 1
  O  2.529185696889745e-16  1.5727567156636444  11.355303487091508  0 0 0
  O  1.2645928484448713e-15  7.863783578318215  11.355303487091508  0 0 0
  O  2.9688235831002623  1.5727567156636444  11.355303487091508  0 0 0
  O  2.9688235831002627  7.863783578318215  11.355303487091508  0 0 0
  O  1.4331281810859453  3.3963931365837654  12.614765606145948  1 1 1
  O  1.5025004028735067  9.827386846150997  12.590002803725033  1 1 1
  O  4.5038698106495  3.542323880347088  12.521673307652618  1 1 1
  O  4.458974352981491  9.822334316337274  12.6906093092058  1 1 1
  O  1.421891194832599  5.91009575730629  12.580654355251665  1 1 1
  O  1.472980340310394  12.319336054834162  12.589534559261404  1 1 1
  O  4.500372590470667  5.931535317381926  12.570513896032878  1 1 1
  O  4.443257549440551  12.21725072849864  12.648639209143633  1 1 1
  O  0.10451497505215253  4.773713900204571  16.878820819791216  1 1 1
  O  0.06785798379164679  10.975059484163701  16.995837104787533  1 1 1
  O  2.861870610864712  4.760655871388894  16.91600194643093  1 1 1
  O  2.943364788364783  11.033067714621094  17.044324345231693  1 1 1
  O  -0.0007813227680870407  4.743519564201167  14.448843646018954  1 1 1
  O  0.10724471920297764  11.027219822602728  14.55072568981705  1 1 1
  O  2.904878561792682  4.773454419403995  14.525741398674006  1 1 1
  O  2.846894670799499  11.022717625031493  14.581155390253485  1 1 1
  O  1.4823986117678003  0.42412331146328974  16.132585742886693  1 1 1
  O  1.5244144698485442  6.645728548820778  15.9910074259209  1 1 1
  O  4.456626685121899  0.2749495938444364  15.992859193660545  1 1 1
  O  4.350002408665818  6.75254963615615  16.1192974343325  1 1 1
  O  1.4717720874248506  2.8105323462460565  15.950225307281897  1 1 1
  O  1.5689429608250356  8.996603528781698  16.128138159902356  1 1 1
  O  4.464984877653708  2.6958375814849207  16.058248920112426  1 1 1
  O  4.438332549517488  9.151257183579148  16.015051112603505  1 1 1
  O  0.0017296191553927188  1.5811984815370939  17.296841694834278  1 1 1
K_POINTS automatic
  4 2 1 0 0 0
HUBBARD (atomic)
U Co-3d 3.3200
U Cr-3d 3.7000
U Ni-3d 6.2000
