&CONTROL
  calculation = 'scf'
  prefix = 'OH__atomic'
  outdir = '/anvil/projects/x-che260157/sts_arm_c_2026-10-07/runs/hea/arm_c_2026-10-07/Cu8Cr23Mn35Co34__s16_site2/tmp_OH__atomic'
  pseudo_dir = '/anvil/projects/x-che260157/pseudo'
  tprnfor = .true.
  forc_conv_thr = 2.0d-3
  nstep = 200
  max_seconds = 165000
/
&SYSTEM
  ibrav = 0
  nat = 74
  ntyp = 6
  ecutwfc = 80.0
  ecutrho = 640.0
  occupations = 'smearing'
  smearing = 'mv'
  degauss = 0.01
  nosym = .true.
  noinv = .true.
  nspin = 2
  starting_magnetization(1) = 0.4
  starting_magnetization(2) = 0.6
  starting_magnetization(3) = 0.2
  starting_magnetization(4) = 0.5
  starting_magnetization(5) = 0.0
  starting_magnetization(6) = 0.0
/
&ELECTRONS
  conv_thr = 1.0d-6
  mixing_mode = 'local-TF'
  mixing_beta = 0.3
  electron_maxstep = 300
/
&IONS
  ion_dynamics = 'bfgs'
/
ATOMIC_SPECIES
  Co  58.933  Co_pbe_v1.2.uspp.F.UPF
  Cr  51.996  cr_pbe_v1.5.uspp.F.UPF
  Cu  63.546  Cu.paw.z_11.ld1.psl.v1.0.0-low.upf
  Mn  54.938  mn_pbe_v1.5.uspp.F.UPF
  O  15.999  O.pbe-n-kjpaw_psl.0.1.UPF
  H  1.008  H.pbe-rrkjus_psl.1.0.0.UPF
CELL_PARAMETERS angstrom
  5.868293765917553  0.0  3.593293588443649e-16
  2.016042504137234e-15  12.536621535320224  7.676466717675844e-16
  0.0  0.0  25.073243070640455
ATOMIC_POSITIONS angstrom
  Mn  2.5200531301715427e-16  1.5670776919150278  9.402466151490172  0 0 0
  Mn  1.2600265650857714e-15  7.835388459575139  9.402466151490172  0 0 0
  Cr  2.9341468829587773  1.5670776919150278  9.402466151490172  0 0 0
  Mn  2.934146882958778  7.835388459575139  9.402466151490172  0 0 0
  Cr  1.4670734414793891  4.701233075745084  9.40246615149017  0 0 0
  Co  1.4670734414793902  10.969543843405196  9.402466151490168  0 0 0
  Cu  4.4012203244381665  4.701233075745084  9.40246615149017  0 0 0
  Mn  4.4012203244381665  10.969543843405196  9.40246615149017  0 0 0
  Cr  0.003987742444614171  4.711679672169565  12.599353768294755  1 1 1
  Cu  -0.005178728471483371  10.988315935121465  12.572320460446468  1 1 1
  Cr  2.9518499451637568  4.700427204991672  12.664729897637256  1 1 1
  Co  2.921033082369713  10.974060641901417  12.728519828678587  1 1 1
  Co  1.5039967255427535  1.5241493945290843  12.561117824699593  1 1 1
  Mn  1.4730819210329495  7.862204426121481  12.563451053897566  1 1 1
  Co  4.38614158645414  1.547628869698854  12.552394905546254  1 1 1
  Co  4.390329898379099  7.901536805018484  12.578357728504956  1 1 1
  Co  0.04418820592001484  1.6519735150736383  15.590794830198128  1 1 1
  Mn  0.02980136600749811  7.856481938032097  15.852057999942785  1 1 1
  Cr  2.9655604790196377  1.6687699224773938  15.835279305899512  1 1 1
  Mn  2.9686035815184364  7.8669428745107775  15.88204981227481  1 1 1
  Co  1.4560218926003647  4.752385467874421  15.877439595032738  1 1 1
  Mn  1.5520784472223532  11.00187405011454  15.857512308694261  1 1 1
  Co  4.481609434816337  4.748281899963565  15.900784945927876  1 1 1
  Cr  4.5856119751700035  11.012102608440886  16.02295344644761  1 1 1
  O  7.560159390514627e-16  4.701233075745084  10.624786751183894  0 0 0
  O  1.7640371911200798e-15  10.969543843405196  10.624786751183894  0 0 0
  O  2.934146882958778  4.701233075745084  10.624786751183894  0 0 0
  O  2.9341468829587782  10.969543843405196  10.624786751183894  0 0 0
  O  7.560159390514627e-16  4.701233075745084  8.180145551796448  0 0 0
  O  1.7640371911200798e-15  10.969543843405196  8.180145551796448  0 0 0
  O  2.934146882958778  4.701233075745084  8.180145551796448  0 0 0
  O  2.9341468829587782  10.969543843405196  8.180145551796446  0 0 0
  O  1.4670734414793885  0.3447570922213058  9.402466151490172  0 0 0
  O  1.4670734414793896  6.613067859881418  9.402466151490172  0 0 0
  O  4.401220324438165  0.3447570922213058  9.402466151490172  0 0 0
  O  4.401220324438166  6.613067859881418  9.402466151490172  0 0 0
  O  1.467073441479389  2.789398291608749  9.40246615149017  0 0 0
  O  1.4670734414793904  9.057709059268861  9.40246615149017  0 0 0
  O  4.4012203244381665  2.789398291608749  9.40246615149017  0 0 0
  O  4.401220324438167  9.057709059268861  9.402466151490168  0 0 0
  O  0.016425115233000234  1.6344216526709405  13.701502937881104  1 1 1
  O  -0.009719510620459502  7.838177492453454  13.753464290254517  1 1 1
  O  2.9671398057983067  1.6200223295476086  13.936964319531821  1 1 1
  O  2.9522787528330903  7.8237657117963915  13.76074367882651  1 1 1
  O  2.5200531301715427e-16  1.5670776919150278  11.314300935626504  0 0 0
  O  1.2600265650857714e-15  7.835388459575139  11.314300935626504  0 0 0
  O  2.9341468829587773  1.5670776919150278  11.314300935626504  0 0 0
  O  2.934146882958778  7.835388459575139  11.314300935626504  0 0 0
  O  1.4987504971651804  3.434107485782488  12.55189307920716  1 1 1
  O  1.5084780454197189  9.806861209365167  12.587004824213434  1 1 1
  O  4.38939523648003  3.413107527997342  12.560812407383542  1 1 1
  O  4.384992149970534  9.687668921216934  12.600030584814892  1 1 1
  O  1.4760369677818712  5.919919148465041  12.574863497943117  1 1 1
  O  1.492638857080334  12.289285169756361  12.62436593223506  1 1 1
  O  4.4094979806812225  5.946030358037444  12.56154124980034  1 1 1
  O  4.378538365127655  12.246809263159163  12.647784526612678  1 1 1
  O  0.053022909048314526  4.687244578964872  16.981542547111363  1 1 1
  O  -0.01536362383832355  11.147585022490665  17.14778792969302  1 1 1
  O  2.957372534083338  4.643614252155652  16.860734353857183  1 1 1
  O  3.068115316107191  11.222811662258847  17.031086252321945  1 1 1
  O  0.028037989270989293  4.758287569490274  14.514889399368945  1 1 1
  O  -0.0476718251226238  10.91126444414035  14.704251659432535  1 1 1
  O  2.947797467766917  4.724218020434122  14.418456019765227  1 1 1
  O  3.0027930304467954  10.947384431322146  14.56694290528094  1 1 1
  O  1.4127312168640893  0.4168679453024646  15.756834874144129  1 1 1
  O  1.5050005354658704  6.599395245939805  16.012343304959614  1 1 1
  O  4.546643169248061  0.45929662922235964  15.692605880766571  1 1 1
  O  4.426799222852277  6.58278786389838  16.06057013184306  1 1 1
  O  1.4489841215009553  2.8643817435808674  15.807274901312981  1 1 1
  O  1.4950290652704792  9.082155151307358  16.13018932719347  1 1 1
  O  4.506294247563402  2.900826456886336  15.814990451993397  1 1 1
  O  4.440577039675975  9.120393818511447  16.14223407313135  1 1 1
  O  3.0074145884808745  1.3321277370306812  17.6143412107167  1 1 1
  H  2.995357631323621  0.3336176779545094  17.6779809702087  1 1 1
K_POINTS automatic
  4 2 1 0 0 0
HUBBARD (atomic)
U Co-3d 3.3200
U Cr-3d 3.7000
U Mn-3d 3.9000
