&CONTROL
  calculation = 'scf'
  prefix = 'lsr__Cu8Cr23Mn35Co34__s20_site2__slab__b010n16'
  outdir = './tmp'
  pseudo_dir = '/usr/share/espresso/pseudo'
  tprnfor = .true.
  forc_conv_thr = 2.0d-3
  nstep = 200
  max_seconds = 165000
/
&SYSTEM
  ibrav = 0
  nat = 72
  ntyp = 5
  ecutwfc = 80.0
  ecutrho = 640.0
  occupations = 'smearing'
  smearing = 'mv'
  degauss = 0.01
  nosym = .true.
  noinv = .true.
  nspin = 2
  starting_magnetization(1) = 0.4
  starting_magnetization(2) = 0.6
  starting_magnetization(3) = 0.2
  starting_magnetization(4) = 0.5
  starting_magnetization(5) = 0.0
/
&ELECTRONS
  conv_thr = 1.0d-6
  mixing_mode = 'local-TF'
  mixing_beta = 0.1
  mixing_ndim = 16
  electron_maxstep = 300
/
&IONS
  ion_dynamics = 'bfgs'
/
ATOMIC_SPECIES
  Co  58.933  Co_pbe_v1.2.uspp.F.UPF
  Cr  51.996  cr_pbe_v1.5.uspp.F.UPF
  Cu  63.546  Cu.paw.z_11.ld1.psl.v1.0.0-low.upf
  Mn  54.938  mn_pbe_v1.5.uspp.F.UPF
  O  15.999  O.pbe-n-kjpaw_psl.0.1.UPF
CELL_PARAMETERS angstrom
  5.868293765917553  0.0  3.593293588443649e-16
  2.016042504137234e-15  12.536621535320224  7.676466717675844e-16
  0.0  0.0  25.073243070640455
ATOMIC_POSITIONS angstrom
  Cr  2.5200531301715427e-16  1.5670776919150278  9.402466151490172  0 0 0
  Co  1.2600265650857714e-15  7.835388459575139  9.402466151490172  0 0 0
  Mn  2.9341468829587773  1.5670776919150278  9.402466151490172  0 0 0
  Cu  2.934146882958778  7.835388459575139  9.402466151490172  0 0 0
  Mn  1.4670734414793891  4.701233075745084  9.40246615149017  0 0 0
  Cr  1.4670734414793902  10.969543843405196  9.402466151490168  0 0 0
  Cu  4.4012203244381665  4.701233075745084  9.40246615149017  0 0 0
  Mn  4.4012203244381665  10.969543843405196  9.40246615149017  0 0 0
  Mn  0.013849028442249072  4.6950248121981915  12.569351539818403  1 1 1
  Mn  -0.00048359785980543236  10.965124989092153  12.611666213828402  1 1 1
  Cr  2.9523510595840583  4.675938153766555  12.619456512213596  1 1 1
  Co  2.912013234066735  10.985799265518967  12.681631015204449  1 1 1
  Co  1.4221197258773748  1.557462501526211  12.54013625541538  1 1 1
  Cr  1.5169180375512334  7.8243561181556345  12.514070337206592  1 1 1
  Mn  4.42446117940532  1.5566321154654987  12.554082330523887  1 1 1
  Co  4.357349077703274  7.841648547617213  12.472352669953281  1 1 1
  Mn  -0.023611643665808594  1.583264929344705  15.827482136880661  1 1 1
  Cr  -0.002502275444352345  7.826189962971436  15.642659561611348  1 1 1
  Cr  2.873806915414365  1.5953721425769882  15.617345548944527  1 1 1
  Co  2.948332421281007  7.832871530973934  15.816535397703396  1 1 1
  Co  1.4650673575010502  4.730770105117567  15.86426885999166  1 1 1
  Co  1.4745126150708698  10.948946157063599  15.967608777648563  1 1 1
  Co  4.420745108537439  4.718761950866156  15.884981519591573  1 1 1
  Mn  4.401308199444572  10.98421975889467  15.772947236044386  1 1 1
  O  7.560159390514627e-16  4.701233075745084  10.624786751183894  0 0 0
  O  1.7640371911200798e-15  10.969543843405196  10.624786751183894  0 0 0
  O  2.934146882958778  4.701233075745084  10.624786751183894  0 0 0
  O  2.9341468829587782  10.969543843405196  10.624786751183894  0 0 0
  O  7.560159390514627e-16  4.701233075745084  8.180145551796448  0 0 0
  O  1.7640371911200798e-15  10.969543843405196  8.180145551796448  0 0 0
  O  2.934146882958778  4.701233075745084  8.180145551796448  0 0 0
  O  2.9341468829587782  10.969543843405196  8.180145551796446  0 0 0
  O  1.4670734414793885  0.3447570922213058  9.402466151490172  0 0 0
  O  1.4670734414793896  6.613067859881418  9.402466151490172  0 0 0
  O  4.401220324438165  0.3447570922213058  9.402466151490172  0 0 0
  O  4.401220324438166  6.613067859881418  9.402466151490172  0 0 0
  O  1.467073441479389  2.789398291608749  9.40246615149017  0 0 0
  O  1.4670734414793904  9.057709059268861  9.40246615149017  0 0 0
  O  4.4012203244381665  2.789398291608749  9.40246615149017  0 0 0
  O  4.401220324438167  9.057709059268861  9.402466151490168  0 0 0
  O  0.019234999162093116  1.5596079346420673  13.741868274049297  1 1 1
  O  0.001219320082947959  7.815846312513364  13.929871300033737  1 1 1
  O  2.8942553461744205  1.602160521117029  13.819249806179691  1 1 1
  O  2.977222407638759  7.801791480951879  13.732938066704055  1 1 1
  O  2.5200531301715427e-16  1.5670776919150278  11.314300935626504  0 0 0
  O  1.2600265650857714e-15  7.835388459575139  11.314300935626504  0 0 0
  O  2.9341468829587773  1.5670776919150278  11.314300935626504  0 0 0
  O  2.934146882958778  7.835388459575139  11.314300935626504  0 0 0
  O  1.4725837939882398  3.4427051526222727  12.579880383741164  1 1 1
  O  1.4768316984530185  9.723419050107012  12.60919121892726  1 1 1
  O  4.424618568999529  3.4821027882496245  12.592821977864869  1 1 1
  O  4.377972049565487  9.684960637486972  12.587502115925455  1 1 1
  O  1.4560676125964078  5.962242060211117  12.592942704261926  1 1 1
  O  1.4803939666400412  12.212800364442945  12.598646749125091  1 1 1
  O  4.410809641368965  5.97541460887466  12.572182824193387  1 1 1
  O  4.374233814743517  12.16032313347901  12.609254212096891  1 1 1
  O  0.01790295530152353  4.698663207004137  16.959760240435575  1 1 1
  O  0.036940921903839366  10.963640870394848  16.995828443367067  1 1 1
  O  2.932690905862367  4.713101512980105  16.890430824820058  1 1 1
  O  2.8845131138386844  10.954597523658663  16.986374079775832  1 1 1
  O  0.005752959632655007  4.765345465268636  14.576723409462023  1 1 1
  O  0.015260938650716526  10.938960001993388  14.556932361138498  1 1 1
  O  2.9349449129532763  4.714882800830595  14.465845647626074  1 1 1
  O  2.9072449255157684  10.946934651607483  14.537557354086417  1 1 1
  O  1.5176049631746749  0.3528165073466317  16.04870765808195  1 1 1
  O  1.4744764303909894  6.621169209211284  15.982063312352526  1 1 1
  O  4.339852341175927  0.39627306119147976  15.997347192639884  1 1 1
  O  4.40936830405786  6.599839932944036  16.006149799529307  1 1 1
  O  1.5165087169033946  2.828334130711178  16.02004157717698  1 1 1
  O  1.4481300635519923  9.03762716971665  15.973940606645318  1 1 1
  O  4.348344102714463  2.8275646603696023  15.990364998003484  1 1 1
  O  4.40607785558443  9.009307686542854  16.00977485317812  1 1 1
K_POINTS automatic
  4 2 1 0 0 0
HUBBARD (atomic)
U Co-3d 3.3200
U Cr-3d 3.7000
U Mn-3d 3.9000
