&CONTROL
  calculation = 'scf'
  prefix = 'OH__atomic_moved'
  outdir = './tmp'
  pseudo_dir = '/usr/share/espresso/pseudo'
  tprnfor = .true.
  forc_conv_thr = 2.0d-3
  nstep = 200
  max_seconds = 165000
/
&SYSTEM
  ibrav = 0
  nat = 74
  ntyp = 6
  ecutwfc = 80.0
  ecutrho = 640.0
  occupations = 'smearing'
  smearing = 'mv'
  degauss = 0.01
  nosym = .true.
  noinv = .true.
  nspin = 2
  starting_magnetization(1) = 0.4
  starting_magnetization(2) = 0.6
  starting_magnetization(3) = 0.5
  starting_magnetization(4) = 0.3
  starting_magnetization(5) = 0.0
  starting_magnetization(6) = 0.0
/
&ELECTRONS
  conv_thr = 1.0d-6
  mixing_mode = 'local-TF'
  mixing_beta = 0.3
  electron_maxstep = 300
  startingpot = 'file'
/
&IONS
  ion_dynamics = 'bfgs'
/
ATOMIC_SPECIES
  Co  58.933  Co_pbe_v1.2.uspp.F.UPF
  Cr  51.996  cr_pbe_v1.5.uspp.F.UPF
  Fe  55.845  Fe.pbe-spn-kjpaw_psl.0.2.1.UPF
  Ni  58.693  ni_pbe_v1.4.uspp.F.UPF
  O  15.999  O.pbe-n-kjpaw_psl.0.1.UPF
  H  1.008  H.pbe-rrkjus_psl.1.0.0.UPF
CELL_PARAMETERS angstrom
  5.9455  0.0  3.640568772165294e-16
  2.0264516267117194e-15  12.601349947525463  7.716101439086363e-16
  0.0  0.0  25.20269989505093
ATOMIC_POSITIONS angstrom
  Co  2.5330645333896493e-16  1.575168743440683  9.4510124606441  0 0 0
  Fe  1.266532266694825e-15  7.875843717203415  9.4510124606441  0 0 0
  Cr  2.972750000000001  1.575168743440683  9.4510124606441  0 0 0
  Co  2.9727500000000013  7.875843717203415  9.4510124606441  0 0 0
  Fe  1.486375000000001  4.725506230322049  9.4510124606441  0 0 0
  Fe  1.486375000000002  11.02618120408478  9.451012460644098  0 0 0
  Ni  4.459125000000001  4.725506230322049  9.4510124606441  0 0 0
  Ni  4.459125000000002  11.02618120408478  9.4510124606441  0 0 0
  Cr  -0.014696641932839124  4.759425838687775  12.632040417118269  1 1 1
  Ni  -0.019774649718430928  11.06005746359017  12.59349096936696  1 1 1
  Cr  2.9581676156765564  4.633335098589893  12.678754408852802  1 1 1
  Co  2.9664802085091004  11.051054686970192  12.60576786465631  1 1 1
  Co  1.4935771858961147  1.5258885558516324  12.60472093715149  1 1 1
  Ni  1.4776360050859845  7.948193038549622  12.588028647471548  1 1 1
  Co  4.413073220465302  1.520728618935815  12.616309428358374  1 1 1
  Ni  4.475382249781175  7.956931610434365  12.591712350583846  1 1 1
  Fe  0.018134165375212268  1.565343288015032  15.603954501704894  1 1 1
  Ni  0.0830578196365786  7.872524270238857  15.7536862106885  1 1 1
  Cr  2.992341498385808  1.559398576833736  16.019581659004448  1 1 1
  Co  2.9661508497636335  7.875401577734688  15.617155670670913  1 1 1
  Fe  1.459140767209442  4.7698914978968645  15.836193139330735  1 1 1
  Fe  1.4857419902415467  10.966417290682294  15.718310360844729  1 1 1
  Cr  4.500388769968237  4.817411207844813  16.07920992437055  1 1 1
  Cr  4.573438053593473  10.90463166934863  16.0787249782198  1 1 1
  O  7.599193600168949e-16  4.72550623032205  10.679644080527831  0 0 0
  O  1.7731451733727548e-15  11.026181204084782  10.679644080527831  0 0 0
  O  2.9727500000000013  4.72550623032205  10.679644080527831  0 0 0
  O  2.972750000000002  11.026181204084782  10.67964408052783  0 0 0
  O  7.59919360016895e-16  4.7255062303220505  8.222380840760364  0 0 0
  O  1.7731451733727548e-15  11.026181204084782  8.222380840760364  0 0 0
  O  2.9727500000000013  4.7255062303220505  8.222380840760364  0 0 0
  O  2.972750000000002  11.026181204084782  8.222380840760362  0 0 0
  O  1.4863750000000002  0.34653712355695127  9.4510124606441  0 0 0
  O  1.4863750000000013  6.647212097319683  9.4510124606441  0 0 0
  O  4.459125  0.34653712355695127  9.4510124606441  0 0 0
  O  4.459125000000001  6.647212097319683  9.4510124606441  0 0 0
  O  1.4863750000000007  2.803800363324416  9.4510124606441  0 0 0
  O  1.4863750000000022  9.104475337087148  9.4510124606441  0 0 0
  O  4.459125000000001  2.803800363324416  9.4510124606441  0 0 0
  O  4.459125000000002  9.104475337087148  9.451012460644098  0 0 0
  O  -0.010380158468613619  1.6139962107118382  13.722491606965042  1 1 1
  O  0.016085186779692458  7.954235138694671  13.769705790510695  1 1 1
  O  2.973956318259214  1.6068356228662564  13.959361837076012  1 1 1
  O  2.9766706057383923  7.89696196144716  13.900594194838561  1 1 1
  O  2.53306453338965e-16  1.575168743440683  11.37271832764173  0 0 0
  O  1.266532266694825e-15  7.875843717203415  11.37271832764173  0 0 0
  O  2.972750000000001  1.575168743440683  11.37271832764173  0 0 0
  O  2.9727500000000013  7.875843717203415  11.37271832764173  0 0 0
  O  1.4794107371918905  3.4531515679623603  12.614572230328877  1 1 1
  O  1.5251460620298904  9.876475790036723  12.569635786458731  1 1 1
  O  4.453183611515103  3.4361208218801673  12.559991645297272  1 1 1
  O  4.384547300997598  9.880404914693086  12.557285370490145  1 1 1
  O  1.4444585984111526  5.905780967906337  12.647579096527299  1 1 1
  O  1.4788550478579425  12.357945703089134  12.624947253983754  1 1 1
  O  4.508246113802666  5.9030062784734705  12.613732811077858  1 1 1
  O  4.433642643301827  12.36637020283346  12.599416083729018  1 1 1
  O  -0.16632534007655467  4.813615656914468  17.14882892830266  1 1 1
  O  -0.1396287962364115  10.938782075341459  17.168264340620077  1 1 1
  O  3.112199172099692  4.671240756527549  17.018259146873717  1 1 1
  O  3.1090296609428374  11.091569123505025  16.90570045991638  1 1 1
  O  -0.08608893714345757  4.691569557160508  14.61572874557936  1 1 1
  O  -0.13294838367948303  11.000310147410318  14.655254445343811  1 1 1
  O  3.037372537290148  4.683731757601191  14.454008991635323  1 1 1
  O  2.979794586539579  11.022721587730354  14.361343336886591  1 1 1
  O  1.4589161581678494  0.302272277938022  15.907167709058738  1 1 1
  O  1.6076996296448565  6.650188900463742  15.971457604471073  1 1 1
  O  4.52415484153257  0.33177484400028057  15.860875389060585  1 1 1
  O  4.393806681686999  6.616947799092321  15.8388541931543  1 1 1
  O  1.4560865429058982  2.8323867348482366  15.928651569093264  1 1 1
  O  1.6146617282359126  9.08876008765119  15.998839715915512  1 1 1
  O  4.510175199675535  2.8125649543775055  15.876637656457214  1 1 1
  O  4.4055836861917435  9.092060817951086  15.91273107993237  1 1 1
  O  2.961132499580563  1.544937412518849  17.86516088614366  1 1 1
  H  3.8588050699196708  1.6107222016008707  18.23928640934147  1 1 1
K_POINTS automatic
  4 2 1 0 0 0
HUBBARD (atomic)
U Co-3d 3.3200
U Cr-3d 3.7000
U Fe-3d 5.3000
U Ni-3d 6.2000
