&CONTROL
  calculation = 'scf'
  prefix = 'O__atomic'
  outdir = '/anvil/projects/x-che260157/sts_arm_c_2026-10-07/runs/hea/arm_c_2026-10-07/Cu22Fe30Co32Mn15__s24_site3/tmp_O__atomic'
  pseudo_dir = '/anvil/projects/x-che260157/pseudo'
  tprnfor = .true.
  forc_conv_thr = 2.0d-3
  nstep = 200
  max_seconds = 165000
/
&SYSTEM
  ibrav = 0
  nat = 73
  ntyp = 5
  ecutwfc = 80.0
  ecutrho = 640.0
  occupations = 'smearing'
  smearing = 'mv'
  degauss = 0.01
  nosym = .true.
  noinv = .true.
  nspin = 2
  starting_magnetization(1) = 0.4
  starting_magnetization(2) = 0.2
  starting_magnetization(3) = 0.5
  starting_magnetization(4) = 0.5
  starting_magnetization(5) = 0.0
/
&ELECTRONS
  conv_thr = 1.0d-6
  mixing_mode = 'local-TF'
  mixing_beta = 0.3
  electron_maxstep = 300
/
&IONS
  ion_dynamics = 'bfgs'
/
ATOMIC_SPECIES
  Co  58.933  Co_pbe_v1.2.uspp.F.UPF
  Cu  63.546  Cu.paw.z_11.ld1.psl.v1.0.0-low.upf
  Fe  55.845  Fe.pbe-spn-kjpaw_psl.0.2.1.UPF
  Mn  54.938  mn_pbe_v1.5.uspp.F.UPF
  O  15.999  O.pbe-n-kjpaw_psl.0.1.UPF
CELL_PARAMETERS angstrom
  5.955113842225956  0.0  3.646455552720057e-16
  2.031127503823677e-15  12.630426567476672  7.733905733862998e-16
  0.0  0.0  25.26085313495335
ATOMIC_POSITIONS angstrom
  Mn  7.616728139338787e-16  4.7364099628037515  9.472819925607507  0 0 0
  Mn  1.7772365658457176e-15  11.051623246542086  9.472819925607507  0 0 0
  Cu  2.977556921112979  4.7364099628037515  9.472819925607507  0 0 0
  Co  2.97755692111298  11.051623246542086  9.472819925607505  0 0 0
  Mn  1.4887784605564893  1.5788033209345838  9.472819925607507  0 0 0
  Fe  1.4887784605564907  7.89401660467292  9.472819925607507  0 0 0
  Cu  4.4663353816694675  1.5788033209345838  9.472819925607507  0 0 0
  Co  4.466335381669468  7.89401660467292  9.472819925607505  0 0 0
  Cu  0.016316185763923886  1.5796360817697885  12.641907622451615  1 1 1
  Co  0.0034562143405989587  7.891599597575494  12.606509513287929  1 1 1
  Cu  2.97709395486901  1.6109132462423554  12.652922120873296  1 1 1
  Co  2.9870832823025157  7.8754278191139795  12.613581443479264  1 1 1
  Fe  1.4852084945778872  4.723839592398557  12.614707480010715  1 1 1
  Cu  1.51609521623002  11.044993500848776  12.651766374103817  1 1 1
  Co  4.404916058888886  4.69568697969159  12.579241923991962  1 1 1
  Fe  4.455888711248505  11.085038613178469  12.650475789779655  1 1 1
  Co  0.007016976098421578  4.707281508174183  15.685914430746204  1 1 1
  Mn  0.005778889971121524  11.081361128709942  15.713552600681828  1 1 1
  Fe  2.9833872746144303  4.7194540764603365  15.76108158477503  1 1 1
  Co  2.960482112582814  11.084511537395997  15.851817718027624  1 1 1
  Fe  1.5039006680113174  1.6049609744930489  15.8282051039277  1 1 1
  Fe  1.4878434088759476  7.876706930175777  15.82785688635167  1 1 1
  Co  4.488551787827235  1.6244709545527178  15.87156828205783  1 1 1
  Fe  4.45856581602372  7.881457699801601  15.820865594924035  1 1 1
  O  2.538909379779596e-16  1.5788033209345838  10.704286515936483  0 0 0
  O  1.2694546898897982e-15  7.89401660467292  10.704286515936483  0 0 0
  O  2.977556921112979  1.5788033209345838  10.704286515936483  0 0 0
  O  2.9775569211129795  7.89401660467292  10.704286515936483  0 0 0
  O  2.538909379779596e-16  1.5788033209345838  8.24135333527853  0 0 0
  O  1.2694546898897982e-15  7.89401660467292  8.24135333527853  0 0 0
  O  2.977556921112979  1.5788033209345838  8.24135333527853  0 0 0
  O  2.9775569211129795  7.89401660467292  8.24135333527853  0 0 0
  O  1.48877846055649  3.5049433724747754  9.472819925607507  0 0 0
  O  1.4887784605564909  9.820156656213111  9.472819925607507  0 0 0
  O  4.466335381669468  3.5049433724747754  9.472819925607507  0 0 0
  O  4.466335381669469  9.820156656213111  9.472819925607505  0 0 0
  O  1.48877846055649  5.967876553132727  9.472819925607507  0 0 0
  O  1.4887784605564913  12.283089836871062  9.472819925607505  0 0 0
  O  4.466335381669468  5.967876553132727  9.472819925607507  0 0 0
  O  4.466335381669469  12.283089836871062  9.472819925607507  0 0 0
  O  -0.03933462692443332  4.694938450055958  13.940310884112938  1 1 1
  O  0.019353257875570223  11.094216549506452  13.882424975878324  1 1 1
  O  2.9790155011033708  4.717611422763528  13.859258732153586  1 1 1
  O  2.982449382369553  11.094736050562144  14.018417262785082  1 1 1
  O  7.616728139338787e-16  4.7364099628037515  11.3989599771477  0 0 0
  O  1.777236565845717e-15  11.051623246542086  11.3989599771477  0 0 0
  O  2.977556921112979  4.7364099628037515  11.3989599771477  0 0 0
  O  2.97755692111298  11.051623246542086  11.398959977147697  0 0 0
  O  1.5265701091872588  0.34041392788439456  12.676977818550132  1 1 1
  O  1.4751075400502114  6.716110085792966  12.638829723063004  1 1 1
  O  4.460703772274077  0.4257248486684485  12.66454517053304  1 1 1
  O  4.45082209346595  6.603179359379684  12.602608296607839  1 1 1
  O  1.4855104755411466  2.786725515056813  12.635112792876868  1 1 1
  O  1.5032644929255459  9.051991107204623  12.644224945878925  1 1 1
  O  4.4552911139061875  2.9370763280529917  12.65536276628429  1 1 1
  O  4.462859950701191  9.022637152418994  12.616280270083173  1 1 1
  O  -0.11384115157476601  1.551603544796308  16.99074202533584  1 1 1
  O  -0.009698945890861161  7.958022624531021  16.978383262945954  1 1 1
  O  3.0986260769107177  1.5820138727507698  16.983159570524485  1 1 1
  O  2.978293126062382  7.89689300208964  16.96940873671181  1 1 1
  O  -0.002296976831072706  1.633727024521825  14.596485240378016  1 1 1
  O  -0.004221981809716187  7.861109503216724  14.488687157571047  1 1 1
  O  3.018158073348588  1.643634113348969  14.608833634618579  1 1 1
  O  2.9782679093739337  7.869481771062522  14.495035886611822  1 1 1
  O  1.4432994659690785  3.559386009896567  16.130115808622048  1 1 1
  O  1.4400725305693998  9.867413458059401  15.943114365230059  1 1 1
  O  4.512928172462855  3.4928566932990557  16.075837595243392  1 1 1
  O  4.513692198308867  9.887963823889269  15.912014886423147  1 1 1
  O  1.4397174904913308  5.919547906908012  16.02717615269551  1 1 1
  O  1.4348296293069553  12.290724916894257  16.013104445389203  1 1 1
  O  4.521301260038043  5.874609499136307  16.06913668755388  1 1 1
  O  4.518362606551368  12.302264611858316  15.917114671143052  1 1 1
  O  3.01666178409721  11.10710618705531  17.496165733153692  1 1 1
K_POINTS automatic
  4 2 1 0 0 0
HUBBARD (atomic)
U Co-3d 3.3200
U Fe-3d 5.3000
U Mn-3d 3.9000
