&CONTROL
  calculation = 'scf'
  prefix = 'OH__atomic'
  outdir = '/anvil/projects/x-che260157/sts_arm_c_2026-10-07/runs/hea/arm_c_2026-10-07/Cu22Fe30Co32Mn15__s24_site3/tmp_OH__atomic'
  pseudo_dir = '/anvil/projects/x-che260157/pseudo'
  tprnfor = .true.
  forc_conv_thr = 2.0d-3
  nstep = 200
  max_seconds = 165000
/
&SYSTEM
  ibrav = 0
  nat = 74
  ntyp = 6
  ecutwfc = 80.0
  ecutrho = 640.0
  occupations = 'smearing'
  smearing = 'mv'
  degauss = 0.01
  nosym = .true.
  noinv = .true.
  nspin = 2
  starting_magnetization(1) = 0.4
  starting_magnetization(2) = 0.2
  starting_magnetization(3) = 0.5
  starting_magnetization(4) = 0.5
  starting_magnetization(5) = 0.0
  starting_magnetization(6) = 0.0
/
&ELECTRONS
  conv_thr = 1.0d-6
  mixing_mode = 'local-TF'
  mixing_beta = 0.3
  electron_maxstep = 300
/
&IONS
  ion_dynamics = 'bfgs'
/
ATOMIC_SPECIES
  Co  58.933  Co_pbe_v1.2.uspp.F.UPF
  Cu  63.546  Cu.paw.z_11.ld1.psl.v1.0.0-low.upf
  Fe  55.845  Fe.pbe-spn-kjpaw_psl.0.2.1.UPF
  Mn  54.938  mn_pbe_v1.5.uspp.F.UPF
  O  15.999  O.pbe-n-kjpaw_psl.0.1.UPF
  H  1.008  H.pbe-rrkjus_psl.1.0.0.UPF
CELL_PARAMETERS angstrom
  5.955113842225956  0.0  3.646455552720057e-16
  2.031127503823677e-15  12.630426567476672  7.733905733862998e-16
  0.0  0.0  25.26085313495335
ATOMIC_POSITIONS angstrom
  Mn  7.616728139338787e-16  4.7364099628037515  9.472819925607507  0 0 0
  Mn  1.7772365658457176e-15  11.051623246542086  9.472819925607507  0 0 0
  Cu  2.977556921112979  4.7364099628037515  9.472819925607507  0 0 0
  Co  2.97755692111298  11.051623246542086  9.472819925607505  0 0 0
  Mn  1.4887784605564893  1.5788033209345838  9.472819925607507  0 0 0
  Fe  1.4887784605564907  7.89401660467292  9.472819925607507  0 0 0
  Cu  4.4663353816694675  1.5788033209345838  9.472819925607507  0 0 0
  Co  4.466335381669468  7.89401660467292  9.472819925607505  0 0 0
  Cu  0.014906017407427603  1.5720816982040187  12.648363841024516  1 1 1
  Co  0.001400801899241218  7.896883514104786  12.626034507862501  1 1 1
  Cu  2.972474032466005  1.6046768913687812  12.658717317259502  1 1 1
  Co  2.9838569609378234  7.877948827230701  12.621939970357042  1 1 1
  Fe  1.4863996090450582  4.721620311796378  12.615132510683342  1 1 1
  Cu  1.5173014254847077  11.043568543404628  12.661710209804983  1 1 1
  Co  4.407826468814427  4.692125076011477  12.578332330916737  1 1 1
  Fe  4.4528943098326375  11.083879834578429  12.640021065603642  1 1 1
  Co  0.008744547935347213  4.702429371860374  15.68292308994671  1 1 1
  Mn  0.0041555131137452185  11.07804017515334  15.692927404369224  1 1 1
  Fe  2.9824228592008533  4.717902963119957  15.755754897488224  1 1 1
  Co  2.9785135788885837  11.08848561024543  15.863534885410086  1 1 1
  Fe  1.4983633613622935  1.5882381165795234  15.84227151716318  1 1 1
  Fe  1.4864944719972317  7.88946119768449  15.839640309802922  1 1 1
  Co  4.491381624016171  1.6218956085083003  15.87503243264914  1 1 1
  Fe  4.45519356051918  7.877798409441974  15.837694370403334  1 1 1
  O  2.538909379779596e-16  1.5788033209345838  10.704286515936483  0 0 0
  O  1.2694546898897982e-15  7.89401660467292  10.704286515936483  0 0 0
  O  2.977556921112979  1.5788033209345838  10.704286515936483  0 0 0
  O  2.9775569211129795  7.89401660467292  10.704286515936483  0 0 0
  O  2.538909379779596e-16  1.5788033209345838  8.24135333527853  0 0 0
  O  1.2694546898897982e-15  7.89401660467292  8.24135333527853  0 0 0
  O  2.977556921112979  1.5788033209345838  8.24135333527853  0 0 0
  O  2.9775569211129795  7.89401660467292  8.24135333527853  0 0 0
  O  1.48877846055649  3.5049433724747754  9.472819925607507  0 0 0
  O  1.4887784605564909  9.820156656213111  9.472819925607507  0 0 0
  O  4.466335381669468  3.5049433724747754  9.472819925607507  0 0 0
  O  4.466335381669469  9.820156656213111  9.472819925607505  0 0 0
  O  1.48877846055649  5.967876553132727  9.472819925607507  0 0 0
  O  1.4887784605564913  12.283089836871062  9.472819925607505  0 0 0
  O  4.466335381669468  5.967876553132727  9.472819925607507  0 0 0
  O  4.466335381669469  12.283089836871062  9.472819925607507  0 0 0
  O  -0.04122908017394848  4.691187247304781  13.933177350084298  1 1 1
  O  0.006417256361698926  11.092886118837304  13.884752620015572  1 1 1
  O  2.9828037616150187  4.714428610925906  13.856061231000155  1 1 1
  O  2.9964848275147955  11.095445851943868  14.054295978594773  1 1 1
  O  7.616728139338787e-16  4.7364099628037515  11.3989599771477  0 0 0
  O  1.777236565845717e-15  11.051623246542086  11.3989599771477  0 0 0
  O  2.977556921112979  4.7364099628037515  11.3989599771477  0 0 0
  O  2.97755692111298  11.051623246542086  11.398959977147697  0 0 0
  O  1.524928143563275  0.3285250591835548  12.691368101464136  1 1 1
  O  1.474637226780195  6.721402135822824  12.64542056210414  1 1 1
  O  4.453640480012744  0.418004699952376  12.681762758760179  1 1 1
  O  4.448940023970276  6.608656397971255  12.606857701024609  1 1 1
  O  1.4835029292683861  2.7784190012371965  12.637087692786544  1 1 1
  O  1.502611679134297  9.061567085253479  12.6600860378009  1 1 1
  O  4.455196677517166  2.9317509614899784  12.655423860649597  1 1 1
  O  4.457069055262862  9.031696957405646  12.6300697182261  1 1 1
  O  -0.11198488554788139  1.5542968524259195  17.00442630015275  1 1 1
  O  -0.007981924710245506  7.945645377275822  16.99080309306858  1 1 1
  O  3.0957078370281823  1.600919309129537  16.98769545767217  1 1 1
  O  2.9733938478034463  7.868818797428881  16.98534967938889  1 1 1
  O  -0.008279748424705304  1.612906298262321  14.610829013298194  1 1 1
  O  -0.010144799373092341  7.870799472249766  14.499568836683608  1 1 1
  O  3.0189663502843156  1.6222584246752834  14.621712481441776  1 1 1
  O  2.9798000547594263  7.88539683563756  14.51323485617184  1 1 1
  O  1.4423514722886774  3.558028116391176  16.116333346590938  1 1 1
  O  1.434728734634503  9.864448772651546  15.918329472786219  1 1 1
  O  4.513968163103411  3.4846710541162302  16.061097525695207  1 1 1
  O  4.5066065637228  9.901588529641687  15.96880201176529  1 1 1
  O  1.4385238827497215  5.917460514867846  16.016624822470817  1 1 1
  O  1.4222466680305017  12.296174062734762  15.988767123580518  1 1 1
  O  4.523092726316782  5.869764421675922  16.067795865432892  1 1 1
  O  4.503487871483907  12.280962783608343  15.972386598321267  1 1 1
  O  2.897882988984041  11.083593759577068  17.662982908347338  1 1 1
  H  3.824847022556801  11.02985249379112  17.962583185118792  1 1 1
K_POINTS automatic
  4 2 1 0 0 0
HUBBARD (atomic)
U Co-3d 3.3200
U Fe-3d 5.3000
U Mn-3d 3.9000
