&CONTROL
  calculation = 'scf'
  prefix = 'O_unrecon_last__rho'
  outdir = './tmp'
  pseudo_dir = '/usr/share/espresso/pseudo'
  tprnfor = .true.
  forc_conv_thr = 2.0d-3
  nstep = 200
  max_seconds = 165000
/
&SYSTEM
  ibrav = 0
  nat = 73
  ntyp = 5
  ecutwfc = 80.0
  ecutrho = 640.0
  occupations = 'smearing'
  smearing = 'mv'
  degauss = 0.01
  nosym = .true.
  noinv = .true.
  nspin = 2
  starting_magnetization(1) = 0.4
  starting_magnetization(2) = 0.6
  starting_magnetization(3) = 0.2
  starting_magnetization(4) = 0.5
  starting_magnetization(5) = 0.0
/
&ELECTRONS
  conv_thr = 5.53d-8
  mixing_mode = 'local-TF'
  mixing_beta = 0.3
  startingwfc = 'atomic+random'
  startingpot = 'file'
  electron_maxstep = 300
/
&IONS
  ion_dynamics = 'bfgs'
/
ATOMIC_SPECIES
  Co  58.933  Co_pbe_v1.2.uspp.F.UPF
  Cr  51.996  cr_pbe_v1.5.uspp.F.UPF
  Cu  63.546  Cu.paw.z_11.ld1.psl.v1.0.0-low.upf
  Mn  54.938  mn_pbe_v1.5.uspp.F.UPF
  O  15.999  O.pbe-n-kjpaw_psl.0.1.UPF
CELL_PARAMETERS angstrom
  5.868293765917553  0.0  3.593293588443649e-16
  2.016042504137234e-15  12.536621535320224  7.676466717675844e-16
  0.0  0.0  25.073243070640455
ATOMIC_POSITIONS angstrom
  Cr 0.0000000000 1.5670776919 9.4024661515 0 0 0
  Co 0.0000000000 7.8353884596 9.4024661515 0 0 0
  Mn 2.9341468830 1.5670776919 9.4024661515 0 0 0
  Cu 2.9341468830 7.8353884596 9.4024661515 0 0 0
  Mn 1.4670734415 4.7012330757 9.4024661515 0 0 0
  Cr 1.4670734415 10.9695438434 9.4024661515 0 0 0
  Cu 4.4012203244 4.7012330757 9.4024661515 0 0 0
  Mn 4.4012203244 10.9695438434 9.4024661515 0 0 0
  Mn -0.0070772721 4.7136216366 12.5685035865 1 1 1
  Mn -0.0022412293 10.9575008886 12.5564704411 1 1 1
  Cr 2.9364152892 4.7185689365 12.6046237519 1 1 1
  Co 2.9217928811 10.9485047988 12.5937710028 1 1 1
  Co 1.5113792417 1.5243030405 12.5287635544 1 1 1
  Cr 1.5151521678 7.8511659444 12.4745673614 1 1 1
  Mn 4.3952694814 1.5504670329 12.5425940609 1 1 1
  Co 4.3845082260 7.8630703901 12.5206636570 1 1 1
  Mn 0.0084945790 1.6044715479 15.6104584516 1 1 1
  Cr 0.0016940247 7.8273461100 15.5228738819 1 1 1
  Cr 2.9184172085 1.6204527634 16.2456586308 1 1 1
  Co 2.9392465305 7.7854754025 15.6640814658 1 1 1
  Co 1.4692141621 4.7388076765 15.7513103850 1 1 1
  Co 1.4754288539 10.9620639186 15.8263721162 1 1 1
  Co 4.4012499203 4.7252774872 15.7349029939 1 1 1
  Mn 4.4321664193 10.9656668617 15.7068386248 1 1 1
  O 0.0000000000 4.7012330757 10.6247867512 0 0 0
  O 0.0000000000 10.9695438434 10.6247867512 0 0 0
  O 2.9341468830 4.7012330757 10.6247867512 0 0 0
  O 2.9341468830 10.9695438434 10.6247867512 0 0 0
  O 0.0000000000 4.7012330757 8.1801455518 0 0 0
  O 0.0000000000 10.9695438434 8.1801455518 0 0 0
  O 2.9341468830 4.7012330757 8.1801455518 0 0 0
  O 2.9341468830 10.9695438434 8.1801455518 0 0 0
  O 1.4670734415 0.3447570922 9.4024661515 0 0 0
  O 1.4670734415 6.6130678599 9.4024661515 0 0 0
  O 4.4012203244 0.3447570922 9.4024661515 0 0 0
  O 4.4012203244 6.6130678599 9.4024661515 0 0 0
  O 1.4670734415 2.7893982916 9.4024661515 0 0 0
  O 1.4670734415 9.0577090593 9.4024661515 0 0 0
  O 4.4012203244 2.7893982916 9.4024661515 0 0 0
  O 4.4012203244 9.0577090593 9.4024661515 0 0 0
  O 0.0449364791 1.5582277227 13.7376396795 1 1 1
  O 0.0097261986 7.8441705530 13.7907747722 1 1 1
  O 2.8762865485 1.5630751674 13.6952897381 1 1 1
  O 2.9595332746 7.8174001298 13.7330297697 1 1 1
  O 0.0000000000 1.5670776919 11.3143009356 0 0 0
  O 0.0000000000 7.8353884596 11.3143009356 0 0 0
  O 2.9341468830 1.5670776919 11.3143009356 0 0 0
  O 2.9341468830 7.8353884596 11.3143009356 0 0 0
  O 1.4673505191 3.4957200745 12.5322650826 1 1 1
  O 1.4716249118 9.7283193393 12.5383617131 1 1 1
  O 4.4029725697 3.4781640793 12.6230370605 1 1 1
  O 4.3729258002 9.7176920817 12.5725875691 1 1 1
  O 1.4534414374 5.9621743896 12.5553059194 1 1 1
  O 1.4879482394 12.1716731863 12.5273214896 1 1 1
  O 4.3934965639 5.9581146726 12.5585912249 1 1 1
  O 4.3809598951 12.1656405395 12.6309468412 1 1 1
  O 0.0235238517 4.6444094654 16.8785698809 1 1 1
  O 0.0273044346 10.9973347470 16.9158955845 1 1 1
  O 2.9102293404 4.6857491736 16.8783624649 1 1 1
  O 2.8402282086 10.9807342704 16.8937170921 1 1 1
  O 0.0071360035 4.7434649477 14.5287836673 1 1 1
  O 0.0613847536 10.9173799500 14.5199131963 1 1 1
  O 2.9208760173 4.7939626473 14.5158626282 1 1 1
  O 2.9002813869 10.8650382880 14.4491236865 1 1 1
  O 1.4976648663 0.4305207148 15.8575433385 1 1 1
  O 1.4355920772 6.6147941118 15.8791997355 1 1 1
  O 4.3720780515 0.4078502580 15.8200958331 1 1 1
  O 4.4436881501 6.6049670740 15.9218217661 1 1 1
  O 1.5014585909 2.8035796386 15.7806445550 1 1 1
  O 1.4254006489 8.9623330979 15.9715676534 1 1 1
  O 4.3663362843 2.8130723583 15.7697990522 1 1 1
  O 4.4324088403 9.0062907791 15.9199554242 1 1 1
  O 2.9354119093 1.6618726967 17.8060126186 1 1 1
K_POINTS automatic
  4 2 1 0 0 0
HUBBARD (atomic)
U Co-3d 3.3200
U Cr-3d 3.7000
U Mn-3d 3.9000
