&CONTROL
  calculation = 'scf'
  prefix = 'g_80ebe76a616d61d6fecca57d1cd6c2ef27990771fbc3db9a8cfea6a4bf228e5c__ortho'
  outdir = './tmp'
  pseudo_dir = '/usr/share/espresso/pseudo'
  tprnfor = .true.
  forc_conv_thr = 2.0d-3
  nstep = 200
  max_seconds = 165000
/
&SYSTEM
  ibrav = 0
  nat = 73
  ntyp = 5
  ecutwfc = 80.0
  ecutrho = 640.0
  occupations = 'smearing'
  smearing = 'mv'
  degauss = 0.01
  nosym = .true.
  noinv = .true.
  nspin = 2
  starting_magnetization(1) = 0.6
  starting_magnetization(2) = 0.2
  starting_magnetization(3) = 0.5
  starting_magnetization(4) = 0.3
  starting_magnetization(5) = 0.0
/
&ELECTRONS
  conv_thr = 1.0d-6
  mixing_mode = 'local-TF'
  mixing_beta = 0.3
  electron_maxstep = 300
/
&IONS
  ion_dynamics = 'bfgs'
/
ATOMIC_SPECIES
  Cr  51.996  cr_pbe_v1.5.uspp.F.UPF
  Cu  63.546  Cu.paw.z_11.ld1.psl.v1.0.0-low.upf
  Mn  54.938  mn_pbe_v1.5.uspp.F.UPF
  Ni  58.693  ni_pbe_v1.4.uspp.F.UPF
  O  15.999  O.pbe-n-kjpaw_psl.0.1.UPF
CELL_PARAMETERS angstrom
  5.855999434240528  0.0  3.585765481475687e-16
  2.0120443058924784e-15  12.511759014755889  7.66124281456192e-16
  0.0  0.0  25.023518029511784
ATOMIC_POSITIONS angstrom
  Ni  7.545166147096794e-16  4.691909630533458  9.383819261066916  0 0 0
  Mn  1.7605387676559188e-15  10.947789137911403  9.383819261066916  0 0 0
  Ni  2.9279997171202647  4.691909630533458  9.383819261066916  0 0 0
  Mn  2.9279997171202656  10.947789137911403  9.383819261066915  0 0 0
  Mn  1.4639998585601322  1.563969876844486  9.383819261066916  0 0 0
  Mn  1.4639998585601335  7.81984938422243  9.383819261066916  0 0 0
  Mn  4.391999575680396  1.563969876844486  9.383819261066916  0 0 0
  Cu  4.391999575680397  7.81984938422243  9.383819261066915  0 0 0
  Mn  0.010232955254779675  1.533960122428738  12.595575708965844  1 1 1
  Cr  -0.005087336382378096  7.784039365384305  12.614197029941163  1 1 1
  Ni  2.955906028707774  1.5507978331693557  12.562120710657961  1 1 1
  Cr  2.938273991565205  7.80555635364846  12.567219681744373  1 1 1
  Cr  1.2608996747075891  4.638764883437341  12.493389722860448  1 1 1
  Ni  1.42730601707574  10.976680254358662  12.49005250869871  1 1 1
  Ni  4.378488007304999  4.635911973392225  12.510626570157596  1 1 1
  Ni  4.415126689068857  10.966831377764708  12.494994277291982  1 1 1
  Cr  -0.019202450886852244  4.7275197518248815  16.433259636751444  1 1 1
  Ni  -0.036743996940592584  10.966941620042865  15.776051192231222  1 1 1
  Cr  2.9140320266112356  4.661866020084574  15.556418457736065  1 1 1
  Cr  2.9243400009982103  10.97424839963394  15.536237549118816  1 1 1
  Mn  1.4775808355215843  1.5446233189068377  15.838348406463002  1 1 1
  Cr  1.4895507758746394  7.872626056193987  15.995259812904484  1 1 1
  Ni  4.399308459396578  1.5748435512148262  15.798244435321067  1 1 1
  Mn  4.373089012682263  7.830158819652507  15.779089263406698  1 1 1
  O  2.5150553823655976e-16  1.5639698768444859  10.603715765005616  0 0 0
  O  1.257527691182799e-15  7.81984938422243  10.603715765005616  0 0 0
  O  2.9279997171202647  1.5639698768444859  10.603715765005616  0 0 0
  O  2.927999717120265  7.81984938422243  10.603715765005616  0 0 0
  O  2.515055382365597e-16  1.5639698768444854  8.163922757128216  0 0 0
  O  1.2575276911827989e-15  7.819849384222429  8.163922757128216  0 0 0
  O  2.9279997171202647  1.5639698768444854  8.163922757128216  0 0 0
  O  2.927999717120265  7.819849384222429  8.163922757128216  0 0 0
  O  1.4639998585601328  3.472013126594758  9.383819261066916  0 0 0
  O  1.4639998585601337  9.727892633972703  9.383819261066916  0 0 0
  O  4.391999575680397  3.472013126594758  9.383819261066916  0 0 0
  O  4.391999575680398  9.727892633972703  9.383819261066915  0 0 0
  O  1.4639998585601328  5.911806134472157  9.383819261066916  0 0 0
  O  1.4639998585601341  12.167685641850102  9.383819261066915  0 0 0
  O  4.391999575680397  5.911806134472157  9.383819261066916  0 0 0
  O  4.391999575680398  12.167685641850102  9.383819261066916  0 0 0
  O  0.09499751656135298  4.719577146405189  13.742527912390063  1 1 1
  O  -0.013718533153094245  10.877900948090087  13.725615145727305  1 1 1
  O  2.870784747296806  4.724413573867495  13.861956086797624  1 1 1
  O  2.9150817424417186  10.869984203966204  13.884198072740176  1 1 1
  O  7.545166147096793e-16  4.691909630533457  11.291862510817188  0 0 0
  O  1.7605387676559186e-15  10.947789137911402  11.291862510817188  0 0 0
  O  2.9279997171202647  4.691909630533457  11.291862510817188  0 0 0
  O  2.9279997171202656  10.947789137911402  11.291862510817186  0 0 0
  O  1.4888951189267776  0.3611550514168808  12.66031222313629  1 1 1
  O  1.5062090012865734  6.487026079126976  12.497936613435993  1 1 1
  O  4.419862971027685  0.3185545621708867  12.65516615513824  1 1 1
  O  4.41593878095934  6.582836143214557  12.553432243243675  1 1 1
  O  1.4608307131099831  2.8772889336076943  12.553934746320715  1 1 1
  O  1.4306071212500133  8.979792156558556  12.537905733315956  1 1 1
  O  4.409838192879747  2.7722992485469846  12.59225372279036  1 1 1
  O  4.314644914291119  9.003915145982491  12.575008009508375  1 1 1
  O  -0.037642600974875894  1.5014163587855969  16.98741694126059  1 1 1
  O  0.08202697544072778  7.860661013075831  17.01101986202813  1 1 1
  O  2.9494934118228535  1.5878810944095427  17.014661093598175  1 1 1
  O  2.825764123664829  7.731994040316202  17.063753897837586  1 1 1
  O  0.01748524077698409  1.5516200200450854  14.557876224739918  1 1 1
  O  0.02052255904013516  7.81543694970981  14.52687920086925  1 1 1
  O  2.9386589638349596  1.6397402193828898  14.631149893395444  1 1 1
  O  2.847504438036499  7.772871116448022  14.55328338458497  1 1 1
  O  1.4995234543161835  3.5200035279339086  16.042800970661354  1 1 1
  O  1.59931454898068  9.734041343539651  16.00520371841722  1 1 1
  O  4.33822308211837  3.579322785883633  16.02088554816368  1 1 1
  O  4.21749237985991  9.74829894571468  16.034498987831537  1 1 1
  O  1.4263424463352703  5.866552016792314  15.934954381015782  1 1 1
  O  1.6181064251527857  12.107292512461282  15.989756006969118  1 1 1
  O  4.3418845229708465  5.8891909277911  16.010876408760602  1 1 1
  O  4.165857390606033  12.093802034433107  16.018725498312016  1 1 1
  O  -0.013721252290029136  4.7277058398712155  18.02396159128724  1 1 1
K_POINTS automatic
  4 2 1 0 0 0
HUBBARD (ortho-atomic)
U Cr-3d 3.7000
U Mn-3d 3.9000
U Ni-3d 6.2000
