&CONTROL
  calculation = 'scf'
  prefix = 'leader_pull1.70__ortho'
  outdir = './tmp'
  pseudo_dir = '/usr/share/espresso/pseudo'
  tprnfor = .true.
  forc_conv_thr = 2.0d-3
  nstep = 200
  max_seconds = 165000
/
&SYSTEM
  ibrav = 0
  nat = 75
  ntyp = 6
  ecutwfc = 80.0
  ecutrho = 640.0
  occupations = 'smearing'
  smearing = 'mv'
  degauss = 0.01
  nosym = .true.
  noinv = .true.
  nspin = 2
  starting_magnetization(1) = 0.6
  starting_magnetization(2) = 0.2
  starting_magnetization(3) = 0.5
  starting_magnetization(4) = 0.3
  starting_magnetization(5) = 0.0
  starting_magnetization(6) = 0.0
/
&ELECTRONS
  conv_thr = 1.0d-6
  mixing_mode = 'local-TF'
  mixing_beta = 0.3
  electron_maxstep = 300
/
&IONS
  ion_dynamics = 'bfgs'
/
ATOMIC_SPECIES
  Cr  51.996  cr_pbe_v1.5.uspp.F.UPF
  Cu  63.546  Cu.paw.z_11.ld1.psl.v1.0.0-low.upf
  Mn  54.938  mn_pbe_v1.5.uspp.F.UPF
  Ni  58.693  ni_pbe_v1.4.uspp.F.UPF
  O  15.999  O.pbe-n-kjpaw_psl.0.1.UPF
  H  1.008  H.pbe-rrkjus_psl.1.0.0.UPF
CELL_PARAMETERS angstrom
  5.855999434240528  0.0  3.585765481475687e-16
  2.0120443058924784e-15  12.511759014755889  7.66124281456192e-16
  0.0  0.0  25.023518029511784
ATOMIC_POSITIONS angstrom
  Mn  7.545166147096794e-16  4.691909630533458  9.383819261066916  0 0 0
  Ni  1.7605387676559188e-15  10.947789137911403  9.383819261066916  0 0 0
  Mn  2.9279997171202647  4.691909630533458  9.383819261066916  0 0 0
  Cr  2.9279997171202656  10.947789137911403  9.383819261066915  0 0 0
  Cr  1.4639998585601322  1.563969876844486  9.383819261066916  0 0 0
  Ni  1.4639998585601335  7.81984938422243  9.383819261066916  0 0 0
  Mn  4.391999575680396  1.563969876844486  9.383819261066916  0 0 0
  Ni  4.391999575680397  7.81984938422243  9.383819261066915  0 0 0
  Mn  0.01612884064856589  1.5811766889554006  12.584111867750359  1 1 1
  Ni  0.02977926934978062  7.843389328033888  12.493664675787914  1 1 1
  Mn  2.9308594734797375  1.595857882079293  12.63096195584177  1 1 1
  Cr  2.894609172074559  7.88545024068295  12.720469364901245  1 1 1
  Ni  1.4920956643359633  4.736632179130219  12.5614628248114  1 1 1
  Mn  1.436532469559448  10.960737199154307  12.554898771669473  1 1 1
  Cr  4.314071006314969  4.779352559255682  12.53376957691267  1 1 1
  Mn  4.422561010238328  10.954659704718555  12.55328131681496  1 1 1
  Cr  -0.11209595998487827  4.6398122095603895  15.628626986229156  1 1 1
  Ni  -0.07594617060462124  10.926994754491067  15.756737550983146  1 1 1
  Ni  2.9360499979804238  4.717363408963082  15.833983685334234  1 1 1
  Mn  2.9534259931758147  10.934173433488258  15.759569391812352  1 1 1
  Cr  1.352139624995957  1.455165437641548  16.037354574238435  1 1 1
  Cr  1.2810678838308847  8.059390588756093  16.67251341227542  1 1 1
  Ni  4.340473775696928  1.513630661753316  15.710856939846126  1 1 1
  Cu  4.389679370563256  7.792290981702644  16.051154545003385  1 1 1
  O  2.5150553823655976e-16  1.5639698768444859  10.603715765005616  0 0 0
  O  1.257527691182799e-15  7.81984938422243  10.603715765005616  0 0 0
  O  2.9279997171202647  1.5639698768444859  10.603715765005616  0 0 0
  O  2.927999717120265  7.81984938422243  10.603715765005616  0 0 0
  O  2.515055382365597e-16  1.5639698768444854  8.163922757128216  0 0 0
  O  1.2575276911827989e-15  7.819849384222429  8.163922757128216  0 0 0
  O  2.9279997171202647  1.5639698768444854  8.163922757128216  0 0 0
  O  2.927999717120265  7.819849384222429  8.163922757128216  0 0 0
  O  1.4639998585601328  3.472013126594758  9.383819261066916  0 0 0
  O  1.4639998585601337  9.727892633972703  9.383819261066916  0 0 0
  O  4.391999575680397  3.472013126594758  9.383819261066916  0 0 0
  O  4.391999575680398  9.727892633972703  9.383819261066915  0 0 0
  O  1.4639998585601328  5.911806134472157  9.383819261066916  0 0 0
  O  1.4639998585601341  12.167685641850102  9.383819261066915  0 0 0
  O  4.391999575680397  5.911806134472157  9.383819261066916  0 0 0
  O  4.391999575680398  12.167685641850102  9.383819261066916  0 0 0
  O  -0.03142397177986873  4.839007418041242  13.972159409137861  1 1 1
  O  -0.00587897268924501  10.869972349992098  13.796260280959808  1 1 1
  O  2.9942810871331393  4.810519379224434  13.823033486939611  1 1 1
  O  2.9312501629671686  10.916436782237147  13.844705772555898  1 1 1
  O  7.545166147096793e-16  4.691909630533457  11.291862510817188  0 0 0
  O  1.7605387676559186e-15  10.947789137911402  11.291862510817188  0 0 0
  O  2.9279997171202647  4.691909630533457  11.291862510817188  0 0 0
  O  2.9279997171202656  10.947789137911402  11.291862510817186  0 0 0
  O  1.4715307011728571  0.3501788340182847  12.566063072912241  1 1 1
  O  1.528227652403595  6.643080012502091  12.505445601039611  1 1 1
  O  4.39642743943522  0.3669079702955949  12.640275847175007  1 1 1
  O  4.397994230376169  6.56718876395732  12.574344225357356  1 1 1
  O  1.4672784177166394  2.807374425448432  12.606788792235728  1 1 1
  O  1.5332871884056576  9.061858369034166  12.52218109900546  1 1 1
  O  4.410000232136084  2.8592033400983987  12.649108603554412  1 1 1
  O  4.33129713572972  9.031287473107772  12.518443300388618  1 1 1
  O  0.06280559983153264  1.4979835178077459  17.074122828055433  1 1 1
  O  0.3944723087835015  8.00987675918271  18.00364793057747  1 1 1
  O  2.6893447189120967  1.7549450491043972  16.981028042745805  1 1 1
  O  2.872138143314952  7.7026726214171894  17.111335346580194  1 1 1
  O  0.1148504118631166  1.5998558643677594  14.559826749104841  1 1 1
  O  0.23109204090237612  7.748862485241394  15.297496053734141  1 1 1
  O  2.830222871551832  1.5953486157815078  14.524811091565484  1 1 1
  O  2.9319629946213395  7.750659245267718  14.362561909336856  1 1 1
  O  1.229951504783036  3.539267382197341  15.958124461203068  1 1 1
  O  1.4721239350845527  9.7471444591802  16.2969456757464  1 1 1
  O  4.5054390948363485  3.513229341228361  15.989334691531067  1 1 1
  O  4.3142184303300795  9.671736763646187  16.103020908308885  1 1 1
  O  1.2910170817318831  5.833193200531457  16.542866046530907  1 1 1
  O  1.4885493968469448  12.2133306664647  15.914739601101685  1 1 1
  O  4.520271718361787  5.899295935002618  16.229649385127683  1 1 1
  O  4.276219241862253  12.141774557228972  16.094295553026825  1 1 1
  O  0.23071806411325566  4.262173375555883  19.77802609942453  1 1 1
  O  1.1953973463904022  4.911082594313004  19.353234019461837  1 1 1
  H  1.2295463766511705  5.593809315094375  17.49245928955521  1 1 1
K_POINTS automatic
  4 2 1 0 0 0
HUBBARD (ortho-atomic)
U Cr-3d 3.7000
U Mn-3d 3.9000
U Ni-3d 6.2000
