&CONTROL
  calculation = 'relax'
  prefix = 'lt__Cu8Cr23Mn35Co34__s26_site1__O_recon__atomic'
  outdir = './tmp'
  pseudo_dir = '/usr/share/espresso/pseudo'
  tprnfor = .true.
  forc_conv_thr = 2.0d-3
  nstep = 200
  max_seconds = 165000
/
&SYSTEM
  ibrav = 0
  nat = 73
  ntyp = 5
  ecutwfc = 80.0
  ecutrho = 640.0
  occupations = 'smearing'
  smearing = 'mv'
  degauss = 0.01
  nosym = .true.
  noinv = .true.
  nspin = 2
  starting_magnetization(1) = 0.4
  starting_magnetization(2) = 0.6
  starting_magnetization(3) = 0.2
  starting_magnetization(4) = 0.5
  starting_magnetization(5) = 0.0
/
&ELECTRONS
  conv_thr = 1.0d-6
  mixing_mode = 'local-TF'
  mixing_beta = 0.3
  electron_maxstep = 300
/
&IONS
  ion_dynamics = 'bfgs'
/
ATOMIC_SPECIES
  Co  58.933  Co_pbe_v1.2.uspp.F.UPF
  Cr  51.996  cr_pbe_v1.5.uspp.F.UPF
  Cu  63.546  Cu.paw.z_11.ld1.psl.v1.0.0-low.upf
  Mn  54.938  mn_pbe_v1.5.uspp.F.UPF
  O  15.999  O.pbe-n-kjpaw_psl.0.1.UPF
CELL_PARAMETERS angstrom
  5.868293765917553  0.0  3.593293588443649e-16
  2.016042504137234e-15  12.536621535320224  7.676466717675844e-16
  0.0  0.0  25.073243070640455
ATOMIC_POSITIONS angstrom
  Mn  2.5200531301715427e-16  1.5670776919150278  9.402466151490172  0 0 0
  Co  1.2600265650857714e-15  7.835388459575139  9.402466151490172  0 0 0
  Cu  2.9341468829587773  1.5670776919150278  9.402466151490172  0 0 0
  Cr  2.934146882958778  7.835388459575139  9.402466151490172  0 0 0
  Cr  1.4670734414793891  4.701233075745084  9.40246615149017  0 0 0
  Mn  1.4670734414793902  10.969543843405196  9.402466151490168  0 0 0
  Cr  4.4012203244381665  4.701233075745084  9.40246615149017  0 0 0
  Co  4.4012203244381665  10.969543843405196  9.40246615149017  0 0 0
  Cr  -0.007481855165254578  4.703446141213908  12.606388096762538  1 1 1
  Mn  -0.008700820627050488  10.98497418906659  12.620433094614818  1 1 1
  Co  2.929227453195775  4.697542922254419  12.720884405035564  1 1 1
  Mn  2.9369803704118795  10.981035817399686  12.604621600047679  1 1 1
  Mn  1.472472705585977  1.5707918814747457  12.566030286282421  1 1 1
  Co  1.4299083149304626  7.822912341954367  12.575435477592194  1 1 1
  Co  4.358782275993661  1.5910929485511225  12.542468036186063  1 1 1
  Mn  4.406717089415354  7.840727183412011  12.556336649998116  1 1 1
  Cu  -0.014624585083792602  1.5692719624104907  15.877478138818114  1 1 1
  Cr  -0.012393247020240649  7.843499106175623  16.41105391475753  1 1 1
  Mn  2.9190547992565574  1.566243992887679  15.832696275292585  1 1 1
  Co  2.906285089513388  7.709867093550236  15.610092231846467  1 1 1
  Co  1.4419477167164818  4.661990815970585  15.871098988688962  1 1 1
  Mn  1.4463622895347004  10.967417753366602  15.798967259479813  1 1 1
  Co  4.412465763749631  4.658809651526809  15.8721224343685  1 1 1
  Cr  4.367479051655841  11.006946012779629  15.973169386471012  1 1 1
  O  7.560159390514627e-16  4.701233075745084  10.624786751183894  0 0 0
  O  1.7640371911200798e-15  10.969543843405196  10.624786751183894  0 0 0
  O  2.934146882958778  4.701233075745084  10.624786751183894  0 0 0
  O  2.9341468829587782  10.969543843405196  10.624786751183894  0 0 0
  O  7.560159390514627e-16  4.701233075745084  8.180145551796448  0 0 0
  O  1.7640371911200798e-15  10.969543843405196  8.180145551796448  0 0 0
  O  2.934146882958778  4.701233075745084  8.180145551796448  0 0 0
  O  2.9341468829587782  10.969543843405196  8.180145551796446  0 0 0
  O  1.4670734414793885  0.3447570922213058  9.402466151490172  0 0 0
  O  1.4670734414793896  6.613067859881418  9.402466151490172  0 0 0
  O  4.401220324438165  0.3447570922213058  9.402466151490172  0 0 0
  O  4.401220324438166  6.613067859881418  9.402466151490172  0 0 0
  O  1.467073441479389  2.789398291608749  9.40246615149017  0 0 0
  O  1.4670734414793904  9.057709059268861  9.40246615149017  0 0 0
  O  4.4012203244381665  2.789398291608749  9.40246615149017  0 0 0
  O  4.401220324438167  9.057709059268861  9.402466151490168  0 0 0
  O  -0.06959051339326251  1.628140650368773  13.720528756193783  1 1 1
  O  0.07339761993115203  7.795488318287445  13.696392203822057  1 1 1
  O  2.938125763270159  1.5958970834791182  13.751023986219666  1 1 1
  O  2.9235340605267734  7.8517123887666616  13.836819135163033  1 1 1
  O  2.5200531301715427e-16  1.5670776919150278  11.314300935626504  0 0 0
  O  1.2600265650857714e-15  7.835388459575139  11.314300935626504  0 0 0
  O  2.9341468829587773  1.5670776919150278  11.314300935626504  0 0 0
  O  2.934146882958778  7.835388459575139  11.314300935626504  0 0 0
  O  1.5022674406320724  3.5167686767859974  12.575468627460888  1 1 1
  O  1.4637142498670401  9.733124996264513  12.614215437061816  1 1 1
  O  4.354814327312737  3.453511066427572  12.564255429038134  1 1 1
  O  4.403511495343339  9.752920238804462  12.594704244721145  1 1 1
  O  1.4895725150574297  5.963153908964385  12.58309620729401  1 1 1
  O  1.4622379971769803  12.193237649466026  12.653270247412184  1 1 1
  O  4.363753951772167  5.906550062903041  12.592337949013032  1 1 1
  O  4.394613150747169  12.249801305311582  12.608027547461644  1 1 1
  O  -0.010462566680686432  4.75611928389839  16.930863995331112  1 1 1
  O  -0.08078508409767017  10.886508278807474  17.028851419922397  1 1 1
  O  2.914560372137586  4.68266461799985  16.898546860394855  1 1 1
  O  3.017690613801671  10.817935464904178  17.034756062439577  1 1 1
  O  -0.001912957445869635  4.6447335702786905  14.520871205440884  1 1 1
  O  -0.06929019472409276  10.987154064856384  14.590544827649106  1 1 1
  O  2.918569531867691  4.684074625939852  14.486028029998575  1 1 1
  O  2.996685613531721  10.944229132956314  14.604706916857742  1 1 1
  O  1.4507636468475187  0.34194507119289774  16.05653971992744  1 1 1
  O  1.4306736886804068  6.587481759920148  15.972700088515195  1 1 1
  O  4.390154707297459  0.3378638256999866  16.071906542313098  1 1 1
  O  4.4068058451764  6.5649124125981375  15.947849559474658  1 1 1
  O  1.4157792216072889  2.8040167289525884  16.067359148020216  1 1 1
  O  1.4162833199888147  8.955390788403742  15.988652549197477  1 1 1
  O  4.4190357918738385  2.8195183824007506  16.066091120034464  1 1 1
  O  4.522936197157058  8.896095167058158  15.849477821504209  1 1 1
  O  -0.05397033621324626  7.842225911884053  17.996474059261146  1 1 1
K_POINTS automatic
  4 2 1 0 0 0
HUBBARD (atomic)
U Co-3d 3.3200
U Cr-3d 3.7000
U Mn-3d 3.9000
