&CONTROL
  calculation = 'relax'
  prefix = 'lt__Cu8Cr23Mn35Co34__s26_site1__O_unrecon__atomic'
  outdir = './tmp'
  pseudo_dir = '/usr/share/espresso/pseudo'
  tprnfor = .true.
  forc_conv_thr = 2.0d-3
  nstep = 200
  max_seconds = 165000
/
&SYSTEM
  ibrav = 0
  nat = 73
  ntyp = 5
  ecutwfc = 80.0
  ecutrho = 640.0
  occupations = 'smearing'
  smearing = 'mv'
  degauss = 0.01
  nosym = .true.
  noinv = .true.
  nspin = 2
  starting_magnetization(1) = 0.4
  starting_magnetization(2) = 0.6
  starting_magnetization(3) = 0.2
  starting_magnetization(4) = 0.5
  starting_magnetization(5) = 0.0
/
&ELECTRONS
  conv_thr = 1.0d-6
  mixing_mode = 'local-TF'
  mixing_beta = 0.3
  electron_maxstep = 300
/
&IONS
  ion_dynamics = 'bfgs'
/
ATOMIC_SPECIES
  Co  58.933  Co_pbe_v1.2.uspp.F.UPF
  Cr  51.996  cr_pbe_v1.5.uspp.F.UPF
  Cu  63.546  Cu.paw.z_11.ld1.psl.v1.0.0-low.upf
  Mn  54.938  mn_pbe_v1.5.uspp.F.UPF
  O  15.999  O.pbe-n-kjpaw_psl.0.1.UPF
CELL_PARAMETERS angstrom
  5.868293765917553  0.0  3.593293588443649e-16
  2.016042504137234e-15  12.536621535320224  7.676466717675844e-16
  0.0  0.0  25.073243070640455
ATOMIC_POSITIONS angstrom
  Mn  2.5200531301715427e-16  1.5670776919150278  9.402466151490172  0 0 0
  Co  1.2600265650857714e-15  7.835388459575139  9.402466151490172  0 0 0
  Cu  2.9341468829587773  1.5670776919150278  9.402466151490172  0 0 0
  Cr  2.934146882958778  7.835388459575139  9.402466151490172  0 0 0
  Cr  1.4670734414793891  4.701233075745084  9.40246615149017  0 0 0
  Mn  1.4670734414793902  10.969543843405196  9.402466151490168  0 0 0
  Cr  4.4012203244381665  4.701233075745084  9.40246615149017  0 0 0
  Co  4.4012203244381665  10.969543843405196  9.40246615149017  0 0 0
  Cr  -0.009618883548290897  4.721019262267385  12.605961551444777  1 1 1
  Mn  -0.011192313546576838  10.991375763572012  12.628404974444035  1 1 1
  Co  2.933235914883695  4.704900376598325  12.72344863785561  1 1 1
  Mn  2.9398558772533177  10.988287673146827  12.615833663812257  1 1 1
  Mn  1.4716834309112348  1.575804266694234  12.562274307853208  1 1 1
  Co  1.5296322093063608  7.843920537706711  12.54907984663883  1 1 1
  Co  4.361226599483309  1.6018751849536907  12.534931631202932  1 1 1
  Mn  4.3700261858589196  7.844492965227465  12.56233798832303  1 1 1
  Cu  -0.01281476632343672  1.5733873103480562  15.87190894769391  1 1 1
  Cr  -0.0021543232073479523  7.786928805396502  15.672679176097233  1 1 1
  Mn  2.919394768850131  1.5760499568699602  15.819744299145535  1 1 1
  Co  2.9256237888542085  7.782331941241624  15.863193551672696  1 1 1
  Co  1.454259825461642  4.638036601812497  15.875616349058276  1 1 1
  Mn  1.4335085360426378  10.977234122973334  15.81037362742339  1 1 1
  Co  4.414704139286699  4.642400392320192  15.87488567853748  1 1 1
  Cr  4.331797188009486  11.017014370888665  16.003374011353834  1 1 1
  O  7.560159390514627e-16  4.701233075745084  10.624786751183894  0 0 0
  O  1.7640371911200798e-15  10.969543843405196  10.624786751183894  0 0 0
  O  2.934146882958778  4.701233075745084  10.624786751183894  0 0 0
  O  2.9341468829587782  10.969543843405196  10.624786751183894  0 0 0
  O  7.560159390514627e-16  4.701233075745084  8.180145551796448  0 0 0
  O  1.7640371911200798e-15  10.969543843405196  8.180145551796448  0 0 0
  O  2.934146882958778  4.701233075745084  8.180145551796448  0 0 0
  O  2.9341468829587782  10.969543843405196  8.180145551796446  0 0 0
  O  1.4670734414793885  0.3447570922213058  9.402466151490172  0 0 0
  O  1.4670734414793896  6.613067859881418  9.402466151490172  0 0 0
  O  4.401220324438165  0.3447570922213058  9.402466151490172  0 0 0
  O  4.401220324438166  6.613067859881418  9.402466151490172  0 0 0
  O  1.467073441479389  2.789398291608749  9.40246615149017  0 0 0
  O  1.4670734414793904  9.057709059268861  9.40246615149017  0 0 0
  O  4.4012203244381665  2.789398291608749  9.40246615149017  0 0 0
  O  4.401220324438167  9.057709059268861  9.402466151490168  0 0 0
  O  -0.067171982990696  1.6514323035845229  13.712411738504212  1 1 1
  O  -0.017095554726270737  7.815192808688052  13.929322450677809  1 1 1
  O  2.9409721631605064  1.6113252723372709  13.740483937451954  1 1 1
  O  2.906151974632857  7.852726473502605  13.77743776943876  1 1 1
  O  2.5200531301715427e-16  1.5670776919150278  11.314300935626504  0 0 0
  O  1.2600265650857714e-15  7.835388459575139  11.314300935626504  0 0 0
  O  2.9341468829587773  1.5670776919150278  11.314300935626504  0 0 0
  O  2.934146882958778  7.835388459575139  11.314300935626504  0 0 0
  O  1.4955137651164663  3.5285748340933343  12.562825227671967  1 1 1
  O  1.4607330215964707  9.722470200160046  12.632567653992616  1 1 1
  O  4.366755792369744  3.466002532486595  12.556440570541392  1 1 1
  O  4.399652746841259  9.760844816139793  12.604559895764957  1 1 1
  O  1.479863428714979  5.992599590239488  12.58996184914701  1 1 1
  O  1.461950798905831  12.197352524261213  12.66029535770336  1 1 1
  O  4.3794971377280945  5.916282977209115  12.588996424895031  1 1 1
  O  4.393963853324448  12.256309863000554  12.613469040229543  1 1 1
  O  -0.0008668917920594571  4.7352899810410936  16.922098747874294  1 1 1
  O  -0.08912464669707577  10.922619304144803  17.02994393790568  1 1 1
  O  2.9194723045175928  4.659025704247722  16.910499654451083  1 1 1
  O  2.983853178027348  10.910607544981287  17.07703533865996  1 1 1
  O  0.018613720758225132  4.70656947624999  14.517319969814448  1 1 1
  O  -0.07132647165502304  10.944930927934763  14.592606354157317  1 1 1
  O  2.9243889407545116  4.673377946458802  14.477914043598552  1 1 1
  O  3.0034186070521383  10.982763399825982  14.625414580871775  1 1 1
  O  1.4514014034575016  0.3620618429328565  16.042261583828402  1 1 1
  O  1.479856001398598  6.584693433847447  15.98912667672158  1 1 1
  O  4.38979407266447  0.3537065238924787  16.041375687467525  1 1 1
  O  4.397580897393104  6.537549890216967  15.941326856736566  1 1 1
  O  1.4166224899996356  2.8078562953545703  16.052254580121204  1 1 1
  O  1.4702952659219637  8.996228646769662  16.03018558689641  1 1 1
  O  4.4278500064459765  2.8222861041728176  16.052088575365453  1 1 1
  O  4.373560034230762  8.926553844586065  15.99113878636489  1 1 1
  O  -0.0021543232073479523  7.786928805396502  17.307679176097235  1 1 1
K_POINTS automatic
  4 2 1 0 0 0
HUBBARD (atomic)
U Co-3d 3.3200
U Cr-3d 3.7000
U Mn-3d 3.9000
