&CONTROL
  calculation = 'relax'
  prefix = 's0_OOH__2x1o_mir'
  outdir = './tmp'
  pseudo_dir = '/usr/share/espresso/pseudo'
  tprnfor = .true.
  forc_conv_thr = 2.0d-3
  nstep = 200
  max_seconds = 163588
/
&SYSTEM
  ibrav = 0
  nat = 40
  ntyp = 3
  ecutwfc = 80.0
  ecutrho = 640.0
  occupations = 'smearing'
  smearing = 'mv'
  degauss = 0.01
/
&ELECTRONS
  conv_thr = 1.0d-6
  mixing_mode = 'local-TF'
  mixing_beta = 0.3
  electron_maxstep = 200
/
&IONS
  ion_dynamics = 'bfgs'
/
ATOMIC_SPECIES
  H  1.008  H.pbe-rrkjus_psl.1.0.0.UPF
  Ru  101.070  Ru_ONCV_PBE-1.0.oncvpsp.upf
  O  15.999  O.pbe-n-kjpaw_psl.0.1.UPF
CELL_PARAMETERS angstrom
  6.21400000  0.00000000  0.00000000
  0.00000000  6.35264732  0.00000000
  0.00000000  0.00000000  25.41058929
ATOMIC_POSITIONS angstrom
  Ru  0.00000000  1.58816183  9.52897098  0 0 0
  Ru  1.55350000  4.76448549  9.52897098  0 0 0
  Ru  0.01134473  4.76448549  12.74208708  1 1 1
  Ru  1.55705252  1.58816183  12.68583057  1 1 1
  Ru  -0.01056521  1.58816183  15.88551930  1 1 1
  Ru  1.56092908  4.76448549  16.00135183  1 1 1
  O  0.00000000  4.76448549  10.76773721  0 0 0
  O  0.00000000  4.76448549  8.29020476  0 0 0
  O  1.55350000  0.34939560  9.52897098  0 0 0
  O  1.55350000  2.82692806  9.52897098  0 0 0
  O  0.00445001  1.58816183  13.95397138  1 1 1
  O  0.00000000  1.58816183  11.46652842  0 0 0
  O  1.56415593  3.53248963  12.71691303  1 1 1
  O  1.56415593  5.99648135  12.71691303  1 1 1
  O  0.00972164  4.76448549  17.10474965  1 1 1
  O  0.00669728  4.76448549  14.67778236  1 1 1
  O  1.56071284  0.35933044  15.90432982  1 1 1
  O  1.56071284  2.81699322  15.90432982  1 1 1
  Ru  3.10700000  1.58816183  9.52897098  0 0 0
  Ru  4.66050000  4.76448549  9.52897098  0 0 0
  Ru  3.10700000  4.76448549  12.72778854  1 1 1
  Ru  4.66050000  1.58816183  12.70740789  1 1 1
  Ru  3.10700000  1.58816183  16.05740782  1 1 1
  Ru  4.66050000  4.76448549  15.95689732  1 1 1
  O  3.10700000  4.76448549  10.76773721  0 0 0
  O  3.10700000  4.76448549  8.29020476  0 0 0
  O  4.66050000  0.34939560  9.52897098  0 0 0
  O  4.66050000  2.82692806  9.52897098  0 0 0
  O  3.10700000  1.58816183  13.98087539  1 1 1
  O  3.10700000  1.58816183  11.46652842  0 0 0
  O  4.66050000  3.53080522  12.71371182  1 1 1
  O  4.66050000  5.99816576  12.71371182  1 1 1
  O  3.10700000  4.76448549  17.06048424  1 1 1
  O  3.10700000  4.76448549  14.65804848  1 1 1
  O  4.66050000  0.36981045  15.86458974  1 1 1
  O  4.66050000  2.80651321  15.86458974  1 1 1
  O  0.20693978  1.58816183  17.82074218  1 1 1
  O  -0.65218463  1.58816183  18.90972356  1 1 1
  H  -1.58735171  1.58816183  18.48787238  1 1 1
  O  3.10700000  1.58816183  17.75586255  1 1 1
K_POINTS automatic
  4 4 1 0 0 0
