&CONTROL
  calculation = 'relax'
  prefix = 's0_OOH__2x1v_mir'
  outdir = './tmp'
  pseudo_dir = '/usr/share/espresso/pseudo'
  tprnfor = .true.
  forc_conv_thr = 2.0d-3
  nstep = 200
  max_seconds = 163588
/
&SYSTEM
  ibrav = 0
  nat = 39
  ntyp = 3
  ecutwfc = 80.0
  ecutrho = 640.0
  occupations = 'smearing'
  smearing = 'mv'
  degauss = 0.01
/
&ELECTRONS
  conv_thr = 1.0d-6
  mixing_mode = 'local-TF'
  mixing_beta = 0.3
  electron_maxstep = 200
/
&IONS
  ion_dynamics = 'bfgs'
/
ATOMIC_SPECIES
  H  1.008  H.pbe-rrkjus_psl.1.0.0.UPF
  Ru  101.070  Ru_ONCV_PBE-1.0.oncvpsp.upf
  O  15.999  O.pbe-n-kjpaw_psl.0.1.UPF
CELL_PARAMETERS angstrom
  6.21400000  0.00000000  0.00000000
  0.00000000  6.35264732  0.00000000
  0.00000000  0.00000000  25.41058929
ATOMIC_POSITIONS angstrom
  Ru  0.00000000  1.58816183  9.52897098  0 0 0
  Ru  1.55350000  4.76448549  9.52897098  0 0 0
  Ru  0.01134473  4.76448549  12.74208708  1 1 1
  Ru  1.55705252  1.58816183  12.68583057  1 1 1
  Ru  -0.01056521  1.58816183  15.88551930  1 1 1
  Ru  1.56092908  4.76448549  16.00135183  1 1 1
  O  0.00000000  4.76448549  10.76773721  0 0 0
  O  0.00000000  4.76448549  8.29020476  0 0 0
  O  1.55350000  0.34939560  9.52897098  0 0 0
  O  1.55350000  2.82692806  9.52897098  0 0 0
  O  0.00445001  1.58816183  13.95397138  1 1 1
  O  0.00000000  1.58816183  11.46652842  0 0 0
  O  1.56415593  3.53248963  12.71691303  1 1 1
  O  1.56415593  5.99648135  12.71691303  1 1 1
  O  0.00972164  4.76448549  17.10474965  1 1 1
  O  0.00669728  4.76448549  14.67778236  1 1 1
  O  1.56071284  0.35933044  15.90432982  1 1 1
  O  1.56071284  2.81699322  15.90432982  1 1 1
  Ru  3.10700000  1.58816183  9.52897098  0 0 0
  Ru  4.66050000  4.76448549  9.52897098  0 0 0
  Ru  3.10699997  4.76448558  12.74853310  1 1 1
  Ru  4.66049971  1.58816171  12.67971255  1 1 1
  Ru  3.10699978  1.58816149  15.80388015  1 1 1
  Ru  4.66050009  4.76448526  16.03265811  1 1 1
  O  3.10700000  4.76448549  10.76773721  0 0 0
  O  3.10700000  4.76448549  8.29020476  0 0 0
  O  4.66050000  0.34939560  9.52897098  0 0 0
  O  4.66050000  2.82692806  9.52897098  0 0 0
  O  3.10699949  1.58816138  13.92191795  1 1 1
  O  3.10700000  1.58816183  11.46652842  0 0 0
  O  4.66050001  3.53566367  12.72147054  1 1 1
  O  4.66049983  5.99330735  12.72147056  1 1 1
  O  3.10700000  4.76448550  17.13147323  1 1 1
  O  3.10700032  4.76448545  14.69145772  1 1 1
  O  4.66049982  0.37949473  15.96840328  1 1 1
  O  4.66049981  2.79682839  15.96840322  1 1 1
  O  0.20693978  1.58816183  17.82074218  1 1 1
  O  -0.65218463  1.58816183  18.90972356  1 1 1
  H  -1.58735171  1.58816183  18.48787238  1 1 1
K_POINTS automatic
  4 4 1 0 0 0
