&CONTROL
  restart_mode = 'from_scratch'
  calculation = 'relax'
  prefix = 'slab_c5low__pa_boundary'
  outdir = '/anvil/projects/x-che260157/sts_pa_catalyst_o1_2026-10-07/trial_results/negative/checkpoint_copy/outdir'
  pseudo_dir = '/anvil/projects/x-che260157/sts_pa_catalyst_o1_2026-10-07/trial_results/common_pseudo'
  tprnfor = .true.
  forc_conv_thr = 2.0d-3
  nstep = 30
  max_seconds = 7080
/
&SYSTEM
  ibrav = 0
  nat = 72
  ntyp = 5
  ecutwfc = 80.0
  ecutrho = 640.0
  occupations = 'smearing'
  smearing = 'mv'
  degauss = 0.01
  nosym = .true.
  noinv = .true.
  nspin = 2
  starting_magnetization(1) = 0.4
  starting_magnetization(2) = 0.6
  starting_magnetization(3) = 0.2
  starting_magnetization(4) = 0.5
  starting_magnetization(5) = 0.0
/
&ELECTRONS
  conv_thr = 1.0d-6
  mixing_mode = 'local-TF'
  mixing_beta = 0.3
  startingwfc = 'atomic+random'
  startingpot = 'file'
  electron_maxstep = 300
/
&IONS
  ion_dynamics = 'bfgs'
/
ATOMIC_SPECIES
  Co  58.933  Co_pbe_v1.2.uspp.F.UPF
  Cr  51.996  cr_pbe_v1.5.uspp.F.UPF
  Cu  63.546  Cu.paw.z_11.ld1.psl.v1.0.0-low.upf
  Mn  54.938  mn_pbe_v1.5.uspp.F.UPF
  O  15.999  O.pbe-n-kjpaw_psl.0.1.UPF
CELL_PARAMETERS angstrom
  5.868293765917553  0.0  3.593293588443649e-16
  2.016042504137234e-15  12.536621535320224  7.676466717675844e-16
  0.0  0.0  25.073243070640455
ATOMIC_POSITIONS bohr
  Cr 0 2.9613476537016838 17.768085922399081 0 0 0
  Co 2.7337649355124901e-31 14.806738268697391 17.768085922399081 0 0 0
  Mn 5.5447340182943732 2.9613476537016838 17.768085922399081 0 0 0
  Cu 5.5447340182943732 14.806738268697391 17.768085922399081 0 0 0
  Mn 2.772367009147187 8.8840429611050524 17.768085922399081 0 0 0
  Cr 2.772367009147187 20.72943357610076 17.768085922399081 0 0 0
  Cu 8.3171010272525869 8.8840429611050524 17.768085922399081 0 0 0
  Mn 8.3171010272525869 20.72943357610076 17.768085922399081 0 0 0
  Mn 0.007686536168346937 8.9115040724609962 23.791615833325729 1 1 1
  Mn -0.01529506179646359 20.688855808292221 23.817832196426661 1 1 1
  Cr 5.5719003793152746 8.9099080635566494 23.77926248105754 1 1 1
  Co 5.5249324007921761 20.681440641687129 23.848715272625139 1 1 1
  Co 2.7300505739856979 2.88134677738149 23.688470535805529 1 1 1
  Cr 2.8932462955046092 14.84185641772296 23.631048917632992 1 1 1
  Mn 8.3477287235892543 2.9292397615507899 23.696450937664821 1 1 1
  Co 8.2989213512492093 14.855631229791401 23.68901211962266 1 1 1
  Mn -0.010786809303112989 2.9977013177470369 29.85091613078303 1 1 1
  Cr 0.0074667449861249881 14.792566685935221 29.419302357821358 1 1 1
  Cr 5.510123729245116 3.0090065705633209 29.449377586851561 1 1 1
  Co 5.5554846041708332 14.78186111935344 29.783749237575979 1 1 1
  Co 2.7703549398092551 8.9650847492248253 29.860952990317479 1 1 1
  Co 2.7833126585800141 20.69709179898053 30.1019313922571 1 1 1
  Co 8.3135362755026527 8.9203492554913382 29.98977082453014 1 1 1
  Mn 8.3273138814587693 20.699679924442869 29.823109771258281 1 1 1
  O 0 8.8840429611050524 20.077937092320411 0 0 0
  O -5.4675298710249803e-31 20.72943357610076 20.077937092320411 0 0 0
  O 5.5447340182943732 8.8840429611050524 20.077937092320411 0 0 0
  O 5.5447340182943732 20.72943357610076 20.077937092320401 0 0 0
  O 0 8.8840429611050524 15.45823475247775 0 0 0
  O -5.4675298710249803e-31 20.72943357610076 15.45823475247775 0 0 0
  O 5.5447340182943732 8.8840429611050524 15.45823475247775 0 0 0
  O 5.5447340182943732 20.72943357610076 15.45823475247775 0 0 0
  O 2.772367009147187 0.65149648378035541 17.768085922399081 0 0 0
  O 2.772367009147187 12.49688709877606 17.768085922399081 0 0 0
  O 8.3171010272525869 0.65149648378035541 17.768085922399081 0 0 0
  O 8.3171010272525869 12.49688709877606 17.768085922399081 0 0 0
  O 2.772367009147187 5.2711988236230134 17.768085922399081 0 0 0
  O 2.772367009147187 17.116589438618721 17.768085922399081 0 0 0
  O 8.3171010272525869 5.2711988236230134 17.768085922399081 0 0 0
  O 8.3171010272525869 17.116589438618721 17.768085922399081 0 0 0
  O 0.033379359233962048 2.9386426671243342 26.046394219303931 1 1 1
  O 0.014038037057848949 14.792385660445239 26.17487264868301 1 1 1
  O 5.5431324362949717 3.0020846772815291 26.187139054399822 1 1 1
  O 5.5985307519196192 14.75093952296395 25.995831764704249 1 1 1
  O 0 2.9613476537016838 21.38093005988112 0 0 0
  O 2.7337649355124901e-31 14.806738268697391 21.38093005988112 0 0 0
  O 5.5447340182943732 2.9613476537016838 21.38093005988112 0 0 0
  O 5.5447340182943732 14.806738268697391 21.38093005988112 0 0 0
  O 2.79075417352901 6.5771153913834421 23.768311555002601 1 1 1
  O 2.7784162519287041 18.369661596720611 23.81503075207257 1 1 1
  O 8.3496838947794743 6.5755779185837024 23.815405630754618 1 1 1
  O 8.2685483173068288 18.353496941388322 23.811959068029239 1 1 1
  O 2.766198277675326 11.243642321902961 23.778852621258419 1 1 1
  O 2.8297992148511621 23.041015975685429 23.79823488035197 1 1 1
  O 8.3231584235483815 11.255518335358399 23.780246259637231 1 1 1
  O 8.2756992427471818 22.992200466103611 23.846561610389301 1 1 1
  O 0.057232523281161483 8.8740566608195426 32.006309907833781 1 1 1
  O 0.081110653188957285 20.744685068279011 32.10762646322479 1 1 1
  O 5.5567253555005518 8.9415341450004657 31.987312736440991 1 1 1
  O 5.4193443053973036 20.673650934800619 32.094477247051131 1 1 1
  O -0.0062253324967583212 8.9668060809562 27.599766282608051 1 1 1
  O 0.076357941201280116 20.69597624708247 27.537092260148071 1 1 1
  O 5.5270896479985776 8.9221852453455632 27.54276058540631 1 1 1
  O 5.4700768391295869 20.696779873684381 27.485760899246142 1 1 1
  O 2.8708672644562832 0.78102954477790731 30.29673344356377 1 1 1
  O 2.7109461701703879 12.568609774044409 30.151721371445969 1 1 1
  O 8.1857784771307927 0.72065158495472426 30.2018382009257 1 1 1
  O 8.4069739591571775 12.59024003536611 30.24395277028999 1 1 1
  O 2.842884379939814 5.2636148801947504 30.184618009929348 1 1 1
  O 2.7070993508606449 16.971004633014651 30.22791011770834 1 1 1
  O 8.1902320604771628 5.243085138874747 30.192260750377262 1 1 1
  O 8.392565487629728 17.041501047375981 30.222744692898289 1 1 1
K_POINTS automatic
  4 2 1 0 0 0
HUBBARD (atomic)
U Co-3d 3.3200
U Cr-3d 3.7000
U Mn-3d 3.9000
