&CONTROL
  calculation = 'scf'
  prefix = 'OOH__atomic_ndim16'
  outdir = '/anvil/projects/x-che260157/sts_arm_c_2026-10-07_rerun/runs/hea/arm_c_2026-10-07_rerun/Cu22Fe30Co32Mn15__s6_site1/tmp_OOH__atomic_ndim16'
  pseudo_dir = '/anvil/projects/x-che260157/pseudo'
  tprnfor = .true.
  forc_conv_thr = 2.0d-3
  nstep = 200
  max_seconds = 165000
/
&SYSTEM
  ibrav = 0
  nat = 75
  ntyp = 6
  ecutwfc = 80.0
  ecutrho = 640.0
  occupations = 'smearing'
  smearing = 'mv'
  degauss = 0.01
  nosym = .true.
  noinv = .true.
  nspin = 2
  starting_magnetization(1) = 0.4
  starting_magnetization(2) = 0.2
  starting_magnetization(3) = 0.5
  starting_magnetization(4) = 0.5
  starting_magnetization(5) = 0.0
  starting_magnetization(6) = 0.0
/
&ELECTRONS
  conv_thr = 1.0d-6
  mixing_mode = 'local-TF'
  mixing_beta = 0.3
  mixing_ndim = 16
  electron_maxstep = 300
/
&IONS
  ion_dynamics = 'bfgs'
/
ATOMIC_SPECIES
  Co  58.933  Co_pbe_v1.2.uspp.F.UPF
  Cu  63.546  Cu.paw.z_11.ld1.psl.v1.0.0-low.upf
  Fe  55.845  Fe.pbe-spn-kjpaw_psl.0.2.1.UPF
  Mn  54.938  mn_pbe_v1.5.uspp.F.UPF
  O  15.999  O.pbe-n-kjpaw_psl.0.1.UPF
  H  1.008  H.pbe-rrkjus_psl.1.0.0.UPF
CELL_PARAMETERS angstrom
  5.955113842225956  0.0  3.646455552720057e-16
  2.031127503823677e-15  12.630426567476672  7.733905733862998e-16
  0.0  0.0  25.26085313495335
ATOMIC_POSITIONS angstrom
  Cu  7.616728139338787e-16  4.7364099628037515  9.472819925607507  0 0 0
  Mn  1.7772365658457176e-15  11.051623246542086  9.472819925607507  0 0 0
  Mn  2.977556921112979  4.7364099628037515  9.472819925607507  0 0 0
  Cu  2.97755692111298  11.051623246542086  9.472819925607505  0 0 0
  Cu  1.4887784605564893  1.5788033209345838  9.472819925607507  0 0 0
  Co  1.4887784605564907  7.89401660467292  9.472819925607507  0 0 0
  Co  4.4663353816694675  1.5788033209345838  9.472819925607507  0 0 0
  Fe  4.466335381669468  7.89401660467292  9.472819925607505  0 0 0
  Fe  0.0020150149774693787  1.563095524751647  12.653557980609971  1 1 1
  Mn  -0.004123368674306304  7.91190679524011  12.651529282907612  1 1 1
  Fe  2.961537605505892  1.5556578107870211  12.663890104776897  1 1 1
  Co  2.9719919803701895  7.895037244326259  12.725495699335358  1 1 1
  Mn  1.483220425711141  4.7558880224401365  12.646647844011841  1 1 1
  Fe  1.4796866112843121  11.027063325272028  12.629482590801102  1 1 1
  Fe  4.477175904666649  4.747557160578761  12.64889380416195  1 1 1
  Co  4.445318363877977  11.036294587664004  12.61509250111329  1 1 1
  Cu  0.0017262257729176473  4.794043034769496  15.947937769085302  1 1 1
  Co  0.0022129642973829724  11.022149977869283  16.07769195564945  1 1 1
  Cu  2.9895503977728097  4.79038473425838  15.936674605528275  1 1 1
  Fe  2.9978959606895907  11.033952640482838  15.733923153484643  1 1 1
  Co  1.4701584172733007  1.6584251094002669  15.965041931744956  1 1 1
  Co  1.4516221282188295  7.8413952508638225  15.870791723514014  1 1 1
  Fe  4.460239414249013  1.6652336351104082  15.937336127122563  1 1 1
  Co  4.485466581066893  7.850396748246977  15.891221999823504  1 1 1
  O  2.538909379779596e-16  1.5788033209345838  10.704286515936483  0 0 0
  O  1.2694546898897982e-15  7.89401660467292  10.704286515936483  0 0 0
  O  2.977556921112979  1.5788033209345838  10.704286515936483  0 0 0
  O  2.9775569211129795  7.89401660467292  10.704286515936483  0 0 0
  O  2.538909379779596e-16  1.5788033209345838  8.24135333527853  0 0 0
  O  1.2694546898897982e-15  7.89401660467292  8.24135333527853  0 0 0
  O  2.977556921112979  1.5788033209345838  8.24135333527853  0 0 0
  O  2.9775569211129795  7.89401660467292  8.24135333527853  0 0 0
  O  1.48877846055649  3.5049433724747754  9.472819925607507  0 0 0
  O  1.4887784605564909  9.820156656213111  9.472819925607507  0 0 0
  O  4.466335381669468  3.5049433724747754  9.472819925607507  0 0 0
  O  4.466335381669469  9.820156656213111  9.472819925607505  0 0 0
  O  1.48877846055649  5.967876553132727  9.472819925607507  0 0 0
  O  1.4887784605564913  12.283089836871062  9.472819925607505  0 0 0
  O  4.466335381669468  5.967876553132727  9.472819925607507  0 0 0
  O  4.466335381669469  12.283089836871062  9.472819925607507  0 0 0
  O  0.011592359454278136  4.738637933054134  13.837137343016007  1 1 1
  O  -0.08880925105533329  11.042085070157244  13.811926732340428  1 1 1
  O  2.9724243387884  4.7283216625291535  13.84040992426018  1 1 1
  O  2.9988253407566248  11.063103362027956  13.871208433679078  1 1 1
  O  7.616728139338787e-16  4.7364099628037515  11.3989599771477  0 0 0
  O  1.777236565845717e-15  11.051623246542086  11.3989599771477  0 0 0
  O  2.977556921112979  4.7364099628037515  11.3989599771477  0 0 0
  O  2.97755692111298  11.051623246542086  11.398959977147697  0 0 0
  O  1.483399989340457  0.3471449085642358  12.730180477207357  1 1 1
  O  1.5050414372350258  6.686555608332846  12.650830363283857  1 1 1
  O  4.443723601324357  0.26956727028032385  12.680199317984146  1 1 1
  O  4.448891894527192  6.733747633095462  12.654451158919162  1 1 1
  O  1.4904033287177378  2.820830877982745  12.698041022882352  1 1 1
  O  1.5038765072731797  9.088565043436237  12.658480312305779  1 1 1
  O  4.453812584187677  2.760651130750577  12.67931463284917  1 1 1
  O  4.442989232304286  9.139525481643744  12.656076116775564  1 1 1
  O  0.12388896315143115  1.5889105708771136  17.07745641430415  1 1 1
  O  0.03161796815965961  7.89227408548247  16.970541518709503  1 1 1
  O  2.8878409332703048  1.5787908959692667  17.066201844495946  1 1 1
  O  2.9865637287506477  7.910506680294107  16.876462994879503  1 1 1
  O  -0.002601653732036098  1.6769356328409586  14.696694142494794  1 1 1
  O  -0.00832107272432695  7.824572251393349  14.624415626227956  1 1 1
  O  2.9508608731581094  1.6518723194764051  14.705492553594215  1 1 1
  O  2.9804630303472335  7.860749966377627  14.52841117441015  1 1 1
  O  1.4925441474077346  3.6166517506450835  16.148867493371  1 1 1
  O  1.4678644526057354  9.822608745015184  16.010058746040006  1 1 1
  O  4.472012278936769  3.6354302167177766  16.245184314949764  1 1 1
  O  4.495550726745745  9.785893375831277  16.094131721874565  1 1 1
  O  1.5005327848994734  5.9823100993004825  16.13542336786475  1 1 1
  O  1.461873846102309  12.230493048766121  16.016624713034414  1 1 1
  O  4.464269628985006  5.997690722259803  16.152625915877948  1 1 1
  O  4.515654146242033  12.220479716101577  16.108474956762382  1 1 1
  O  0.03226458417051971  11.015168385302596  18.0120331945738  1 1 1
  O  1.2848460371601897  11.057717813394806  18.51815054329442  1 1 1
  H  1.113349795537764  11.055166889896482  19.49732823711127  1 1 1
K_POINTS automatic
  4 2 1 0 0 0
HUBBARD (atomic)
U Co-3d 3.3200
U Fe-3d 5.3000
U Mn-3d 3.9000
