&CONTROL
  calculation = 'scf'
  prefix = 'slab__atomic_ndim16'
  outdir = '/anvil/projects/x-che260157/sts_arm_c_2026-10-07_rerun/runs/hea/arm_c_2026-10-07_rerun/Cu22Fe30Co32Mn15__s6_site1/tmp_slab__atomic_ndim16'
  pseudo_dir = '/anvil/projects/x-che260157/pseudo'
  tprnfor = .true.
  forc_conv_thr = 2.0d-3
  nstep = 200
  max_seconds = 165000
/
&SYSTEM
  ibrav = 0
  nat = 72
  ntyp = 5
  ecutwfc = 80.0
  ecutrho = 640.0
  occupations = 'smearing'
  smearing = 'mv'
  degauss = 0.01
  nosym = .true.
  noinv = .true.
  nspin = 2
  starting_magnetization(1) = 0.4
  starting_magnetization(2) = 0.2
  starting_magnetization(3) = 0.5
  starting_magnetization(4) = 0.5
  starting_magnetization(5) = 0.0
/
&ELECTRONS
  conv_thr = 1.0d-6
  mixing_mode = 'local-TF'
  mixing_beta = 0.3
  mixing_ndim = 16
  electron_maxstep = 300
/
&IONS
  ion_dynamics = 'bfgs'
/
ATOMIC_SPECIES
  Co  58.933  Co_pbe_v1.2.uspp.F.UPF
  Cu  63.546  Cu.paw.z_11.ld1.psl.v1.0.0-low.upf
  Fe  55.845  Fe.pbe-spn-kjpaw_psl.0.2.1.UPF
  Mn  54.938  mn_pbe_v1.5.uspp.F.UPF
  O  15.999  O.pbe-n-kjpaw_psl.0.1.UPF
CELL_PARAMETERS angstrom
  5.955113842225956  0.0  3.646455552720057e-16
  2.031127503823677e-15  12.630426567476672  7.733905733862998e-16
  0.0  0.0  25.26085313495335
ATOMIC_POSITIONS angstrom
  Cu  7.616728139338787e-16  4.7364099628037515  9.472819925607507  0 0 0
  Mn  1.7772365658457176e-15  11.051623246542086  9.472819925607507  0 0 0
  Mn  2.977556921112979  4.7364099628037515  9.472819925607507  0 0 0
  Cu  2.97755692111298  11.051623246542086  9.472819925607505  0 0 0
  Cu  1.4887784605564893  1.5788033209345838  9.472819925607507  0 0 0
  Co  1.4887784605564907  7.89401660467292  9.472819925607507  0 0 0
  Co  4.4663353816694675  1.5788033209345838  9.472819925607507  0 0 0
  Fe  4.466335381669468  7.89401660467292  9.472819925607505  0 0 0
  Fe  0.005679950229038328  1.5658904846533999  12.642487866814609  1 1 1
  Mn  -0.0011967177205549503  7.9074817013226575  12.642941853929234  1 1 1
  Fe  2.9592724000915474  1.554189454931698  12.66611311658469  1 1 1
  Co  2.9652742784784545  7.893454840039742  12.736325572213332  1 1 1
  Mn  1.4838113475051764  4.752700687754563  12.646708485950313  1 1 1
  Fe  1.4998877803838893  11.027043319253242  12.62192273300143  1 1 1
  Fe  4.47475598461646  4.74353003626327  12.648702607894261  1 1 1
  Co  4.397186747173156  11.031243042704622  12.590974446217178  1 1 1
  Cu  -0.0034263159970358875  4.790865686357398  15.952757189890864  1 1 1
  Co  -0.009394774984322792  11.033147894997892  15.736068502628157  1 1 1
  Cu  2.9913002041484873  4.788025182541244  15.93442595018068  1 1 1
  Fe  2.9940793444451144  11.03064900861905  15.789069428012274  1 1 1
  Co  1.465987885094171  1.689156513588933  15.978597058936408  1 1 1
  Co  1.463513415888344  7.845178576735993  15.903483582578625  1 1 1
  Fe  4.462258305862878  1.63958877787825  15.924850481618138  1 1 1
  Co  4.51504514568319  7.857256093290468  15.898419283930647  1 1 1
  O  2.538909379779596e-16  1.5788033209345838  10.704286515936483  0 0 0
  O  1.2694546898897982e-15  7.89401660467292  10.704286515936483  0 0 0
  O  2.977556921112979  1.5788033209345838  10.704286515936483  0 0 0
  O  2.9775569211129795  7.89401660467292  10.704286515936483  0 0 0
  O  2.538909379779596e-16  1.5788033209345838  8.24135333527853  0 0 0
  O  1.2694546898897982e-15  7.89401660467292  8.24135333527853  0 0 0
  O  2.977556921112979  1.5788033209345838  8.24135333527853  0 0 0
  O  2.9775569211129795  7.89401660467292  8.24135333527853  0 0 0
  O  1.48877846055649  3.5049433724747754  9.472819925607507  0 0 0
  O  1.4887784605564909  9.820156656213111  9.472819925607507  0 0 0
  O  4.466335381669468  3.5049433724747754  9.472819925607507  0 0 0
  O  4.466335381669469  9.820156656213111  9.472819925607505  0 0 0
  O  1.48877846055649  5.967876553132727  9.472819925607507  0 0 0
  O  1.4887784605564913  12.283089836871062  9.472819925607505  0 0 0
  O  4.466335381669468  5.967876553132727  9.472819925607507  0 0 0
  O  4.466335381669469  12.283089836871062  9.472819925607507  0 0 0
  O  0.009682446444818492  4.739122702643664  13.838577782473907  1 1 1
  O  -0.022898674662363727  11.026508381786618  14.006936743771451  1 1 1
  O  2.9718653300549946  4.730139534621193  13.838959886185862  1 1 1
  O  3.0055969597651027  11.067798964858508  13.879493003322942  1 1 1
  O  7.616728139338787e-16  4.7364099628037515  11.3989599771477  0 0 0
  O  1.777236565845717e-15  11.051623246542086  11.3989599771477  0 0 0
  O  2.977556921112979  4.7364099628037515  11.3989599771477  0 0 0
  O  2.97755692111298  11.051623246542086  11.398959977147697  0 0 0
  O  1.473471732477652  0.3423474113828854  12.724282577474378  1 1 1
  O  1.5018451642512942  6.684953050662721  12.647451563569911  1 1 1
  O  4.456753496006742  0.24510768968403393  12.682666603305854  1 1 1
  O  4.447733383512204  6.73899817958899  12.653418717226842  1 1 1
  O  1.485039928140334  2.8226912351121176  12.694249461431587  1 1 1
  O  1.4924191335890118  9.092286275790878  12.659507005618735  1 1 1
  O  4.458567122075229  2.7521319531664052  12.679786029642937  1 1 1
  O  4.4521997946468534  9.160437377782484  12.666861242122549  1 1 1
  O  0.10825166762391883  1.6054378627632118  17.074851718977126  1 1 1
  O  0.01982683700947857  7.891085272000664  16.982087890362696  1 1 1
  O  2.8606793736942673  1.58162978627791  17.054693554163354  1 1 1
  O  2.9765982798282553  7.913999786186264  16.874103863956535  1 1 1
  O  0.007394271153794532  1.651288059414223  14.688662854793698  1 1 1
  O  -0.0025364524391390895  7.823167617065069  14.631522454619084  1 1 1
  O  2.955300101893591  1.6297999667445775  14.691561005256007  1 1 1
  O  2.9834581018716353  7.863396201551297  14.518471809230077  1 1 1
  O  1.4902596238173607  3.6127660693325714  16.14612930814539  1 1 1
  O  1.4638245182919543  9.81161210447006  16.104363293342516  1 1 1
  O  4.471251686908212  3.629661183416316  16.24778106301488  1 1 1
  O  4.5110870391677995  9.76776527822984  16.111945098147665  1 1 1
  O  1.4996912832416118  5.975697238343405  16.141692588286222  1 1 1
  O  1.444544035293682  12.223458599472854  16.110187844427198  1 1 1
  O  4.464484307683751  5.998900608613129  16.165933368820244  1 1 1
  O  4.504272877520223  12.215417056958229  16.158682276008964  1 1 1
K_POINTS automatic
  4 2 1 0 0 0
HUBBARD (atomic)
U Co-3d 3.3200
U Fe-3d 5.3000
U Mn-3d 3.9000
