0.9644809933187364
0.0010942607895334227
0.0005955725400350873
0.008346908208537014
0.00022281218317621922
0.0010942607895334227
0.9908777051514162
7.12591186362262e-06
-0.00015697882064980075
0.0003873148137648843
0.0005955725400350873
7.12591186362262e-06
0.9937908015512582
-0.00010319268023913441
0.00030135126960277055
0.008346908208537014
-0.00015697882064980075
-0.00010319268023913441
0.9873522648258273
-1.7500590104790108e-05
0.00022281218317621922
0.0003873148137648843
0.00030135126960277055
-1.7500590104790108e-05
0.803724785073198
0.317427993209032
-0.004289357190841741
0.015839308957954514
-0.1486831062803611
0.0006052123307695935
-0.004289357190841741
0.16403420126933035
0.0054132479927852485
0.007861839468164582
-0.0005111109165352619
0.015839308957954514
0.0054132479927852485
0.8838243760445736
0.007596173256565235
-0.004018731977516846
-0.1486831062803611
0.007861839468164582
0.007596173256565235
0.9500523024602742
0.00013474930917014216
0.0006052123307695935
-0.0005111109165352619
-0.004018731977516846
0.00013474930917014216
0.3961457797642338
0.9698090748869964
0.0003451556191692031
8.57805215043939e-06
0.004296697708382825
-0.00010346754016966745
0.0003451556191692031
0.996272760832511
2.219214643715705e-06
-7.880936967853641e-05
-8.975116130610305e-05
8.57805215043939e-06
2.219214643715705e-06
0.9966605573765832
2.8383920709369896e-05
0.0002924434151667794
0.004296697708382825
-7.880936967853641e-05
2.8383920709369896e-05
0.9946329106652603
-7.008776705132347e-06
-0.00010346754016966745
-8.975116130610305e-05
0.0002924434151667794
-7.008776705132347e-06
0.9258819848159928
0.36701223818949197
-0.00915595451118105
-0.011855973457932805
-0.0177796541671236
0.0004010521185560612
-0.00915595451118105
0.22141323245214412
0.0012621789502944424
0.000796162609704633
0.0011264224055877812
-0.011855973457932805
0.0012621789502944424
0.19665215440577655
-4.2310947323807106e-05
-0.0037043624643280093
-0.0177796541671236
0.000796162609704633
-4.2310947323807106e-05
0.09829423856374854
-3.16602265341158e-05
0.0004010521185560612
0.0011264224055877812
-0.0037043624643280093
-3.16602265341158e-05
0.4842592053633165
0.46661851680420335
0.005095699790062964
-0.013698965886722087
0.0054987851250202675
0.00025744999615095364
0.005095699790062964
0.8386190089713497
0.002288139511731932
0.0020150098288812587
-0.0003954900690260715
-0.013698965886722087
0.002288139511731932
0.9338034863464088
-0.0005622976108117195
-0.0015508370736696357
0.0054987851250202675
0.0020150098288812587
-0.0005622976108117195
0.9471560077981724
0.00020245274775101282
0.00025744999615095364
-0.0003954900690260715
-0.0015508370736696357
0.00020245274775101282
0.5245211933814493
0.25960457542272564
0.00038813017309260116
0.002357562843784476
-0.02058934785848876
-4.098317188118615e-05
0.00038813017309260116
0.11632818577996329
0.00019982839555551468
-1.1699932229789714e-05
-2.1389461527113678e-05
0.002357562843784476
0.00019982839555551468
0.11577976348745518
-0.000251116833186533
0.00039419034656131675
-0.02058934785848876
-1.1699932229789714e-05
-0.000251116833186533
0.08525669066363747
-6.858800935639361e-06
-4.098317188118615e-05
-2.1389461527113678e-05
0.00039419034656131675
-6.858800935639361e-06
0.3514840096575521
0.9378260605454877
-0.0015555230302136149
-0.00016803219490853775
0.016071900805570048
3.079878537837822e-05
-0.0015555230302136149
0.9895222483685417
8.237376659964042e-05
0.00043183168197989316
-0.0004274684392487405
-0.00016803219490853775
8.237376659964042e-05
0.9976128405974803
-2.5267858541094873e-05
-0.0004018003803727708
0.016071900805570048
0.00043183168197989316
-2.5267858541094873e-05
0.9833720634962761
-7.081580769935735e-05
3.079878537837822e-05
-0.0004274684392487405
-0.0004018003803727708
-7.081580769935735e-05
0.7492356833931768
0.3163389465370505
-0.008766775903063139
-0.003978985478946008
0.16863174538361944
-8.661133430855092e-05
-0.008766775903063139
0.9855954434610414
0.0011805841124131907
0.0025052234258169655
0.0010606643207747288
-0.003978985478946008
0.0011805841124131907
0.1830462654719013
0.002801507939822699
0.002736138043615127
0.16863174538361944
0.0025052234258169655
0.002801507939822699
0.9438329754209718
0.0001469664397949593
-8.661133430855092e-05
0.0010606643207747288
0.002736138043615127
0.0001469664397949593
0.39365585629516675
0.978803886178544
-0.0002763326719950349
0.00027139583182031804
-0.03840359476319018
-0.00014008029758308385
-0.0002763326719950349
0.8782175198554714
-2.326753134278304e-05
0.0005551824013244586
0.00038106723362578545
0.00027139583182031804
-2.326753134278304e-05
0.995643672515931
0.0008798518348302591
0.00010021939562295372
-0.03840359476319018
0.0005551824013244586
0.0008798518348302591
0.9043520792476425
-0.00023261732108402006
-0.00014008029758308385
0.00038106723362578545
0.00010021939562295372
-0.00023261732108402006
0.994701345396284
0.18096635873995912
0.000769587373893806
-0.0008375096281598537
0.14119108942271277
-0.00043470393914558225
0.000769587373893806
0.5536213919406257
-0.0008873965409513251
-0.002869915717316992
0.0011363984525708172
-0.0008375096281598537
-0.0008873965409513251
0.21253684425851274
0.0003565911241522374
-0.0008000724440642576
0.14119108942271277
-0.002869915717316992
0.0003565911241522374
0.4457798010230693
-0.0022303864740163167
-0.00043470393914558225
0.0011363984525708172
-0.0008000724440642576
-0.0022303864740163167
0.22246215442001993
0.9783585419954797
0.0009281003776096364
-0.00011116639046840948
-0.039722796605148235
0.00010402375804063057
0.0009281003776096364
0.881399505697464
-0.0001661567164966801
0.00038490033429559433
0.00040734055653694827
-0.00011116639046840948
-0.0001661567164966801
0.9959314786514131
-0.00044342000080836106
-0.00014303892675959946
-0.039722796605148235
0.00038490033429559433
-0.00044342000080836106
0.8997478000237233
0.00020402936296569628
0.00010402375804063057
0.00040734055653694827
-0.00014303892675959946
0.00020402936296569628
0.9952138788403742
0.18149262281740897
-0.0017065336311209128
0.00017900687323559167
0.14229331988705946
0.0013984101791195338
-0.0017065336311209128
0.5500448051548619
0.00029953767323764494
-0.0015067585820600722
-0.0053002567645554196
0.00017900687323559167
0.00029953767323764494
0.21306713493174873
-0.0025893395615802493
0.007481048210316629
0.14229331988705946
-0.0015067585820600722
-0.0025893395615802493
0.4420441592023306
0.0018971568310821969
0.0013984101791195338
-0.0053002567645554196
0.007481048210316629
0.0018971568310821969
0.2314229680284592
0.9656246455029152
-0.00020898797337625283
0.0005165670010852694
-0.06048961863090203
0.0008276445330886384
-0.00020898797337625283
0.7929046776024475
6.960261776764192e-05
-0.002301473831717564
0.000466247374175095
0.0005165670010852694
6.960261776764192e-05
0.9951231398774996
0.002169726252215613
-0.0002595212735002134
-0.06048961863090203
-0.002301473831717564
0.002169726252215613
0.848181323068223
0.0012293919739580267
0.0008276445330886384
0.000466247374175095
-0.0002595212735002134
0.0012293919739580267
0.9917371514122502
0.86479999968889
0.002379818336032232
-0.0012921414929080001
-0.24839636774355592
-0.0026626205216943684
0.002379818336032232
0.46690516801338694
-0.0002794687302974701
0.002240273040733102
-0.0009616871551118357
-0.0012921414929080001
-0.0002794687302974701
0.9946909238934707
-0.002537728675471827
-0.00012758702862317178
-0.24839636774355592
0.002240273040733102
-0.002537728675471827
0.5204698982933361
-0.0050783774845322895
-0.0026626205216943684
-0.0009616871551118357
-0.00012758702862317178
-0.0050783774845322895
0.9940851902290826
0.9661105815564818
-0.0031873527582809156
-0.0002081470983830072
-0.0613025079530299
-0.0006552213412220148
-0.0031873527582809156
0.8081428499348968
0.0002940430103981861
-0.0027946324260906884
0.000328584104565927
-0.0002081470983830072
0.0002940430103981861
0.9965762408391238
-0.0014416843068605833
0.0004265788402135316
-0.0613025079530299
-0.0027946324260906884
-0.0014416843068605833
0.8397448722384021
-0.0011782002713577582
-0.0006552213412220148
0.000328584104565927
0.0004265788402135316
-0.0011782002713577582
0.9931582336670219
0.85939437774918
0.002525704491558168
0.0020852511792662145
-0.25212304430397053
0.00321297858777132
0.002525704491558168
0.46009324909683946
-3.875684102082514e-05
0.004017581964088788
0.00232325507843392
0.0020852511792662145
-3.875684102082514e-05
0.9936671807172044
0.003913306904231225
-0.0009315295065855088
-0.25212304430397053
0.004017581964088788
0.003913306904231225
0.5231054249831931
0.006035894405884575
0.00321297858777132
0.00232325507843392
-0.0009315295065855088
0.006035894405884575
0.9927186060579666
0.5646078625489117
-0.023440852676520393
-0.005279439869950432
0.02457736928875273
0.005154216132317373
-0.023440852676520393
0.800129924716434
0.027673669087679292
0.0008761846302315241
-0.00076683839936233
-0.005279439869950432
0.027673669087679292
0.7177451681228203
-0.0011682762848394127
0.006297304757126144
0.02457736928875273
0.0008761846302315241
-0.0011682762848394127
0.9428392595592056
-0.0002815816487050444
0.005154216132317373
-0.00076683839936233
0.006297304757126144
-0.0002815816487050444
0.5343425254735459
0.3708474904325624
0.005902539570547758
0.0026271336133527213
-0.023816942727290853
0.006262321115250196
0.005902539570547758
0.1480067488766566
-0.0068258266174711915
0.0005722199458876344
-0.002155651648498943
0.0026271336133527213
-0.0068258266174711915
0.14848927374704363
0.0005774588790262719
-0.003165079331427112
-0.023816942727290853
0.0005722199458876344
0.0005774588790262719
0.11606357439167926
-0.0008258424843206344
0.006262321115250196
-0.002155651648498943
-0.003165079331427112
-0.0008258424843206344
0.39683392106511656
0.9059552737264311
-0.0040575221794017895
-0.00018079158581458586
0.01091773599410354
-0.0001407129787488309
-0.0040575221794017895
0.9957089775248337
0.00013257139290571973
0.00029235417308323637
-2.882517060613776e-05
-0.00018079158581458586
0.00013257139290571973
0.9965524220415609
3.752430504445892e-05
0.0006474693132666297
0.01091773599410354
0.00029235417308323637
3.752430504445892e-05
0.9912254907992358
-0.00012877951928528557
-0.0001407129787488309
-2.882517060613776e-05
0.0006474693132666297
-0.00012877951928528557
0.9214271336587552
0.29255002008224557
-0.016395534861975612
-0.0109293356620562
0.014839192100568624
-0.002239394495979603
-0.016395534861975612
0.9804442258470301
-0.0012959050915844345
0.0006082578449734541
0.009443099497952316
-0.0109293356620562
-0.0012959050915844345
0.9885927452827692
0.00023571243625442533
0.005229601496329116
0.014839192100568624
0.0006082578449734541
0.00023571243625442533
0.9913964253790354
-0.004382570309613072
-0.002239394495979603
0.009443099497952316
0.005229601496329116
-0.004382570309613072
0.3009651775912666
0.5765513237783879
0.01601122048636858
-0.004392380699349143
0.03259527739521289
0.002093619228955852
0.01601122048636858
0.8197929424083987
-0.006306160419228112
0.003614546446927262
0.014846721538564554
-0.004392380699349143
-0.006306160419228112
0.6406025088542431
-0.0021218057748621016
-0.004152753602227694
0.03259527739521289
0.003614546446927262
-0.0021218057748621016
0.9732150772826647
-0.004744866660729353
0.002093619228955852
0.014846721538564554
-0.004152753602227694
-0.004744866660729353
0.5278175953263579
0.402773770766141
-0.006616187516578761
0.00048579967040339233
-0.02402049740364195
0.00038875084654324765
-0.006616187516578761
0.15666853770420025
0.0018228177544037899
-0.0016023290959296889
-0.00882932002127912
0.00048579967040339233
0.0018228177544037899
0.17449496904421305
0.0019622624824494764
0.0007684418317816664
-0.02402049740364195
-0.0016023290959296889
0.0019622624824494764
0.09689729771166312
0.0034343776712228275
0.00038875084654324765
-0.00882932002127912
0.0007684418317816664
0.0034343776712228275
0.37804854256816994
0.7109884216667094
0.011011882154709971
-0.0039843380026930095
0.031204077060480825
0.0027147571706734866
0.011011882154709971
0.9814854969644127
-0.001838588418829119
0.0035994904025252123
0.008508076581022301
-0.0039843380026930095
-0.001838588418829119
0.9963756884137507
0.0010895415566480344
-0.0014529348899993716
0.031204077060480825
0.0035994904025252123
0.0010895415566480344
0.9698284861293247
0.0011259451369493667
0.0027147571706734866
0.008508076581022301
-0.0014529348899993716
0.0011259451369493667
0.7178032019113099
0.522433390704949
-0.014531902707460596
0.0034614505313521338
0.04484761684940494
0.0028525769047353963
-0.014531902707460596
0.890985923059247
0.04610510927543165
0.0013869433384881714
0.009289067278030584
0.0034614505313521338
0.04610510927543165
0.3969700192060841
0.010234512741879066
0.0004669439655492062
0.04484761684940494
0.0013869433384881714
0.010234512741879066
0.9843958556703198
0.00044439371550138515
0.0028525769047353963
0.009289067278030584
0.0004669439655492062
0.00044439371550138515
0.45854818874156145
0.9423187887832618
0.00995760518043137
0.0022119660100601065
-0.11082875141587238
-0.0011788760584997763
0.00995760518043137
0.6857115001648222
0.00467972938569662
-0.010067157544788362
0.007465158432002267
0.0022119660100601065
0.00467972938569662
0.9941041654509141
0.0041506680913477945
0.0009925595681660453
-0.11082875141587238
-0.010067157544788362
0.0041506680913477945
0.7367506678525878
-0.0009782981306288559
-0.0011788760584997763
0.007465158432002267
0.0009925595681660453
-0.0009782981306288559
0.985719668907471
0.9070334195983064
0.020096937418171108
-0.0009769758653756034
-0.18204256366181004
-0.0017442729188076591
0.020096937418171108
0.427823662866466
-0.0008884208477738773
0.00013058360680757137
0.0013568423603322185
-0.0009769758653756034
-0.0008884208477738773
0.4770891529348432
0.004655478303584371
-0.022578592156036883
-0.18204256366181004
0.00013058360680757137
0.004655478303584371
0.5770671181615078
0.0025530209546718724
-0.0017442729188076591
0.0013568423603322185
-0.022578592156036883
0.0025530209546718724
0.9068614156424608
0.9776795850079643
-0.004670201102682582
0.0010833174773128588
-0.03728429147531267
0.0030921188748594557
-0.004670201102682582
0.8518375804109045
0.0016444542695882333
-0.01941854849200743
0.004370060544414441
0.0010833174773128588
0.0016444542695882333
0.9958024238853352
0.0028311537412181852
-0.0013078586003322375
-0.03728429147531267
-0.01941854849200743
0.0028311537412181852
0.8965784216429113
0.005817539894797148
0.0030921188748594557
0.004370060544414441
-0.0013078586003322375
0.005817539894797148
0.9920468641440771
0.8287434866571086
0.04492306814006465
0.0073766785025392075
-0.28440404626864085
0.013215020737326486
0.04492306814006465
0.3753625097466732
0.006614463943098348
0.008566748002700611
0.007410430578664084
0.0073766785025392075
0.006614463943098348
0.993684842469877
0.014283661708658246
0.0014877200054658373
-0.28440404626864085
0.008566748002700611
0.014283661708658246
0.48773652106484344
0.024030717044878885
0.013215020737326486
0.007410430578664084
0.0014877200054658373
0.024030717044878885
0.9906782486362884
0.9379052237941883
-0.010738042569159762
0.00257106988804675
-0.11715463248898786
0.002408320004141561
-0.010738042569159762
0.6698541309848652
-0.0034520862005986783
0.011637620328787963
0.00825545673424361
0.00257106988804675
-0.0034520862005986783
0.9930370031108899
0.005183486811635816
-0.002143858769739294
-0.11715463248898786
0.011637620328787963
0.005183486811635816
0.7257409220960641
0.002715836149842403
0.002408320004141561
0.00825545673424361
-0.002143858769739294
0.002715836149842403
0.9803002656022444
0.9059361689137355
-0.019564889480302057
-4.900675135355686e-05
-0.18252130210103473
0.001350795110827197
-0.019564889480302057
0.42586493587172136
-0.0028036507917512587
5.650067284127468e-05
0.0015582939967170339
-4.900675135355686e-05
-0.0028036507917512587
0.5071191353701079
0.0013915170755495086
0.01389734137589762
-0.18252130210103473
5.650067284127468e-05
0.0013915170755495086
0.583415679939139
-0.0013737571892232722
0.001350795110827197
0.0015582939967170339
0.01389734137589762
-0.0013737571892232722
0.9212170337150842
0.9809656286745776
0.0032334116701318977
0.0014768066907669072
-0.03187921431699312
-0.003330672973672528
0.0032334116701318977
0.860221622181488
-0.0010055904334828048
0.017010855181577196
0.003966064164452639
0.0014768066907669072
-0.0010055904334828048
0.9957897806878908
0.003066395172685564
0.0021691183276764986
-0.03187921431699312
0.017010855181577196
0.003066395172685564
0.9075878579135823
-0.006962041512213948
-0.003330672973672528
0.003966064164452639
0.0021691183276764986
-0.006962041512213948
0.9920282925190971
0.8249405083536412
-0.04392167279606115
0.004667698028363713
-0.29048576783377694
-0.020297750157430967
-0.04392167279606115
0.36304321382608695
-0.010878243708863311
0.00018742581959485776
0.006750337917974608
0.004667698028363713
-0.010878243708863311
0.990802586295086
0.010193523065829919
-0.0019286726442802038
-0.29048576783377694
0.00018742581959485776
0.010193523065829919
0.47624728252748094
-0.03646498940557701
-0.020297750157430967
0.006750337917974608
-0.0019286726442802038
-0.03646498940557701
0.988884727109755
0.9824848880544659
-0.00035699580446510215
-0.0007518579581149989
0.0007969780294998094
0.0024046715599569247
-0.00035699580446510215
0.9948582548000999
9.636214265677169e-05
-6.149006882177666e-05
-0.00018695612640883474
-0.0007518579581149989
9.636214265677169e-05
0.9957288811266449
0.00012510520867891912
0.0039384755678046725
0.0007969780294998094
-6.149006882177666e-05
0.00012510520867891912
0.9966535578183782
-5.037124430125206e-05
0.0024046715599569247
-0.00018695612640883474
0.0039384755678046725
-5.037124430125206e-05
0.9101311880464108
0.36525182241152243
0.003874774065414208
-0.005917950625489348
-0.018747774938052776
-0.004363172915310555
0.003874774065414208
0.17095759695526597
0.009244550097880364
0.0029726058061783607
0.0007449098514389569
-0.005917950625489348
0.009244550097880364
0.2232341824236521
-0.002008745105967258
0.001182687855801543
-0.018747774938052776
0.0029726058061783607
-0.002008745105967258
0.11160130992215303
0.0017204496566281834
-0.004363172915310555
0.0007449098514389569
0.001182687855801543
0.0017204496566281834
0.5005559551510448
0.978959665997917
0.00011071270880058891
-0.0006977755240198656
0.003417476375399974
-0.0013773617138381903
0.00011071270880058891
0.9928709729311396
-0.00032415587419903463
-2.5220267750575017e-05
0.0007268944552976374
-0.0006977755240198656
-0.00032415587419903463
0.9938253348675425
0.00023108938717157008
0.0039081811786588665
0.003417476375399974
-2.5220267750575017e-05
0.00023108938717157008
0.9953877343144466
-0.00011041929670698627
-0.0013773617138381903
0.0007268944552976374
0.0039081811786588665
-0.00011041929670698627
0.9709571906609129
0.15634482620079637
0.01580987368090118
-0.044783064881711784
0.03429791774542303
0.0007828331130424194
0.01580987368090118
0.9909814356599284
0.00048639079042749777
-0.00017260502381090322
0.016942665735386594
-0.044783064881711784
0.00048639079042749777
0.9918190472176208
0.0015318114117467572
0.024497859021728463
0.03429791774542303
-0.00017260502381090322
0.0015318114117467572
0.9909308042438828
0.005920039269011254
0.0007828331130424194
0.016942665735386594
0.024497859021728463
0.005920039269011254
0.2362529740954805
0.5055165681372897
0.03814246502863455
-0.006214050182263339
0.047565081982387056
0.0011106021024444624
0.03814246502863455
0.9565348083838132
0.0008456797984367478
-0.002703118318721295
0.001338507640657942
-0.006214050182263339
0.0008456797984367478
0.7525045576225871
0.0028864874476141056
-0.014897685015922446
0.047565081982387056
-0.002703118318721295
0.0028864874476141056
0.9792319248988063
0.00479565551726689
0.0011106021024444624
0.001338507640657942
-0.014897685015922446
0.00479565551726689
0.486536442905788
0.33896329911896245
-0.018909801350576037
0.001019095387513189
-0.021286442428465367
0.0005029331755899406
-0.018909801350576037
0.10703851994692973
-0.0007125893952572947
-0.0007402913722382232
-0.0008051677355114897
0.001019095387513189
-0.0007125893952572947
0.12856921432899593
-0.0009483243912333077
0.0063229230877038705
-0.021286442428465367
-0.0007402913722382232
-0.0009483243912333077
0.07476200490356044
-0.0021710505590587376
0.0005029331755899406
-0.0008051677355114897
0.0063229230877038705
-0.0021710505590587376
0.32327029525692286
0.8056382263161381
-0.0010179125288856973
-0.001865693950674892
0.021258736124373186
-0.003106689074051045
-0.0010179125288856973
0.954621748057881
0.001578892713594705
4.844868195005844e-05
0.0027242760985504103
-0.001865693950674892
0.001578892713594705
0.9901850635631066
4.308847045345927e-06
-0.019673211802840443
0.021258736124373186
4.844868195005844e-05
4.308847045345927e-06
0.9888188004369325
-0.003727682915520078
-0.003106689074051045
0.0027242760985504103
-0.019673211802840443
-0.003727682915520078
0.6677878384979312
0.4130055699277028
-0.0026071500297449343
0.005025442761122897
0.07903355191560875
-0.0005115902153876316
-0.0026071500297449343
0.9718932217019545
-0.02148768798127003
-8.374256020156334e-07
0.011917562489575567
0.005025442761122897
-0.02148768798127003
0.3995081398852343
0.0062061562967087895
0.0057351478669570724
0.07903355191560875
-8.374256020156334e-07
0.0062061562967087895
0.9778658881154041
-0.004344395868896841
-0.0005115902153876316
0.011917562489575567
0.0057351478669570724
-0.004344395868896841
0.4400979904901823
0.989350122067809
0.00011587761175830499
7.605737466472787e-05
-0.016312382468476216
0.0011613554496688865
0.00011587761175830499
0.9866270413697085
7.827501403709715e-05
0.002708547750406619
-0.00011197857259279278
7.605737466472787e-05
7.827501403709715e-05
0.9959242975235169
0.00023164900830634406
0.0003035260108970557
-0.016312382468476216
0.002708547750406619
0.00023164900830634406
0.9638545296383295
0.0020623202100512866
0.0011613554496688865
-0.00011197857259279278
0.0003035260108970557
0.0020623202100512866
0.9954095096920104
0.1509429495431503
0.0011182834372119742
-0.012268738701245094
0.1446255833611022
-0.014024198619133085
0.0011182834372119742
0.3941604341744573
-0.0022012886152037838
-0.028586488860990817
-0.008823286693153713
-0.012268738701245094
-0.0022012886152037838
0.1632874800907668
-0.013928696395864146
-0.014356988542795344
0.1446255833611022
-0.028586488860990817
-0.013928696395864146
0.38259620199446787
-0.02761041850441494
-0.014024198619133085
-0.008823286693153713
-0.014356988542795344
-0.02761041850441494
0.13141717558273816
0.9884622366183003
0.0009240033553722691
0.00017331325616445095
-0.01869078902246617
-0.0011731962421344482
0.0009240033553722691
0.9693900772986253
-0.0006826027485612934
0.014642769363293846
0.0004170962219020535
0.00017331325616445095
-0.0006826027485612934
0.9954850789109209
0.00037527519036679194
0.00044649235387952567
-0.01869078902246617
0.014642769363293846
0.00037527519036679194
0.9489639686623854
-0.0024005033196462947
-0.0011731962421344482
0.0004170962219020535
0.00044649235387952567
-0.0024005033196462947
0.9957504899856393
0.1708175383851026
0.060665282562631706
0.007395275542915448
0.14362671692289572
0.014834963079879401
0.060665282562631706
0.4398130984023874
0.005813724118091131
-0.03503153284684247
0.007330322868145975
0.007395275542915448
0.005813724118091131
0.16014854560588956
0.004165532241812924
-0.019971306543804197
0.14362671692289572
-0.03503153284684247
0.004165532241812924
0.39467012373953403
0.025538224946387
0.014834963079879401
0.007330322868145975
-0.019971306543804197
0.025538224946387
0.15112057288118105
0.6175093118736348
0.012583276631444177
0.003764589706779225
-0.010191562296916543
0.021741610430750638
0.012583276631444177
0.5943610853854043
0.004775781862884264
-0.0009867497886116884
-0.002643510854927988
0.003764589706779225
0.004775781862884264
0.611206058020534
-0.001289033442920664
0.010620907540962338
-0.010191562296916543
-0.0009867497886116884
-0.001289033442920664
0.5934791343857442
-0.009603135304604299
0.021741610430750638
-0.002643510854927988
0.010620907540962338
-0.009603135304604299
0.6181651883047186
0.33045865023207227
-0.0023195922510090344
-0.003423970499391499
0.04460780181032437
-0.004964005196686159
-0.0023195922510090344
0.5150108040378278
0.005128833597556233
0.0033230768586483776
0.007166875322749273
-0.003423970499391499
0.005128833597556233
0.3246269211200481
-0.009036353352254738
-0.002257776018250783
0.04460780181032437
0.0033230768586483776
-0.009036353352254738
0.4852034026905427
0.019989580687515617
-0.004964005196686159
0.007166875322749273
-0.002257776018250783
0.019989580687515617
0.32598963581166235
0.5652172121573826
0.010156518902437682
-0.0009593159081664974
-0.005491430283500689
-0.008658921364692635
0.010156518902437682
0.5962815683302227
-0.0008263653024666998
0.0014425803242667716
0.003172403009070487
-0.0009593159081664974
-0.0008263653024666998
0.5987203852090486
0.005735969315210152
0.02804394650441427
-0.005491430283500689
0.0014425803242667716
0.005735969315210152
0.586517729611099
0.006661342433119447
-0.008658921364692635
0.003172403009070487
0.02804394650441427
0.006661342433119447
0.6003393098354274
0.37481389423829686
-0.010480155925228971
0.008811162178196344
0.031909222650817054
0.005667761208122395
-0.010480155925228971
0.5230544648432253
-0.0006090166243786801
0.00488626602337548
-0.009075381776266876
0.008811162178196344
-0.0006090166243786801
0.34188071735862424
0.00503448789075836
-0.00664662037318816
0.031909222650817054
0.00488626602337548
0.00503448789075836
0.49518132395094944
-0.0225888189197177
0.005667761208122395
-0.009075381776266876
-0.00664662037318816
-0.0225888189197177
0.35228515829408885
0.0
0.0
0.0
0.0
0.0
0.0
0.0
0.0
0.0
0.0
0.0
0.0
0.0
0.0
0.0
0.0
0.0
0.0
0.0
0.0
0.0
0.0
0.0
0.0
0.0
0.0
0.0
0.0
0.0
0.0
0.0
0.0
0.0
0.0
0.0
0.0
0.0
0.0
0.0
0.0
0.0
0.0
0.0
0.0
0.0
0.0
0.0
0.0
0.0
0.0
0.0
0.0
0.0
0.0
0.0
0.0
0.0
0.0
0.0
0.0
0.0
0.0
0.0
0.0
0.0
0.0
0.0
0.0
0.0
0.0
0.0
0.0
0.0
0.0
0.0
0.0
0.0
0.0
0.0
0.0
0.0
0.0
0.0
0.0
0.0
0.0
0.0
0.0
0.0
0.0
0.0
0.0
0.0
0.0
0.0
0.0
0.0
0.0
0.0
0.0
0.0
0.0
0.0
0.0
0.0
0.0
0.0
0.0
0.0
0.0
0.0
0.0
0.0
0.0
0.0
0.0
0.0
0.0
0.0
0.0
0.0
0.0
0.0
0.0
0.0
0.0
0.0
0.0
0.0
0.0
0.0
0.0
0.0
0.0
0.0
0.0
0.0
0.0
0.0
0.0
0.0
0.0
0.0
0.0
0.0
0.0
0.0
0.0
0.0
0.0
0.0
0.0
0.0
0.0
0.0
0.0
0.0
0.0
0.0
0.0
0.0
0.0
0.0
0.0
0.0
0.0
0.0
0.0
0.0
0.0
0.0
0.0
0.0
0.0
0.0
0.0
0.0
0.0
0.0
0.0
0.0
0.0
0.0
0.0
0.0
0.0
0.0
0.0
0.0
0.0
0.0
0.0
0.0
0.0
0.0
0.0
0.0
0.0
0.0
0.0
0.0
0.0
0.0
0.0
0.0
0.0
0.0
0.0
0.0
0.0
0.0
0.0
0.0
0.0
0.0
0.0
0.0
0.0
0.0
0.0
0.0
0.0
0.0
0.0
0.0
0.0
0.0
0.0
0.0
0.0
0.0
0.0
0.0
0.0
0.0
0.0
0.0
0.0
0.0
0.0
0.0
0.0
0.0
0.0
0.0
0.0
0.0
0.0
0.0
0.0
0.0
0.0
0.0
0.0
0.0
0.0
0.0
0.0
0.0
0.0
0.0
0.0
0.0
0.0
0.0
0.0
0.0
0.0
0.0
0.0
0.0
0.0
0.0
0.0
0.0
0.0
0.0
0.0
0.0
0.0
0.0
0.0
0.0
0.0
0.0
0.0
0.0
0.0
0.0
0.0
0.0
0.0
0.0
0.0
0.0
0.0
0.0
0.0
0.0
0.0
0.0
0.0
0.0
0.0
0.0
0.0
0.0
0.0
0.0
0.0
0.0
0.0
0.0
0.0
0.0
0.0
0.0
0.0
0.0
0.0
0.0
0.0
0.0
0.0
0.0
0.0
0.0
0.0
0.0
0.0
0.0
0.0
0.0
0.0
0.0
0.0
0.0
0.0
0.0
0.0
0.0
0.0
0.0
0.0
0.0
0.0
0.0
0.0
0.0
0.0
0.0
0.0
0.0
0.0
0.0
0.0
0.0
0.0
0.0
0.0
0.0
0.0
0.0
0.0
0.0
0.0
0.0
0.0
0.0
0.0
0.0
0.0
0.0
0.0
0.0
0.0
0.0
0.0
0.0
0.0
0.0
0.0
0.0
0.0
0.0
0.0
0.0
0.0
0.0
0.0
0.0
0.0
0.0
0.0
0.0
0.0
0.0
0.0
0.0
0.0
0.0
0.0
0.0
0.0
0.0
0.0
0.0
0.0
0.0
0.0
0.0
0.0
0.0
0.0
0.0
0.0
0.0
0.0
0.0
0.0
0.0
0.0
0.0
0.0
0.0
0.0
0.0
0.0
0.0
0.0
0.0
0.0
0.0
0.0
0.0
0.0
0.0
0.0
0.0
0.0
0.0
0.0
0.0
0.0
0.0
0.0
0.0
0.0
0.0
0.0
0.0
0.0
0.0
0.0
0.0
0.0
0.0
0.0
0.0
0.0
0.0
0.0
0.0
0.0
0.0
0.0
0.0
0.0
0.0
0.0
0.0
0.0
0.0
0.0
0.0
0.0
0.0
0.0
0.0
0.0
0.0
0.0
0.0
0.0
0.0
0.0
0.0
0.0
0.0
0.0
0.0
0.0
0.0
0.0
0.0
0.0
0.0
0.0
0.0
0.0
0.0
0.0
0.0
0.0
0.0
0.0
0.0
0.0
0.0
0.0
0.0
0.0
0.0
0.0
0.0
0.0
0.0
0.0
0.0
0.0
0.0
0.0
0.0
0.0
0.0
0.0
0.0
0.0
0.0
0.0
0.0
0.0
0.0
0.0
0.0
0.0
0.0
0.0
0.0
0.0
0.0
0.0
0.0
0.0
0.0
0.0
0.0
0.0
0.0
0.0
0.0
0.0
0.0
0.0
0.0
0.0
0.0
0.0
0.0
0.0
0.0
0.0
0.0
0.0
0.0
0.0
0.0
0.0
0.0
0.0
0.0
0.0
0.0
0.0
0.0
0.0
0.0
0.0
0.0
0.0
0.0
0.0
0.0
0.0
0.0
0.0
0.0
0.0
0.0
0.0
0.0
0.0
0.0
0.0
0.0
0.0
0.0
0.0
0.0
0.0
0.0
0.0
0.0
0.0
0.0
0.0
0.0
0.0
0.0
0.0
0.0
0.0
0.0
0.0
0.0
0.0
0.0
0.0
0.0
0.0
0.0
0.0
0.0
0.0
0.0
0.0
0.0
0.0
0.0
0.0
0.0
0.0
0.0
0.0
0.0
0.0
0.0
0.0
0.0
0.0
0.0
0.0
0.0
0.0
0.0
0.0
0.0
0.0
0.0
0.0
0.0
0.0
0.0
0.0
0.0
0.0
0.0
0.0
0.0
0.0
0.0
0.0
0.0
0.0
0.0
0.0
0.0
0.0
0.0
0.0
0.0
0.0
0.0
0.0
0.0
0.0
0.0
0.0
0.0
0.0
0.0
0.0
0.0
0.0
0.0
0.0
0.0
0.0
0.0
0.0
0.0
0.0
0.0
0.0
0.0
0.0
0.0
0.0
0.0
0.0
0.0
0.0
0.0
0.0
0.0
0.0
0.0
0.0
0.0
0.0
0.0
0.0
0.0
0.0
0.0
0.0
0.0
0.0
0.0
0.0
0.0
0.0
0.0
0.0
0.0
0.0
0.0
0.0
0.0
0.0
0.0
0.0
0.0
0.0
0.0
0.0
0.0
0.0
0.0
0.0
0.0
0.0
0.0
0.0
0.0
0.0
0.0
0.0
0.0
0.0
0.0
0.0
0.0
0.0
0.0
0.0
0.0
0.0
0.0
0.0
0.0
0.0
0.0
0.0
0.0
0.0
0.0
0.0
0.0
0.0
0.0
0.0
0.0
0.0
0.0
0.0
0.0
0.0
0.0
0.0
0.0
0.0
0.0
0.0
0.0
0.0
0.0
0.0
0.0
0.0
0.0
0.0
0.0
0.0
0.0
0.0
0.0
0.0
0.0
0.0
0.0
0.0
0.0
0.0
0.0
0.0
0.0
0.0
0.0
0.0
0.0
0.0
0.0
0.0
0.0
0.0
0.0
0.0
0.0
0.0
0.0
0.0
0.0
0.0
0.0
0.0
0.0
0.0
0.0
0.0
0.0
0.0
0.0
0.0
0.0
0.0
0.0
0.0
0.0
0.0
0.0
0.0
0.0
0.0
0.0
0.0
0.0
0.0
0.0
0.0
0.0
0.0
0.0
0.0
0.0
0.0
0.0
0.0
0.0
0.0
0.0
0.0
0.0
0.0
0.0
0.0
0.0
0.0
0.0
0.0
0.0
0.0
0.0
0.0
0.0
0.0
0.0
0.0
0.0
0.0
0.0
0.0
0.0
0.0
0.0
0.0
0.0
0.0
0.0
0.0
0.0
0.0
0.0
0.0
0.0
0.0
0.0
0.0
0.0
0.0
0.0
0.0
0.0
0.0
0.0
0.0
0.0
0.0
0.0
0.0
0.0
0.0
0.0
0.0
0.0
0.0
0.0
0.0
0.0
0.0
0.0
0.0
0.0
0.0
0.0
0.0
0.0
0.0
0.0
0.0
0.0
0.0
0.0
0.0
0.0
0.0
0.0
0.0
0.0
0.0
0.0
0.0
0.0
0.0
0.0
0.0
0.0
0.0
0.0
0.0
0.0
0.0
0.0
0.0
0.0
0.0
0.0
0.0
0.0
0.0
0.0
0.0
0.0
0.0
0.0
0.0
0.0
0.0
0.0
0.0
0.0
0.0
0.0
0.0
0.0
0.0
0.0
0.0
0.0
0.0
0.0
0.0
0.0
0.0
0.0
0.0
0.0
0.0
0.0
0.0
0.0
0.0
0.0
0.0
0.0
0.0
0.0
0.0
0.0
0.0
0.0
0.0
0.0
0.0
0.0
0.0
0.0
0.0
0.0
0.0
0.0
0.0
0.0
0.0
0.0
0.0
0.0
0.0
0.0
0.0
0.0
0.0
0.0
0.0
0.0
0.0
0.0
0.0
0.0
0.0
0.0
0.0
0.0
0.0
0.0
0.0
0.0
0.0
0.0
0.0
0.0
0.0
0.0
0.0
0.0
0.0
0.0
0.0
0.0
0.0
0.0
0.0
0.0
0.0
0.0
0.0
0.0
0.0
0.0
0.0
0.0
0.0
0.0
0.0
0.0
0.0
0.0
0.0
0.0
0.0
0.0
0.0
0.0
0.0
0.0
0.0
0.0
0.0
0.0
0.0
0.0
0.0
0.0
0.0
0.0
0.0
0.0
0.0
0.0
0.0
0.0
0.0
0.0
0.0
0.0
0.0
0.0
0.0
0.0
0.0
0.0
0.0
0.0
0.0
0.0
0.0
0.0
0.0
0.0
0.0
0.0
0.0
0.0
0.0
0.0
0.0
0.0
0.0
0.0
0.0
0.0
0.0
0.0
0.0
0.0
0.0
0.0
0.0
0.0
0.0
0.0
0.0
0.0
0.0
0.0
0.0
0.0
0.0
0.0
0.0
0.0
0.0
0.0
0.0
0.0
0.0
0.0
0.0
0.0
0.0
0.0
0.0
0.0
0.0
0.0
0.0
0.0
0.0
0.0
0.0
0.0
0.0
0.0
0.0
0.0
0.0
0.0
0.0
0.0
0.0
0.0
0.0
0.0
0.0
0.0
0.0
0.0
0.0
0.0
0.0
0.0
0.0
0.0
0.0
0.0
0.0
0.0
0.0
0.0
0.0
0.0
0.0
0.0
0.0
0.0
0.0
0.0
0.0
0.0
0.0
0.0
0.0
0.0
0.0
0.0
0.0
0.0
0.0
0.0
0.0
0.0
0.0
0.0
0.0
0.0
0.0
0.0
0.0
0.0
0.0
0.0
0.0
0.0
0.0
0.0
0.0
0.0
0.0
0.0
0.0
0.0
0.0
0.0
0.0
0.0
0.0
0.0
0.0
0.0
0.0
0.0
0.0
0.0
0.0
0.0
0.0
0.0
0.0
0.0
0.0
0.0
0.0
0.0
0.0
0.0
0.0
0.0
0.0
0.0
0.0
0.0
0.0
0.0
0.0
0.0
0.0
0.0
0.0
0.0
0.0
0.0
0.0
0.0
0.0
0.0
0.0
0.0
0.0
0.0
0.0
0.0
0.0
0.0
0.0
0.0
0.0
0.0
0.0
0.0
0.0
0.0
0.0
0.0
0.0
0.0
0.0
0.0
0.0
0.0
0.0
0.0
0.0
0.0
0.0
0.0
0.0
0.0
0.0
0.0
0.0
0.0
0.0
0.0
0.0
0.0
0.0
0.0
0.0
0.0
0.0
0.0
0.0
0.0
0.0
0.0
0.0
0.0
0.0
0.0
0.0
0.0
0.0
0.0
0.0
0.0
0.0
0.0
0.0
0.0
0.0
0.0
0.0
0.0
0.0
0.0
0.0
0.0
0.0
0.0
0.0
0.0
0.0
0.0
0.0
0.0
0.0
0.0
0.0
0.0
0.0
0.0
0.0
0.0
0.0
0.0
0.0
0.0
0.0
0.0
0.0
0.0
0.0
0.0
0.0
0.0
0.0
0.0
0.0
0.0
0.0
0.0
0.0
0.0
0.0
0.0
0.0
0.0
0.0
0.0
0.0
0.0
0.0
0.0
0.0
0.0
0.0
0.0
0.0
0.0
0.0
0.0
0.0
0.0
0.0
0.0
0.0
0.0
0.0
0.0
0.0
0.0
0.0
0.0
0.0
0.0
0.0
0.0
0.0
0.0
0.0
0.0
0.0
0.0
0.0
0.0
0.0
0.0
0.0
0.0
0.0
0.0
0.0
0.0
0.0
0.0
0.0
0.0
0.0
0.0
0.0
0.0
0.0
0.0
0.0
0.0
0.0
0.0
0.0
0.0
0.0
0.0
0.0
0.0
0.0
0.0
0.0
0.0
0.0
0.0
0.0
0.0
0.0
0.0
0.0
0.0
0.0
0.0
0.0
0.0
0.0
0.0
0.0
0.0
0.0
0.0
0.0
0.0
0.0
0.0
0.0
0.0
0.0
0.0
0.0
0.0
0.0
0.0
0.0
0.0
0.0
0.0
0.0
0.0
0.0
0.0
0.0
0.0
0.0
0.0
0.0
0.0
0.0
0.0
0.0
0.0
0.0
0.0
0.0
0.0
0.0
0.0
0.0
0.0
0.0
0.0
0.0
0.0
0.0
0.0
0.0
0.0
0.0
0.0
0.0
0.0
0.0
0.0
0.0
0.0
0.0
0.0
0.0
0.0
0.0
0.0
0.0
0.0
0.0
0.0
0.0
0.0
0.0
0.0
0.0
0.0
0.0
0.0
0.0
0.0
0.0
0.0
0.0
0.0
0.0
0.0
0.0
0.0
0.0
0.0
0.0
0.0
0.0
0.0
0.0
0.0
0.0
0.0
0.0
0.0
0.0
0.0
0.0
0.0
0.0
0.0
0.0
0.0
0.0
0.0
0.0
0.0
0.0
0.0
0.0
0.0
0.0
0.0
0.0
0.0
0.0
0.0
0.0
0.0
0.0
0.0
0.0
0.0
0.0
0.0
0.0
0.0
0.0
0.0
0.0
0.0
0.0
0.0
0.0
0.0
0.0
0.0
0.0
0.0
0.0
0.0
0.0
0.0
0.0
0.0
0.0
0.0
0.0
0.0
0.0
0.0
0.0
0.0
0.0
0.0
0.0
0.0
0.0
0.0
0.0
0.0
0.0
0.0
0.0
0.0
0.0
0.0
0.0
0.0
0.0
0.0
0.0
0.0
0.0
0.0
0.0
0.0
0.0
0.0
0.0
0.0
0.0
0.0
0.0
0.0
0.0
0.0
0.0
0.0
0.0
0.0
0.0
0.0
0.0
0.0
0.0
0.0
0.0
0.0
0.0
0.0
0.0
0.0
0.0
0.0
0.0
0.0
0.0
0.0
0.0
0.0
0.0
0.0
0.0
0.0
0.0
0.0
0.0
0.0
0.0
0.0
0.0
0.0
0.0
0.0
0.0
0.0
0.0
0.0
0.0
0.0
0.0
0.0
0.0
0.0
0.0
0.0
0.0
0.0
0.0
0.0
0.0
0.0
0.0
0.0
0.0
0.0
0.0
0.0
0.0
0.0
0.0
0.0
0.0
0.0
0.0
0.0
0.0
0.0
0.0
0.0
0.0
0.0
0.0
0.0
0.0
0.0
0.0
0.0
0.0
0.0
0.0
0.0
0.0
0.0
0.0
0.0
0.0
0.0
0.0
0.0
0.0
0.0
0.0
0.0
0.0
0.0
0.0
0.0
0.0
0.0
0.0
0.0
0.0
0.0
0.0
0.0
0.0
0.0
0.0
0.0
0.0
0.0
0.0
0.0
0.0
0.0
0.0
0.0
0.0
0.0
0.0
0.0
0.0
0.0
0.0
0.0
0.0
0.0
0.0
0.0
0.0
0.0
0.0
0.0
0.0
0.0
0.0
0.0
0.0
0.0
0.0
0.0
0.0
0.0
0.0
0.0
0.0
0.0
0.0
0.0
0.0
0.0
0.0
0.0
0.0
0.0
0.0
0.0
0.0
0.0
0.0
0.0
0.0
0.0
0.0
0.0
0.0
0.0
0.0
0.0
0.0
0.0
0.0
0.0
0.0
0.0
0.0
0.0
0.0
0.0
0.0
0.0
0.0
0.0
0.0
0.0
0.0
0.0
0.0
0.0
0.0
0.0
0.0
0.0
0.0
0.0
0.0
0.0
0.0
0.0
0.0
0.0
0.0
0.0
0.0
0.0
0.0
0.0
0.0
0.0
0.0
0.0
0.0
0.0
0.0
0.0
0.0
0.0
0.0
0.0
0.0
0.0
0.0
0.0
0.0
0.0
0.0
0.0
0.0
0.0
0.0
0.0
0.0
0.0
0.0
0.0
0.0
0.0
0.0
0.0
0.0
0.0
0.0
0.0
0.0
0.0
0.0
0.0
0.0
0.0
0.0
0.0
0.0
0.0
0.0
0.0
0.0
0.0
0.0
0.0
0.0
0.0
0.0
0.0
0.0
0.0
0.0
0.0
0.0
0.0
0.0
0.0
0.0
0.0
0.0
0.0
0.0
0.0
0.0
0.0
0.0
0.0
0.0
0.0
0.0
0.0
0.0
0.0
0.0
0.0
0.0
0.0
0.0
0.0
0.0
0.0
0.0
0.0
0.0
0.0
0.0
0.0
0.0
0.0
0.0
0.0
0.0
0.0
0.0
0.0
0.0
0.0
0.0
0.0
0.0
0.0
0.0
0.0
0.0
0.0
0.0
0.0
0.0
0.0
0.0
0.0
0.0
0.0
0.0
0.0
0.0
0.0
0.0
0.0
0.0
0.0
0.0
0.0
0.0
0.0
0.0
0.0
0.0
0.0
0.0
0.0
0.0
0.0
0.0
0.0
0.0
0.0
0.0
0.0
0.0
0.0
0.0
0.0
0.0
0.0
0.0
0.0
0.0
0.0
0.0
0.0
0.0
0.0
0.0
0.0
0.0
0.0
0.0
0.0
0.0
0.0
0.0
0.0
0.0
0.0
0.0
0.0
0.0
0.0
0.0
0.0
0.0
0.0
0.0
0.0
0.0
0.0
0.0
0.0
0.0
0.0
0.0
0.0
0.0
0.0
0.0
0.0
0.0
0.0
0.0
0.0
0.0
0.0
0.0
0.0
0.0
0.0
0.0
0.0
0.0
0.0
0.0
0.0
0.0
0.0
0.0
0.0
0.0
0.0
0.0
0.0
0.0
0.0
0.0
0.0
0.0
0.0
0.0
0.0
0.0
0.0
0.0
0.0
0.0
0.0
0.0
0.0
0.0
0.0
0.0
0.0
0.0
0.0
0.0
0.0
0.0
0.0
0.0
0.0
0.0
0.0
0.0
0.0
0.0
0.0
0.0
0.0
0.0
0.0
0.0
0.0
0.0
0.0
0.0
0.0
0.0
0.0
0.0
0.0
0.0
0.0
0.0
0.0
0.0
0.0
0.0
0.0
0.0
0.0
0.0
0.0
0.0
0.0
0.0
0.0
0.0
0.0
0.0
0.0
0.0
0.0
0.0
0.0
0.0
0.0
0.0
0.0
0.0
0.0
0.0
0.0
0.0
0.0
0.0
0.0
0.0
0.0
0.0
0.0
0.0
0.0
0.0
0.0
0.0
0.0
0.0
0.0
0.0
0.0
0.0
0.0
0.0
0.0
0.0
0.0
0.0
0.0
0.0
0.0
0.0
0.0
0.0
0.0
0.0
0.0
0.0
0.0
0.0
0.0
0.0
0.0
0.0
0.0
0.0
0.0
0.0
0.0
0.0
0.0
0.0
0.0
0.0
0.0
0.0
0.0
0.0
0.0
0.0
0.0
0.0
0.0
0.0
0.0
0.0
0.0
0.0
0.0
0.0
0.0
0.0
0.0
0.0
0.0
0.0
0.0
0.0
0.0
0.0
0.0
0.0
0.0
0.0
0.0
0.0
0.0
0.0
0.0
0.0
0.0
0.0
0.0
0.0
0.0
0.0
0.0
0.0
0.0
0.0
0.0
0.0
0.0
0.0
0.0
0.0
0.0
0.0
0.0
0.0
0.0
0.0
0.0
0.0
0.0
0.0
0.0
0.0
0.0
0.0
0.0
0.0
0.0
0.0
0.0
0.0
0.0
0.0
0.0
0.0
0.0
0.0
0.0
0.0
0.0
0.0
0.0
0.0
0.0
0.0
0.0
0.0
0.0
0.0
0.0
0.0
0.0
0.0
0.0
0.0
0.0
0.0
0.0
0.0
0.0
0.0
0.0
0.0
0.0
0.0
0.0
0.0
0.0
0.0
0.0
0.0
0.0
0.0
0.0
0.0
0.0
0.0
0.0
0.0
0.0
0.0
0.0
0.0
0.0
0.0
0.0
0.0
0.0
0.0
0.0
0.0
0.0
0.0
0.0
0.0
0.0
0.0
0.0
0.0
0.0
0.0
0.0
0.0
0.0
0.0
0.0
0.0
0.0
0.0
0.0
0.0
0.0
0.0
0.0
0.0
0.0
0.0
0.0
0.0
0.0
0.0
0.0
0.0
0.0
0.0
0.0
0.0
0.0
0.0
0.0
0.0
0.0
0.0
0.0
0.0
0.0
0.0
0.0
0.0
0.0
0.0
0.0
0.0
0.0
0.0
0.0
0.0
0.0
0.0
0.0
0.0
0.0
0.0
0.0
0.0
0.0
0.0
0.0
0.0
0.0
0.0
0.0
0.0
0.0
0.0
0.0
0.0
0.0
0.0
0.0
0.0
0.0
0.0
0.0
0.0
0.0
0.0
0.0
0.0
0.0
0.0
0.0
0.0
0.0
0.0
0.0
0.0
0.0
0.0
0.0
0.0
0.0
0.0
0.0
0.0
0.0
0.0
0.0
0.0
0.0
0.0
0.0
0.0
0.0
0.0
0.0
0.0
0.0
0.0
0.0
0.0
0.0
0.0
0.0
0.0
0.0
0.0
0.0
0.0
0.0
0.0
0.0
0.0
0.0
0.0
0.0
0.0
0.0
0.0
0.0
0.0
0.0
0.0
0.0
0.0
0.0
0.0
