&CONTROL
  calculation = 'scf'
  prefix = 'O__atomic'
  outdir = './tmp'
  pseudo_dir = '/usr/share/espresso/pseudo'
  tprnfor = .true.
  forc_conv_thr = 2.0d-3
  nstep = 200
  max_seconds = 165000
/
&SYSTEM
  ibrav = 0
  nat = 73
  ntyp = 5
  ecutwfc = 80.0
  ecutrho = 640.0
  occupations = 'smearing'
  smearing = 'mv'
  degauss = 0.01
  nosym = .true.
  noinv = .true.
  nspin = 2
  starting_magnetization(1) = 0.6
  starting_magnetization(2) = 0.2
  starting_magnetization(3) = 0.5
  starting_magnetization(4) = 0.3
  starting_magnetization(5) = 0.0
/
&ELECTRONS
  conv_thr = 1.0d-6
  mixing_mode = 'local-TF'
  mixing_beta = 0.3
  electron_maxstep = 300
/
&IONS
  ion_dynamics = 'bfgs'
/
ATOMIC_SPECIES
  Cr  51.996  cr_pbe_v1.5.uspp.F.UPF
  Cu  63.546  Cu.paw.z_11.ld1.psl.v1.0.0-low.upf
  Mn  54.938  mn_pbe_v1.5.uspp.F.UPF
  Ni  58.693  ni_pbe_v1.4.uspp.F.UPF
  O  15.999  O.pbe-n-kjpaw_psl.0.1.UPF
CELL_PARAMETERS angstrom
  5.855999434240528  0.0  3.585765481475687e-16
  2.0120443058924784e-15  12.511759014755889  7.66124281456192e-16
  0.0  0.0  25.023518029511784
ATOMIC_POSITIONS angstrom
  Mn  7.545166147096794e-16  4.691909630533458  9.383819261066916  0 0 0
  Ni  1.7605387676559188e-15  10.947789137911403  9.383819261066916  0 0 0
  Mn  2.9279997171202647  4.691909630533458  9.383819261066916  0 0 0
  Cr  2.9279997171202656  10.947789137911403  9.383819261066915  0 0 0
  Cr  1.4639998585601322  1.563969876844486  9.383819261066916  0 0 0
  Ni  1.4639998585601335  7.81984938422243  9.383819261066916  0 0 0
  Mn  4.391999575680396  1.563969876844486  9.383819261066916  0 0 0
  Ni  4.391999575680397  7.81984938422243  9.383819261066915  0 0 0
  Mn  0.0025469962206848104  1.576957331936853  12.573744744254519  1 1 1
  Ni  0.013076156734880282  7.838010509068789  12.533887139432274  1 1 1
  Mn  2.932788646054984  1.58953159243015  12.613828149084117  1 1 1
  Cr  2.8633636084029472  7.893879607270592  12.663403641463793  1 1 1
  Ni  1.4753954784291397  4.717739886906661  12.518929488411317  1 1 1
  Mn  1.4325743324785283  10.970034277935387  12.554042667701426  1 1 1
  Cr  4.390156668013869  4.812290718473398  12.706018763115477  1 1 1
  Mn  4.419480709095786  10.956111855889288  12.551798071275922  1 1 1
  Cr  -0.007721348874053652  4.688228368771076  16.582943115412224  1 1 1
  Ni  -0.09134851339607107  10.933683446669733  15.749654208204174  1 1 1
  Ni  2.9322469320382645  4.7725824082335055  15.833585065588974  1 1 1
  Mn  2.921589153174095  10.944272273597033  15.74284390494156  1 1 1
  Cr  1.3253804381437317  1.481468707645253  16.007892664863775  1 1 1
  Cr  1.244278152195198  7.924621949016109  16.50447777369734  1 1 1
  Ni  4.333680820081494  1.5921721025914888  15.73584545959022  1 1 1
  Cu  4.3284102635258055  7.827337616528011  15.964590903324579  1 1 1
  O  2.5150553823655976e-16  1.5639698768444859  10.603715765005616  0 0 0
  O  1.257527691182799e-15  7.81984938422243  10.603715765005616  0 0 0
  O  2.9279997171202647  1.5639698768444859  10.603715765005616  0 0 0
  O  2.927999717120265  7.81984938422243  10.603715765005616  0 0 0
  O  2.515055382365597e-16  1.5639698768444854  8.163922757128216  0 0 0
  O  1.2575276911827989e-15  7.819849384222429  8.163922757128216  0 0 0
  O  2.9279997171202647  1.5639698768444854  8.163922757128216  0 0 0
  O  2.927999717120265  7.819849384222429  8.163922757128216  0 0 0
  O  1.4639998585601328  3.472013126594758  9.383819261066916  0 0 0
  O  1.4639998585601337  9.727892633972703  9.383819261066916  0 0 0
  O  4.391999575680397  3.472013126594758  9.383819261066916  0 0 0
  O  4.391999575680398  9.727892633972703  9.383819261066915  0 0 0
  O  1.4639998585601328  5.911806134472157  9.383819261066916  0 0 0
  O  1.4639998585601341  12.167685641850102  9.383819261066915  0 0 0
  O  4.391999575680397  5.911806134472157  9.383819261066916  0 0 0
  O  4.391999575680398  12.167685641850102  9.383819261066916  0 0 0
  O  -0.145601759032536  4.691054524102244  13.733983482146995  1 1 1
  O  -0.011840157227085422  10.876514928756752  13.79296148491024  1 1 1
  O  3.0228224102341783  4.739819980963585  13.791601143429123  1 1 1
  O  2.9259476918099354  10.92861383649199  13.839902949118338  1 1 1
  O  7.545166147096793e-16  4.691909630533457  11.291862510817188  0 0 0
  O  1.7605387676559186e-15  10.947789137911402  11.291862510817188  0 0 0
  O  2.9279997171202647  4.691909630533457  11.291862510817188  0 0 0
  O  2.9279997171202656  10.947789137911402  11.291862510817186  0 0 0
  O  1.4648352830191038  0.34484846156573223  12.578267757837581  1 1 1
  O  1.5082146278983475  6.633366251448725  12.520916555687712  1 1 1
  O  4.394601538292544  0.35539896052283554  12.64383074456917  1 1 1
  O  4.367820580596297  6.563104736690277  12.546277017851827  1 1 1
  O  1.4591110742035298  2.787174866594506  12.590810946008856  1 1 1
  O  1.5246202930098605  9.073407693312634  12.496963084584504  1 1 1
  O  4.391590213471971  2.8093862981177735  12.585076346268693  1 1 1
  O  4.311904992032667  9.03573625918789  12.526850855871755  1 1 1
  O  0.049792368467645086  1.5529489154431044  17.06661942738594  1 1 1
  O  0.32485697902252864  7.9313516692679995  17.8096285250497  1 1 1
  O  2.6779470051586003  1.7595760088693662  16.95549103473341  1 1 1
  O  2.834017947383194  7.699122436531747  17.04619736823756  1 1 1
  O  0.12387100831572757  1.6582868766436223  14.57293176985232  1 1 1
  O  0.11121493543750816  7.804987722420199  15.080342662455767  1 1 1
  O  2.8326195250304256  1.6581815222994436  14.52309090694498  1 1 1
  O  2.900303786917217  7.76830527892435  14.321766047778317  1 1 1
  O  1.2646679849745401  3.598763046861864  16.01930468383376  1 1 1
  O  1.448021198240024  9.656884601815118  16.108206395864396  1 1 1
  O  4.48891072049824  3.625281240202065  16.102574767739593  1 1 1
  O  4.282942451632628  9.70544439378068  16.102521158071564  1 1 1
  O  1.2115301229371538  5.97062063003163  16.10065514549088  1 1 1
  O  1.4615946536740667  12.22038326497062  15.957095840232565  1 1 1
  O  4.431206711401022  5.95688863654486  16.17448220378529  1 1 1
  O  4.247890503970795  12.176328556452848  16.065109348741345  1 1 1
  O  0.03822695255830359  4.626348691475013  18.172996404618303  1 1 1
K_POINTS automatic
  4 2 1 0 0 0
HUBBARD (atomic)
U Cr-3d 3.7000
U Mn-3d 3.9000
U Ni-3d 6.2000
