&CONTROL
  calculation = 'scf'
  prefix = 'OH__atomic'
  outdir = './tmp'
  pseudo_dir = '/usr/share/espresso/pseudo'
  tprnfor = .true.
  forc_conv_thr = 2.0d-3
  nstep = 200
  max_seconds = 165000
/
&SYSTEM
  ibrav = 0
  nat = 74
  ntyp = 6
  ecutwfc = 80.0
  ecutrho = 640.0
  occupations = 'smearing'
  smearing = 'mv'
  degauss = 0.01
  nosym = .true.
  noinv = .true.
  nspin = 2
  starting_magnetization(1) = 0.6
  starting_magnetization(2) = 0.2
  starting_magnetization(3) = 0.5
  starting_magnetization(4) = 0.3
  starting_magnetization(5) = 0.0
  starting_magnetization(6) = 0.0
/
&ELECTRONS
  conv_thr = 1.0d-6
  mixing_mode = 'local-TF'
  mixing_beta = 0.3
  electron_maxstep = 300
/
&IONS
  ion_dynamics = 'bfgs'
/
ATOMIC_SPECIES
  Cr  51.996  cr_pbe_v1.5.uspp.F.UPF
  Cu  63.546  Cu.paw.z_11.ld1.psl.v1.0.0-low.upf
  Mn  54.938  mn_pbe_v1.5.uspp.F.UPF
  Ni  58.693  ni_pbe_v1.4.uspp.F.UPF
  O  15.999  O.pbe-n-kjpaw_psl.0.1.UPF
  H  1.008  H.pbe-rrkjus_psl.1.0.0.UPF
CELL_PARAMETERS angstrom
  5.855999434240528  0.0  3.585765481475687e-16
  2.0120443058924784e-15  12.511759014755889  7.66124281456192e-16
  0.0  0.0  25.023518029511784
ATOMIC_POSITIONS angstrom
  Mn  7.545166147096794e-16  4.691909630533458  9.383819261066916  0 0 0
  Ni  1.7605387676559188e-15  10.947789137911403  9.383819261066916  0 0 0
  Mn  2.9279997171202647  4.691909630533458  9.383819261066916  0 0 0
  Cr  2.9279997171202656  10.947789137911403  9.383819261066915  0 0 0
  Cr  1.4639998585601322  1.563969876844486  9.383819261066916  0 0 0
  Ni  1.4639998585601335  7.81984938422243  9.383819261066916  0 0 0
  Mn  4.391999575680396  1.563969876844486  9.383819261066916  0 0 0
  Ni  4.391999575680397  7.81984938422243  9.383819261066915  0 0 0
  Mn  0.0074152511693856005  1.5788265232544034  12.586672147425135  1 1 1
  Ni  0.03032544270228667  7.850410356445261  12.56530871987011  1 1 1
  Mn  2.929234069563574  1.5949140099779078  12.601024689121935  1 1 1
  Cr  2.88569790637278  7.9066970855702605  12.659928942925381  1 1 1
  Ni  1.4815952136818764  4.73099047914588  12.56787942436276  1 1 1
  Mn  1.4358007414068883  10.973994197087372  12.552154569582633  1 1 1
  Cr  4.35142875301619  4.781950110198709  12.54081303930876  1 1 1
  Mn  4.422682357836325  10.968720338324426  12.550466534899455  1 1 1
  Cr  -0.1152102820806476  4.777063895808126  15.715583888580413  1 1 1
  Ni  -0.04511387743311549  10.967618270071062  15.744895933407252  1 1 1
  Ni  2.942690098085423  4.829389249223785  15.721448991151805  1 1 1
  Mn  2.940133309236092  10.96636213768261  15.737256093892052  1 1 1
  Cr  1.4969019734591777  1.5403701737752657  16.016944387948737  1 1 1
  Cr  1.341981431301713  7.899421595295561  16.432972023391525  1 1 1
  Ni  4.398198554878273  1.566370284561495  15.711829298783373  1 1 1
  Cu  4.378784656374095  7.898471068058277  15.903317330032355  1 1 1
  O  2.5150553823655976e-16  1.5639698768444859  10.603715765005616  0 0 0
  O  1.257527691182799e-15  7.81984938422243  10.603715765005616  0 0 0
  O  2.9279997171202647  1.5639698768444859  10.603715765005616  0 0 0
  O  2.927999717120265  7.81984938422243  10.603715765005616  0 0 0
  O  2.515055382365597e-16  1.5639698768444854  8.163922757128216  0 0 0
  O  1.2575276911827989e-15  7.819849384222429  8.163922757128216  0 0 0
  O  2.9279997171202647  1.5639698768444854  8.163922757128216  0 0 0
  O  2.927999717120265  7.819849384222429  8.163922757128216  0 0 0
  O  1.4639998585601328  3.472013126594758  9.383819261066916  0 0 0
  O  1.4639998585601337  9.727892633972703  9.383819261066916  0 0 0
  O  4.391999575680397  3.472013126594758  9.383819261066916  0 0 0
  O  4.391999575680398  9.727892633972703  9.383819261066915  0 0 0
  O  1.4639998585601328  5.911806134472157  9.383819261066916  0 0 0
  O  1.4639998585601341  12.167685641850102  9.383819261066915  0 0 0
  O  4.391999575680397  5.911806134472157  9.383819261066916  0 0 0
  O  4.391999575680398  12.167685641850102  9.383819261066916  0 0 0
  O  -0.03397357398251615  4.766729699428277  13.954640593853165  1 1 1
  O  -0.0036448573984862675  10.898978687946784  13.79022724673367  1 1 1
  O  2.993745719300401  4.758829448466124  13.779912705104643  1 1 1
  O  2.937024673470866  10.955322476170444  13.841680038053072  1 1 1
  O  7.545166147096793e-16  4.691909630533457  11.291862510817188  0 0 0
  O  1.7605387676559186e-15  10.947789137911402  11.291862510817188  0 0 0
  O  2.9279997171202647  4.691909630533457  11.291862510817188  0 0 0
  O  2.9279997171202656  10.947789137911402  11.291862510817186  0 0 0
  O  1.4736622243972497  0.3524927671205226  12.549710911829013  1 1 1
  O  1.5417024436905402  6.64269494790259  12.508448721385639  1 1 1
  O  4.388953087417232  0.3647396367424178  12.618634289399836  1 1 1
  O  4.387492366609834  6.5567678716467075  12.590067906968724  1 1 1
  O  1.4659570541738725  2.794363837019087  12.588204268543027  1 1 1
  O  1.5363700822043944  9.082649723089373  12.495982400644426  1 1 1
  O  4.407074134648666  2.8481961854904148  12.622658074939759  1 1 1
  O  4.322280496548092  9.047981437566252  12.526902988245975  1 1 1
  O  0.14740420712318608  1.6766625045174262  17.024152470201784  1 1 1
  O  0.38836535179310977  7.904919374894389  17.709855978437698  1 1 1
  O  2.7796723351658232  1.7153274183525968  17.04569778110366  1 1 1
  O  2.9081712019465704  7.793729153413694  17.05026386390225  1 1 1
  O  0.08601499942209943  1.6086539179683013  14.51761638570099  1 1 1
  O  0.12626804011132003  7.876416319959989  14.965885703539126  1 1 1
  O  2.82402214899734  1.6120733101028735  14.554918102582269  1 1 1
  O  2.9032487841566494  7.82546863728045  14.32620665118258  1 1 1
  O  1.4187796255413365  3.534296823556061  15.741944734366882  1 1 1
  O  1.4837589993716327  9.668175289412597  16.005333851486256  1 1 1
  O  4.4663040824761175  3.593544413916957  15.930284018556277  1 1 1
  O  4.338285181772337  9.742153205858278  16.09605354556454  1 1 1
  O  1.327911645411914  6.1070180832557694  15.913359031703148  1 1 1
  O  1.5070281334448317  12.2336684142032  15.9798073208028  1 1 1
  O  4.479872124867385  6.020450911933877  16.073572338957437  1 1 1
  O  4.291756672907522  12.172787417476888  16.087300026532137  1 1 1
  O  0.5169526894826744  4.343366506910575  17.56846328612647  1 1 1
  H  0.3272385498971189  3.392769907228806  17.75430627102096  1 1 1
K_POINTS automatic
  4 2 1 0 0 0
HUBBARD (atomic)
U Cr-3d 3.7000
U Mn-3d 3.9000
U Ni-3d 6.2000
