&CONTROL
  calculation = 'scf'
  prefix = 'slab__atomic'
  outdir = './tmp'
  pseudo_dir = '/usr/share/espresso/pseudo'
  tprnfor = .true.
  forc_conv_thr = 2.0d-3
  nstep = 200
  max_seconds = 165000
/
&SYSTEM
  ibrav = 0
  nat = 72
  ntyp = 5
  ecutwfc = 80.0
  ecutrho = 640.0
  occupations = 'smearing'
  smearing = 'mv'
  degauss = 0.01
  nosym = .true.
  noinv = .true.
  nspin = 2
  starting_magnetization(1) = 0.6
  starting_magnetization(2) = 0.2
  starting_magnetization(3) = 0.5
  starting_magnetization(4) = 0.3
  starting_magnetization(5) = 0.0
/
&ELECTRONS
  conv_thr = 1.0d-6
  mixing_mode = 'local-TF'
  mixing_beta = 0.3
  electron_maxstep = 300
/
&IONS
  ion_dynamics = 'bfgs'
/
ATOMIC_SPECIES
  Cr  51.996  cr_pbe_v1.5.uspp.F.UPF
  Cu  63.546  Cu.paw.z_11.ld1.psl.v1.0.0-low.upf
  Mn  54.938  mn_pbe_v1.5.uspp.F.UPF
  Ni  58.693  ni_pbe_v1.4.uspp.F.UPF
  O  15.999  O.pbe-n-kjpaw_psl.0.1.UPF
CELL_PARAMETERS angstrom
  5.855999434240528  0.0  3.585765481475687e-16
  2.0120443058924784e-15  12.511759014755889  7.66124281456192e-16
  0.0  0.0  25.023518029511784
ATOMIC_POSITIONS angstrom
  Mn  7.545166147096794e-16  4.691909630533458  9.383819261066916  0 0 0
  Ni  1.7605387676559188e-15  10.947789137911403  9.383819261066916  0 0 0
  Mn  2.9279997171202647  4.691909630533458  9.383819261066916  0 0 0
  Cr  2.9279997171202656  10.947789137911403  9.383819261066915  0 0 0
  Cr  1.4639998585601322  1.563969876844486  9.383819261066916  0 0 0
  Ni  1.4639998585601335  7.81984938422243  9.383819261066916  0 0 0
  Mn  4.391999575680396  1.563969876844486  9.383819261066916  0 0 0
  Ni  4.391999575680397  7.81984938422243  9.383819261066915  0 0 0
  Mn  0.03362763612974341  1.5802542442619791  12.562795656226218  1 1 1
  Ni  0.024486311482871673  7.8327037343757  12.537079979663162  1 1 1
  Mn  2.951472062808232  1.5913648362747639  12.625028915732159  1 1 1
  Cr  2.8869697172829842  7.89584138469745  12.64211382670004  1 1 1
  Ni  1.4838894384274743  4.725948292561317  12.551067682331244  1 1 1
  Mn  1.435365226944042  10.960787260968651  12.551216685606171  1 1 1
  Cr  4.306299518712593  4.76711239938162  12.532595167747262  1 1 1
  Mn  4.425364298492397  10.961677838858932  12.552023467550065  1 1 1
  Cr  -0.05379476587771015  4.7321142560655565  15.632981460473964  1 1 1
  Ni  -0.07896481876440294  10.902685130382453  15.751427865279085  1 1 1
  Ni  2.9347438002958057  4.783261060493215  15.803931728905216  1 1 1
  Mn  2.938116687699981  10.91843321005849  15.731611836641097  1 1 1
  Cr  1.286843708305697  1.415541179137938  16.04338386604855  1 1 1
  Cr  1.264238515706042  7.905427730375862  16.492980401746223  1 1 1
  Ni  4.330346346952457  1.552152152274223  15.752083678703038  1 1 1
  Cu  4.342161662777825  7.814922465094877  15.943812257360934  1 1 1
  O  2.5150553823655976e-16  1.5639698768444859  10.603715765005616  0 0 0
  O  1.257527691182799e-15  7.81984938422243  10.603715765005616  0 0 0
  O  2.9279997171202647  1.5639698768444859  10.603715765005616  0 0 0
  O  2.927999717120265  7.81984938422243  10.603715765005616  0 0 0
  O  2.515055382365597e-16  1.5639698768444854  8.163922757128216  0 0 0
  O  1.2575276911827989e-15  7.819849384222429  8.163922757128216  0 0 0
  O  2.9279997171202647  1.5639698768444854  8.163922757128216  0 0 0
  O  2.927999717120265  7.819849384222429  8.163922757128216  0 0 0
  O  1.4639998585601328  3.472013126594758  9.383819261066916  0 0 0
  O  1.4639998585601337  9.727892633972703  9.383819261066916  0 0 0
  O  4.391999575680397  3.472013126594758  9.383819261066916  0 0 0
  O  4.391999575680398  9.727892633972703  9.383819261066915  0 0 0
  O  1.4639998585601328  5.911806134472157  9.383819261066916  0 0 0
  O  1.4639998585601341  12.167685641850102  9.383819261066915  0 0 0
  O  4.391999575680397  5.911806134472157  9.383819261066916  0 0 0
  O  4.391999575680398  12.167685641850102  9.383819261066916  0 0 0
  O  -0.04841455419095344  4.772627385216642  13.960786910773754  1 1 1
  O  -0.005260812571538411  10.884634711563823  13.78980245406324  1 1 1
  O  2.989855793491117  4.760293246070768  13.79648438354255  1 1 1
  O  2.9326012437291884  10.947400462332592  13.836578503877936  1 1 1
  O  7.545166147096793e-16  4.691909630533457  11.291862510817188  0 0 0
  O  1.7605387676559186e-15  10.947789137911402  11.291862510817188  0 0 0
  O  2.9279997171202647  4.691909630533457  11.291862510817188  0 0 0
  O  2.9279997171202656  10.947789137911402  11.291862510817186  0 0 0
  O  1.4806145801282984  0.3489281335990335  12.556381911735526  1 1 1
  O  1.5116308501566265  6.621640522264238  12.491221261123279  1 1 1
  O  4.417068893443099  0.3659011051356244  12.643089499464955  1 1 1
  O  4.399202685261845  6.540388139782441  12.57891884528875  1 1 1
  O  1.4829578660180045  2.8028669999320885  12.58134815314504  1 1 1
  O  1.527669972006643  9.065601862147275  12.517218171117435  1 1 1
  O  4.429063563016147  2.847754164753283  12.647457363470156  1 1 1
  O  4.322233802706951  9.035405148670737  12.536535990453649  1 1 1
  O  0.04451855514645793  1.50265993983855  17.122161077872693  1 1 1
  O  0.35601090448200334  7.985028469299803  17.800798624940718  1 1 1
  O  2.6561535277606083  1.795029222030335  16.92410951484032  1 1 1
  O  2.850711485845742  7.6769552709169195  17.039937864447076  1 1 1
  O  0.19748884279866505  1.6424883090615756  14.614524193468995  1 1 1
  O  0.12197580525734683  7.792735916488831  15.057664270849179  1 1 1
  O  2.8628926299068693  1.5992528429558648  14.506419710842652  1 1 1
  O  2.9066768136409618  7.718483549356812  14.299346220424807  1 1 1
  O  1.214125183446735  3.6429209589157274  16.084156598621874  1 1 1
  O  1.4723561702159793  9.622709173485214  16.039510265621118  1 1 1
  O  4.521723756579138  3.6109824373106867  16.04842538782202  1 1 1
  O  4.288425496729094  9.671050448769236  16.085025179562958  1 1 1
  O  1.2247063414634152  5.975705684504792  16.15273817321139  1 1 1
  O  1.4708221888538298  12.174895205073119  16.010672550931623  1 1 1
  O  4.4997863501091055  5.9655228967083715  16.1800007782813  1 1 1
  O  4.259579270708455  12.14042359645426  16.084731242869477  1 1 1
K_POINTS automatic
  4 2 1 0 0 0
HUBBARD (atomic)
U Cr-3d 3.7000
U Mn-3d 3.9000
U Ni-3d 6.2000
