&CONTROL
  calculation = 'relax'
  prefix = 'slab_c5low__relax'
  outdir = './tmp'
  pseudo_dir = '/usr/share/espresso/pseudo'
  tprnfor = .true.
  forc_conv_thr = 2.0d-3
  nstep = 200
  max_seconds = 165000
/
&SYSTEM
  ibrav = 0
  nat = 72
  ntyp = 5
  ecutwfc = 80.0
  ecutrho = 640.0
  occupations = 'smearing'
  smearing = 'mv'
  degauss = 0.01
  nosym = .true.
  noinv = .true.
  nspin = 2
  starting_magnetization(1) = 0.4
  starting_magnetization(2) = 0.6
  starting_magnetization(3) = 0.2
  starting_magnetization(4) = 0.5
  starting_magnetization(5) = 0.0
/
&ELECTRONS
  conv_thr = 1.0d-6
  mixing_mode = 'local-TF'
  mixing_beta = 0.3
  startingwfc = 'atomic+random'
  startingpot = 'file'
  electron_maxstep = 300
/
&IONS
  ion_dynamics = 'bfgs'
/
ATOMIC_SPECIES
  Co  58.933  Co_pbe_v1.2.uspp.F.UPF
  Cr  51.996  cr_pbe_v1.5.uspp.F.UPF
  Cu  63.546  Cu.paw.z_11.ld1.psl.v1.0.0-low.upf
  Mn  54.938  mn_pbe_v1.5.uspp.F.UPF
  O  15.999  O.pbe-n-kjpaw_psl.0.1.UPF
CELL_PARAMETERS angstrom
  5.868293765917553  0.0  3.593293588443649e-16
  2.016042504137234e-15  12.536621535320224  7.676466717675844e-16
  0.0  0.0  25.073243070640455
ATOMIC_POSITIONS angstrom
  Cr 0.0000000000 1.5670776919 9.4024661515 0 0 0
  Co 0.0000000000 7.8353884596 9.4024661515 0 0 0
  Mn 2.9341468830 1.5670776919 9.4024661515 0 0 0
  Cu 2.9341468830 7.8353884596 9.4024661515 0 0 0
  Mn 1.4670734415 4.7012330757 9.4024661515 0 0 0
  Cr 1.4670734415 10.9695438434 9.4024661515 0 0 0
  Cu 4.4012203244 4.7012330757 9.4024661515 0 0 0
  Mn 4.4012203244 10.9695438434 9.4024661515 0 0 0
  Mn 0.0034783314 4.7173835835 12.5894865915 1 1 1
  Mn -0.0093667519 10.9458979402 12.6039092003 1 1 1
  Cr 2.9495303776 4.7164979390 12.5879533941 1 1 1
  Co 2.9242272892 10.9415058590 12.6211542640 1 1 1
  Co 1.4448824138 1.5252843517 12.5335948706 1 1 1
  Cr 1.5322908746 7.8545567579 12.5095918820 1 1 1
  Mn 4.4140661938 1.5486987022 12.5395765630 1 1 1
  Co 4.3953241227 7.8613215451 12.5395900169 1 1 1
  Mn -0.0045565707 1.5874556881 15.7988905244 1 1 1
  Cr 0.0038044327 7.8282768087 15.5691306083 1 1 1
  Cr 2.9173675888 1.5931112207 15.5823479613 1 1 1
  Co 2.9375448721 7.8204059059 15.7710816653 1 1 1
  Co 1.4666606408 4.7462753868 15.7959974005 1 1 1
  Co 1.4718256461 10.9538625873 15.9302041440 1 1 1
  Co 4.3995422040 4.7199262578 15.8672818264 1 1 1
  Mn 4.4074201434 10.9544479583 15.7818800444 1 1 1
  O 0.0000000000 4.7012330757 10.6247867512 0 0 0
  O 0.0000000000 10.9695438434 10.6247867512 0 0 0
  O 2.9341468830 4.7012330757 10.6247867512 0 0 0
  O 2.9341468830 10.9695438434 10.6247867512 0 0 0
  O 0.0000000000 4.7012330757 8.1801455518 0 0 0
  O 0.0000000000 10.9695438434 8.1801455518 0 0 0
  O 2.9341468830 4.7012330757 8.1801455518 0 0 0
  O 2.9341468830 10.9695438434 8.1801455518 0 0 0
  O 1.4670734415 0.3447570922 9.4024661515 0 0 0
  O 1.4670734415 6.6130678599 9.4024661515 0 0 0
  O 4.4012203244 0.3447570922 9.4024661515 0 0 0
  O 4.4012203244 6.6130678599 9.4024661515 0 0 0
  O 1.4670734415 2.7893982916 9.4024661515 0 0 0
  O 1.4670734415 9.0577090593 9.4024661515 0 0 0
  O 4.4012203244 2.7893982916 9.4024661515 0 0 0
  O 4.4012203244 9.0577090593 9.4024661515 0 0 0
  O 0.0173135319 1.5558598441 13.7849454845 1 1 1
  O 0.0061168220 7.8263254127 13.8550770194 1 1 1
  O 2.9315482630 1.5898146507 13.8614776749 1 1 1
  O 2.9597804066 7.8053069843 13.7504591172 1 1 1
  O 0.0000000000 1.5670776919 11.3143009356 0 0 0
  O 0.0000000000 7.8353884596 11.3143009356 0 0 0
  O 2.9341468830 1.5670776919 11.3143009356 0 0 0
  O 2.9341468830 7.8353884596 11.3143009356 0 0 0
  O 1.4753896935 3.4803908517 12.5756002600 1 1 1
  O 1.4696360966 9.7226694150 12.6035362017 1 1 1
  O 4.4187311251 3.4788123267 12.5998841819 1 1 1
  O 4.3750174506 9.7137961683 12.5993222498 1 1 1
  O 1.4644203709 5.9448311286 12.5826261739 1 1 1
  O 1.4969843389 12.1944625221 12.5942964664 1 1 1
  O 4.4055469974 5.9545252654 12.5814135465 1 1 1
  O 4.3788145092 12.1683766268 12.6179098652 1 1 1
  O 0.0309639162 4.6963542435 16.9406124700 1 1 1
  O 0.0419573667 10.9759978947 16.9906383372 1 1 1
  O 2.9401443906 4.7295589577 16.9259664261 1 1 1
  O 2.8690746891 10.9411552809 16.9846371454 1 1 1
  O -0.0015387233 4.7465874105 14.6095322715 1 1 1
  O 0.0395057517 10.9501956708 14.5730473321 1 1 1
  O 2.9245777258 4.7199246510 14.5762234143 1 1 1
  O 2.8944551205 10.9525296378 14.5466548824 1 1 1
  O 1.5161381842 0.4147506040 16.0334016643 1 1 1
  O 1.4369443894 6.6529587562 15.9585540750 1 1 1
  O 4.3307048517 0.3827581673 15.9834629981 1 1 1
  O 4.4464102333 6.6649004051 16.0047631430 1 1 1
  O 1.5003812362 2.7813366784 15.9773368295 1 1 1
  O 1.4361061293 8.9805475389 15.9950218743 1 1 1
  O 4.3339040377 2.7718567443 15.9766558395 1 1 1
  O 4.4399124406 9.0178926413 15.9963610532 1 1 1
K_POINTS automatic
  4 2 1 0 0 0
HUBBARD (atomic)
U Co-3d 3.3200
U Cr-3d 3.7000
U Mn-3d 3.9000
