&CONTROL
  calculation = 'scf'
  prefix = 'OOH__atomic_seeded'
  outdir = './tmp'
  pseudo_dir = '/usr/share/espresso/pseudo'
  tprnfor = .true.
  forc_conv_thr = 2.0d-3
  nstep = 200
  max_seconds = 165000
/
&SYSTEM
  ibrav = 0
  nat = 75
  ntyp = 6
  ecutwfc = 80.0
  ecutrho = 640.0
  occupations = 'smearing'
  smearing = 'mv'
  degauss = 0.01
  nosym = .true.
  noinv = .true.
  nspin = 2
  starting_magnetization(1) = 0.4
  starting_magnetization(2) = 0.6
  starting_magnetization(3) = 0.2
  starting_magnetization(4) = 0.5
  starting_magnetization(5) = 0.0
  starting_magnetization(6) = 0.0
/
&ELECTRONS
  conv_thr = 1.0d-6
  mixing_mode = 'local-TF'
  mixing_beta = 0.3
  electron_maxstep = 300
  startingpot = 'file'
/
&IONS
  ion_dynamics = 'bfgs'
/
ATOMIC_SPECIES
  Co  58.933  Co_pbe_v1.2.uspp.F.UPF
  Cr  51.996  cr_pbe_v1.5.uspp.F.UPF
  Cu  63.546  Cu.paw.z_11.ld1.psl.v1.0.0-low.upf
  Mn  54.938  mn_pbe_v1.5.uspp.F.UPF
  O  15.999  O.pbe-n-kjpaw_psl.0.1.UPF
  H  1.008  H.pbe-rrkjus_psl.1.0.0.UPF
CELL_PARAMETERS angstrom
  5.868293765917553  0.0  3.593293588443649e-16
  2.016042504137234e-15  12.536621535320224  7.676466717675844e-16
  0.0  0.0  25.073243070640455
ATOMIC_POSITIONS angstrom
  Mn  2.5200531301715427e-16  1.5670776919150278  9.402466151490172  0 0 0
  Co  1.2600265650857714e-15  7.835388459575139  9.402466151490172  0 0 0
  Cu  2.9341468829587773  1.5670776919150278  9.402466151490172  0 0 0
  Cr  2.934146882958778  7.835388459575139  9.402466151490172  0 0 0
  Cr  1.4670734414793891  4.701233075745084  9.40246615149017  0 0 0
  Mn  1.4670734414793902  10.969543843405196  9.402466151490168  0 0 0
  Cr  4.4012203244381665  4.701233075745084  9.40246615149017  0 0 0
  Co  4.4012203244381665  10.969543843405196  9.40246615149017  0 0 0
  Cr  -0.010493108759047968  4.71612504387015  12.59866799786963  1 1 1
  Mn  -0.007883003085467839  10.989344867450775  12.628084138738926  1 1 1
  Co  2.9320768469387035  4.691849626840942  12.708632892347778  1 1 1
  Mn  2.9397753326759255  10.98784783056916  12.608561882035682  1 1 1
  Mn  1.4714828646282758  1.571908679365673  12.562895499694907  1 1 1
  Co  1.4996170156741095  7.834853263339536  12.553785500268255  1 1 1
  Co  4.359561214294423  1.591920166156075  12.536871659010684  1 1 1
  Mn  4.396762770190893  7.844052422440283  12.57063822655811  1 1 1
  Cu  -0.023737201648982287  1.5665332910288576  15.871229296197258  1 1 1
  Cr  -0.011930003889947314  7.793636877918727  15.74840475907248  1 1 1
  Mn  2.914256665986769  1.561446511717944  15.819395021652216  1 1 1
  Co  2.908137289859947  7.776069098956665  15.695250104305183  1 1 1
  Co  1.4480162896180038  4.626566174469112  15.840138143701678  1 1 1
  Mn  1.4320850647079428  10.987229016760672  15.778232601068039  1 1 1
  Co  4.394367841372219  4.627754620059322  15.854171162729513  1 1 1
  Cr  4.316208364208393  10.970614142421024  16.018306630444993  1 1 1
  O  7.560159390514627e-16  4.701233075745084  10.624786751183894  0 0 0
  O  1.7640371911200798e-15  10.969543843405196  10.624786751183894  0 0 0
  O  2.934146882958778  4.701233075745084  10.624786751183894  0 0 0
  O  2.9341468829587782  10.969543843405196  10.624786751183894  0 0 0
  O  7.560159390514627e-16  4.701233075745084  8.180145551796448  0 0 0
  O  1.7640371911200798e-15  10.969543843405196  8.180145551796448  0 0 0
  O  2.934146882958778  4.701233075745084  8.180145551796448  0 0 0
  O  2.9341468829587782  10.969543843405196  8.180145551796446  0 0 0
  O  1.4670734414793885  0.3447570922213058  9.402466151490172  0 0 0
  O  1.4670734414793896  6.613067859881418  9.402466151490172  0 0 0
  O  4.401220324438165  0.3447570922213058  9.402466151490172  0 0 0
  O  4.401220324438166  6.613067859881418  9.402466151490172  0 0 0
  O  1.467073441479389  2.789398291608749  9.40246615149017  0 0 0
  O  1.4670734414793904  9.057709059268861  9.40246615149017  0 0 0
  O  4.4012203244381665  2.789398291608749  9.40246615149017  0 0 0
  O  4.401220324438167  9.057709059268861  9.402466151490168  0 0 0
  O  -0.07137721085601946  1.6382944040819574  13.71413859252294  1 1 1
  O  -0.0010330943827934764  7.816225437692736  13.908653260816502  1 1 1
  O  2.9372464359970727  1.5991484034793835  13.746924059527098  1 1 1
  O  2.907546489741569  7.848917569215093  13.755984542383462  1 1 1
  O  2.5200531301715427e-16  1.5670776919150278  11.314300935626504  0 0 0
  O  1.2600265650857714e-15  7.835388459575139  11.314300935626504  0 0 0
  O  2.9341468829587773  1.5670776919150278  11.314300935626504  0 0 0
  O  2.934146882958778  7.835388459575139  11.314300935626504  0 0 0
  O  1.4953367674129183  3.519542555794635  12.566980121149514  1 1 1
  O  1.4651206211238361  9.723491240448672  12.620744293000675  1 1 1
  O  4.35990676356931  3.457445047399351  12.554834505621544  1 1 1
  O  4.400086174143845  9.761195697493376  12.597058101995207  1 1 1
  O  1.4844039314864694  5.980037110444219  12.596171893902765  1 1 1
  O  1.4627817283234477  12.196322911261337  12.636113874088554  1 1 1
  O  4.37730913515521  5.907775564934561  12.588492776238413  1 1 1
  O  4.395219967497774  12.254095862313592  12.589273572439607  1 1 1
  O  -0.010250298877223426  4.764785730812337  16.908273613692717  1 1 1
  O  -0.11231337877756707  10.860843017569692  17.012769416565522  1 1 1
  O  2.9038204398088094  4.651967111570941  16.893474178031507  1 1 1
  O  2.9725198082040665  10.91495926672901  17.078745386670235  1 1 1
  O  0.0059896275142396465  4.645579057354133  14.51736989649711  1 1 1
  O  -0.062373995287177894  10.991445233334698  14.57428655125258  1 1 1
  O  2.9246227381912857  4.62710568734842  14.465795155984273  1 1 1
  O  2.988154820908773  11.03103804542978  14.611023340526922  1 1 1
  O  1.43702978242926  0.35316175687847756  16.05726106010762  1 1 1
  O  1.5230982505351878  6.564374857813558  15.854881006618797  1 1 1
  O  4.382358705728687  0.34723142497849163  16.04154685694106  1 1 1
  O  4.29845261726779  6.54639376112421  15.854131801001726  1 1 1
  O  1.4085355308690788  2.7991359029916922  16.042182272644872  1 1 1
  O  1.5304390873308693  9.011672842744076  15.916996451534336  1 1 1
  O  4.419491112362666  2.8145178833025697  16.05529720839544  1 1 1
  O  4.297573631387408  8.971004046491126  15.841545501431762  1 1 1
  O  -0.08954016320375227  7.802301704832204  17.759139982605543  1 1 1
  O  1.1765849042715462  7.697706089061048  18.284757468231046  1 1 1
  H  1.022200486661327  7.870813260356115  19.247822030489434  1 1 1
K_POINTS automatic
  4 2 1 0 0 0
HUBBARD (atomic)
U Co-3d 3.3200
U Cr-3d 3.7000
U Mn-3d 3.9000
