0.9800710020795137
0.00043769576152928526
-0.0008174926584822025
0.0035550015821845145
-0.00018576792176729496
0.00043769576152928526
0.9957712777403194
0.00017117024108951557
-5.276678444539783e-05
0.00043640962312951686
-0.0008174926584822025
0.00017117024108951557
0.996931496753015
0.00021702510802903922
-0.0002850987193180332
0.0035550015821845145
-5.276678444539783e-05
0.00021702510802903922
0.9948493436767143
-0.0003520988777590367
-0.00018576792176729496
0.00043640962312951686
-0.0002850987193180332
-0.0003520988777590367
0.9176405570779984
0.33639795843495335
0.0007050943841028505
-0.00862932404423889
-0.022370681526107668
-0.00110721365679858
0.0007050943841028505
0.22844365665079952
0.019219348074602273
-0.00015096422896325508
0.0012138043053386612
-0.00862932404423889
0.019219348074602273
0.206994304867455
0.0010247379573943974
-0.0006705032182670706
-0.022370681526107668
-0.00015096422896325508
0.0010247379573943974
0.09888945293398223
-0.0021772444377047553
-0.00110721365679858
0.0012138043053386612
-0.0006705032182670706
-0.0021772444377047553
0.4946070290307954
0.97980835034409
0.0005804206882287751
0.0005713362375331023
0.003588644189600722
0.0001317834531843855
0.0005804206882287751
0.9965148186409014
-6.530947414861248e-05
-2.7632055533296578e-05
-0.00022470770686496312
0.0005713362375331023
-6.530947414861248e-05
0.997054853274232
-6.795653980130142e-05
-0.00020458690865952445
0.003588644189600722
-2.7632055533296578e-05
-6.795653980130142e-05
0.9957163309621523
0.0005105681677086545
0.0001317834531843855
-0.00022470770686496312
-0.00020458690865952445
0.0005105681677086545
0.9305513055633259
0.3387533633962183
0.003181711024545456
0.0010936098754249768
-0.02427417146367707
0.002096799918494091
0.003181711024545456
0.18245973293337306
-0.01002835326992289
-0.00017961726343287222
-0.0001879533445576603
0.0010936098754249768
-0.01002835326992289
0.20290282174058732
-0.0004478564590790266
0.0004107649748029394
-0.02427417146367707
-0.00017961726343287222
-0.0004478564590790266
0.1009259425064187
0.0016126734075367448
0.002096799918494091
-0.0001879533445576603
0.0004107649748029394
0.0016126734075367448
0.4958563390331596
0.9653969760885189
-0.0003768590092573086
-0.0008655857552170203
0.005965269459666257
0.0002937893925334438
-0.0003768590092573086
0.9957509986227986
-0.00046020171180326095
-6.859814212044625e-05
0.0006315719017190207
-0.0008655857552170203
-0.00046020171180326095
0.9980140950034518
0.0002610718351276828
0.00036034420567326517
0.005965269459666257
-6.859814212044625e-05
0.0002610718351276828
0.9924587398029725
0.0009640956539243149
0.0002937893925334438
0.0006315719017190207
0.00036034420567326517
0.0009640956539243149
0.8844933112649291
0.18244994158369848
-0.0011364004363241188
0.004773770502824724
0.014818634224424988
0.0021622543588794116
-0.0011364004363241188
0.9922262346973405
-0.00020159647286922423
-3.0347105036476583e-05
-0.0010263628849030287
0.004773770502824724
-0.00020159647286922423
0.9915403646152793
-0.0002365613308575846
-0.0002747876118618241
0.014818634224424988
-3.0347105036476583e-05
-0.0002365613308575846
0.991654092693021
-0.006215198796133421
0.0021622543588794116
-0.0010263628849030287
-0.0002747876118618241
-0.006215198796133421
0.34983333532976024
0.9868444937282322
-0.0005282718754247985
-6.342212213424842e-05
0.0027022870004713637
0.0002588451461167152
-0.0005282718754247985
0.9964620022234849
-7.671363927645465e-07
2.4856426821023363e-05
-0.00011339316252659032
-6.342212213424842e-05
-7.671363927645465e-07
0.9970890067348377
-0.00011230282885451906
0.00019460097704201334
0.0027022870004713637
2.4856426821023363e-05
-0.00011230282885451906
0.9955852645622327
-0.0004863354619704926
0.0002588451461167152
-0.00011339316252659032
0.00019460097704201334
-0.0004863354619704926
0.9296161773322731
0.3486846451586184
-0.004293349352437862
4.969447614157504e-05
-0.024506932083875364
-0.0026103169962652154
-0.004293349352437862
0.17515084938545453
0.008798042350661978
0.00014962167702181663
-9.65936996159422e-06
4.969447614157504e-05
0.008798042350661978
0.19031740923092605
-0.0005262938517457026
-0.0008319721940022154
-0.024506932083875364
0.00014962167702181663
-0.0005262938517457026
0.10032228107646729
-0.0015704286345637278
-0.0026103169962652154
-9.65936996159422e-06
-0.0008319721940022154
-0.0015704286345637278
0.49142521543796547
0.9737448989235287
-0.002639470298481711
-0.0002401611075176558
-0.053434297715460384
-0.00030509233162847135
-0.002639470298481711
0.8209211708550738
-0.0004423150287362964
-0.00026496115793530516
-0.00039648447501585766
-0.0002401611075176558
-0.0004423150287362964
0.9915483907114653
-0.0006934330549574355
-0.0007573508046029115
-0.053434297715460384
-0.00026496115793530516
-0.0006934330549574355
0.8709543699007105
-0.000848044930576644
-0.00030509233162847135
-0.00039648447501585766
-0.0007573508046029115
-0.000848044930576644
0.9822145343205193
0.8556029138528704
0.007968369230497778
0.0007124201803007
-0.2638960703142841
0.0012504161317002933
0.007968369230497778
0.43816149393588233
0.0015161796821928915
0.0018873341826735634
0.001015479701111186
0.0007124201803007
0.0015161796821928915
0.9944043633160622
0.001540241901038947
-0.00015712483438109202
-0.2638960703142841
0.0018873341826735634
0.001540241901038947
0.501161220277558
0.0023201782361139617
0.0012504161317002933
0.001015479701111186
-0.00015712483438109202
0.0023201782361139617
0.9945582436453615
0.9699051152718261
-0.0004014150050676833
9.07228257257e-05
-0.058076890141003853
5.3574639605362765e-05
-0.0004014150050676833
0.8034890369179295
-7.434983668128666e-05
-5.757044462845897e-05
0.00033631228369835963
9.07228257257e-05
-7.434983668128666e-05
0.9983242776550887
0.0001398881278566099
-2.7477248194302514e-05
-0.058076890141003853
-5.757044462845897e-05
0.0001398881278566099
0.8541304886747344
0.0001952088332506812
5.3574639605362765e-05
0.00033631228369835963
-2.7477248194302514e-05
0.0001952088332506812
0.9951562681364186
0.8569382976537462
-0.002482512197636935
-0.00011853298315521201
-0.25409212405116305
-0.0012735261305642904
-0.002482512197636935
0.4813548083490313
-0.0010929446765484403
-0.0010704424986222368
-0.0008214966732879615
-0.00011853298315521201
-0.0010929446765484403
0.9833051968106209
-0.0002389527648346523
0.00019954950808222677
-0.25409212405116305
-0.0010704424986222368
-0.0002389527648346523
0.5224413498204755
-0.0022060473572269495
-0.0012735261305642904
-0.0008214966732879615
0.00019954950808222677
-0.0022060473572269495
0.9734607609089203
0.8741036243626009
-0.0006599818170505644
-0.002769026009852983
-0.13457192498361864
-4.982340912756392e-05
-0.0006599818170505644
0.5765675078998662
0.0004870661206765197
0.0017033921631046433
0.0013400955134409084
-0.002769026009852983
0.0004870661206765197
0.7262154318269808
0.003849641337491473
-0.014067307990560197
-0.13457192498361864
0.0017033921631046433
0.003849641337491473
0.6262184441378809
5.251468354425033e-06
-4.982340912756392e-05
0.0013400955134409084
-0.014067307990560197
5.251468354425033e-06
0.7523358205415547
0.14761524301602422
0.001627323934990365
-0.00013898661936801197
0.10351557961824505
3.933085689727804e-05
0.001627323934990365
0.3982433827706964
-0.00014450190364651472
-0.0016521299031933127
0.0009486671400231829
-0.00013898661936801197
-0.00014450190364651472
0.14361709927684907
-0.00041495866239387694
0.0021150204926595785
0.10351557961824505
-0.0016521299031933127
-0.00041495866239387694
0.3460709491791231
6.309242701115182e-05
3.933085689727804e-05
0.0009486671400231829
0.0021150204926595785
6.309242701115182e-05
0.14465452997574535
0.958093583503941
0.0009310568874961195
-0.00011780211919784443
-0.08439399223267503
-0.0001182665783801787
0.0009310568874961195
0.8210774413514095
0.0001640217997961451
0.0012338420255348821
0.00011548020148173113
-0.00011780211919784443
0.0001640217997961451
0.9989558751111327
-0.00010732051903491515
2.6135324801411406e-05
-0.08439399223267503
0.0012338420255348821
-0.00010732051903491515
0.8111167565738663
-0.000347003755260224
-0.0001182665783801787
0.00011548020148173113
2.6135324801411406e-05
-0.000347003755260224
0.9955172814508566
0.19200571215241394
0.001211046417284991
0.017531827090199424
0.10018419243774604
-0.002708398976167521
0.001211046417284991
0.5619156481524733
-0.0007527150190045681
0.0019284282417360065
-0.00371290759512394
0.017531827090199424
-0.0007527150190045681
0.9090323484692053
-0.005216315989674735
-0.016815855942420865
0.10018419243774604
0.0019284282417360065
-0.005216315989674735
0.4290154772645453
0.0037446118376367305
-0.002708398976167521
-0.00371290759512394
-0.016815855942420865
0.0037446118376367305
0.8117855990132995
0.5962035173369401
0.023090497004759226
-0.0031340324697579597
0.004043880783488011
-0.0070569419813897765
0.023090497004759226
0.6323788643949486
0.0008729625823835127
0.008603232638569177
0.0020109576890558214
-0.0031340324697579597
0.0008729625823835127
0.5774357664045959
-0.004649894995480376
-0.004236199773020346
0.004043880783488011
0.008603232638569177
-0.004649894995480376
0.8763213513597516
-0.01049600288373465
-0.0070569419813897765
0.0020109576890558214
-0.004236199773020346
-0.01049600288373465
0.5779692325923145
0.4761135189488935
0.003199307856463153
0.005362318356235773
-0.011077864266313735
-0.01606374674004044
0.003199307856463153
0.2802502887694031
0.023122020883620333
0.0024290373975269838
0.0033712423412328835
0.005362318356235773
0.023122020883620333
0.2887149979200697
0.0005541948171231752
0.0006686635439902194
-0.011077864266313735
0.0024290373975269838
0.0005541948171231752
0.1469572381543399
0.009411132543251944
-0.01606374674004044
0.0033712423412328835
0.0006686635439902194
0.009411132543251944
0.45668986678851214
0.9460119079540152
0.0009403747257639793
0.00028248653966944155
0.007378524958116715
-0.014930404476221586
0.0009403747257639793
0.9963953124890628
0.00011955299063842886
0.00012098031162239729
-0.0002685190280111235
0.00028248653966944155
0.00011955299063842886
0.9965112051045486
-0.00011844844741600429
0.0006378242574550584
0.007378524958116715
0.00012098031162239729
-0.00011844844741600429
0.9937687678718148
0.006255117844775198
-0.014930404476221586
-0.0002685190280111235
0.0006378242574550584
0.006255117844775198
0.8897077964140635
0.4364003047924142
-0.005079451393368365
-0.003521175233305243
-0.018215009662027166
0.016541240892138605
-0.005079451393368365
0.21933941479719155
-0.03853781060862243
-0.0015533977196012497
-0.0007621778490035386
-0.003521175233305243
-0.03853781060862243
0.21383861144722766
-0.0010280886571473302
0.001181069124788787
-0.018215009662027166
-0.0015533977196012497
-0.0010280886571473302
0.11762995375303499
-0.018631567789701653
0.016541240892138605
-0.0007621778490035386
0.001181069124788787
-0.018631567789701653
0.5033785339589333
0.9701379330617921
0.0015241713545464444
-0.001603232349552256
0.0069045131569275145
-0.005038462428574549
0.0015241713545464444
0.995482132295427
0.0005368640618343439
-0.0006811805574375134
0.001090649233948844
-0.001603232349552256
0.0005368640618343439
0.9948219153480504
0.00022230308657010718
-6.663127115511073e-05
0.0069045131569275145
-0.0006811805574375134
0.00022230308657010718
0.9944347283533999
0.003395864058279268
-0.005038462428574549
0.001090649233948844
-6.663127115511073e-05
0.003395864058279268
0.9388022999806505
0.19639378933612192
0.05199378344766538
-0.005070213964900454
0.03562788494545412
0.005337313222490353
0.05199378344766538
0.9886520687281043
-0.001166959939425431
-0.0023654600088344915
0.0036883965221311084
-0.005070213964900454
-0.001166959939425431
0.9939437830860217
0.0012893737941942506
-0.015493860580391844
0.03562788494545412
-0.0023654600088344915
0.0012893737941942506
0.9875311675597964
0.04885814163469992
0.005337313222490353
0.0036883965221311084
-0.015493860580391844
0.04885814163469992
0.2527555550340853
0.9571558104300293
-0.0010053955082087443
0.001563369860664402
0.009010145086519539
0.011748318975071188
-0.0010053955082087443
0.9957468131000706
0.00021121474490543547
-0.00020354551305514683
-0.001460026626581767
0.001563369860664402
0.00021121474490543547
0.9973403521932143
-0.00036262791222735515
-0.0012382368621765998
0.009010145086519539
-0.00020354551305514683
-0.00036262791222735515
0.992060173101339
-0.007525288431254794
0.011748318975071188
-0.001460026626581767
-0.0012382368621765998
-0.007525288431254794
0.901384579743967
0.23274942981582797
-0.008532962241860422
0.0005787418652528235
0.026688568992225062
-0.016315954466384987
-0.008532962241860422
0.9899625255285618
0.0010078790764247707
0.0006552927541510973
0.0022594508896619015
0.0005787418652528235
0.0010078790764247707
0.987000422648893
-0.00020732609128347804
0.00012389346305538673
0.026688568992225062
0.0006552927541510973
-0.00020732609128347804
0.9885382504766931
-0.040920979741564216
-0.016315954466384987
0.0022594508896619015
0.00012389346305538673
-0.040920979741564216
0.29305477304352173
0.9716354243793106
0.007004545272795125
-0.00020214254856927057
-0.05229337823759972
-0.0015554883863831957
0.007004545272795125
0.8768161200416118
7.1403539102419e-05
0.017972760092117093
0.0018738618500282226
-0.00020214254856927057
7.1403539102419e-05
0.9976605535639733
0.00022616102784365672
2.3806191873470734e-05
-0.05229337823759972
0.017972760092117093
0.00022616102784365672
0.8812561826892952
-0.0031992374418534555
-0.0015554883863831957
0.0018738618500282226
2.3806191873470734e-05
-0.0031992374418534555
0.9959483325959502
0.8689692760616126
-0.009937199695499374
0.008449031505652828
-0.20749841950572606
0.0032732536338743548
-0.009937199695499374
0.3964701275598451
0.0026119043985632384
-0.017174500333473362
-0.0018266838564633312
0.008449031505652828
0.0026119043985632384
0.48775952394093475
0.00535568304353143
-0.004484462751659272
-0.20749841950572606
-0.017174500333473362
0.00535568304353143
0.6304876223066735
0.0006829686021591893
0.0032732536338743548
-0.0018266838564633312
-0.004484462751659272
0.0006829686021591893
0.3552232562977625
0.9860204724274337
-0.001973991736986421
0.00011111373102693169
-0.02059547585078824
0.0011296175704550203
-0.001973991736986421
0.9477406545550078
0.0013305886389726595
-0.0027481005396550497
-0.0009645415304379831
0.00011111373102693169
0.0013305886389726595
0.9963028634708114
-0.00034901738044138935
0.0008056583160627258
-0.02059547585078824
-0.0027481005396550497
-0.00034901738044138935
0.9495457341865955
0.002053635426073073
0.0011296175704550203
-0.0009645415304379831
0.0008056583160627258
0.002053635426073073
0.9947253741527498
0.8069572679142902
0.014827908860462403
-0.005377413845289992
-0.31982617034174254
0.0010619759676182567
0.014827908860462403
0.23369300153058653
-0.003012074347873946
-0.005324564680966308
-0.0023268124581107977
-0.005377413845289992
-0.003012074347873946
0.990750305343134
-0.009720858141348867
-0.0017339713852778064
-0.31982617034174254
-0.005324564680966308
-0.009720858141348867
0.42370267649807053
0.001639644195228382
0.0010619759676182567
-0.0023268124581107977
-0.0017339713852778064
0.001639644195228382
0.9898716709726955
0.9855934088756699
-0.004391533328343445
0.0005311021526807772
-0.02286263962217172
0.0009037945007629998
-0.004391533328343445
0.9353361397598863
0.00014779474165264368
-0.011202353862026983
0.00015417372130269546
0.0005311021526807772
0.00014779474165264368
0.99634363339661
0.0013014043194474725
0.00010580207702849651
-0.02286263962217172
-0.011202353862026983
0.0013014043194474725
0.9469661721642948
0.0017947027611596885
0.0009037945007629998
0.00015417372130269546
0.00010580207702849651
0.0017947027611596885
0.9956129328389589
0.17466116134636162
0.009177981798859616
0.0029743712279716268
0.15840295995876671
-0.0014749193424799475
0.009177981798859616
0.4594870186277822
-0.0008386226387685137
0.017495609349462458
0.0006468017679113601
0.0029743712279716268
-0.0008386226387685137
0.2086301458002389
-0.00013017692144755142
0.00045595790562675257
0.15840295995876671
0.017495609349462458
-0.00013017692144755142
0.37936754674113626
-0.002260885617572659
-0.0014749193424799475
0.0006468017679113601
0.00045595790562675257
-0.002260885617572659
0.1696738301389234
0.9836704540550799
0.00642429657305776
-0.00010682287332255276
-0.027148205036284054
-0.0009801770929063127
0.00642429657305776
0.947811908697727
-0.00014950709184693864
0.009922200580039328
0.0008441894939862558
-0.00010682287332255276
-0.00014950709184693864
0.9959623004640701
-0.0003110695920796263
-0.00017546729140819936
-0.027148205036284054
0.009922200580039328
-0.0003110695920796263
0.9390063844834082
-0.0018749475651776077
-0.0009801770929063127
0.0008441894939862558
-0.00017546729140819936
-0.0018749475651776077
0.9956905514021316
0.17325362378446113
-0.006396119807215702
-0.0012605126087072076
0.15516035153044938
0.0025933295714675943
-0.006396119807215702
0.4323428075974084
0.0011730120362591682
-0.008170444978749372
0.0007600379930417985
-0.0012605126087072076
0.0011730120362591682
0.22636580531670866
-0.0007186588204386551
-0.012214083490762789
0.15516035153044938
-0.008170444978749372
-0.0007186588204386551
0.37984121684044464
0.0041632808734604785
0.0025933295714675943
0.0007600379930417985
-0.012214083490762789
0.0041632808734604785
0.17911887888715686
0.5602721943547444
-0.0017146270876793814
-0.007160534097751621
0.03274912734033316
0.008618994675850243
-0.0017146270876793814
0.8037866512501721
0.0766462910644959
-0.005098608583732869
0.002427479509866652
-0.007160534097751621
0.0766462910644959
0.7404110208743206
0.004555532415413548
0.004491345783996905
0.03274912734033316
-0.005098608583732869
0.004555532415413548
0.9725490738028452
0.037498110369166816
0.008618994675850243
0.002427479509866652
0.004491345783996905
0.037498110369166816
0.5166754251277172
0.32130147275288967
-0.003205563275135576
0.004113850053191437
-0.018887489486288673
0.005802013927507169
-0.003205563275135576
0.17365709395195353
-0.016192177615357795
0.0005295208282558999
-0.0032541774167737765
0.004113850053191437
-0.016192177615357795
0.17040762637577583
-0.002539739687650174
-0.0031826658621258966
-0.018887489486288673
0.0005295208282558999
-0.002539739687650174
0.09124771534716737
-0.026538033770451146
0.005802013927507169
-0.0032541774167737765
-0.0031826658621258966
-0.026538033770451146
0.35421410597523517
0.9779706815139427
-1.0909739210506437e-05
0.0007662079872733775
0.000687162800677896
-0.005533245234834396
-1.0909739210506437e-05
0.9965079738131714
-6.080246954667669e-05
-0.0001474807923871478
0.0011042482305791195
0.0007662079872733775
-6.080246954667669e-05
0.9986637147346311
0.00010068111727285357
-9.861228285160914e-05
0.000687162800677896
-0.0001474807923871478
0.00010068111727285357
0.9971409872370267
0.000648188203762722
-0.005533245234834396
0.0011042482305791195
-9.861228285160914e-05
0.000648188203762722
0.97755013182998
0.37456872104440025
0.005692718016881851
0.0160887575257518
0.031582650301218
0.014528820895002485
0.005692718016881851
0.22795558719984904
-0.008363533153389028
0.025872765474182886
0.005803631496348789
0.0160887575257518
-0.008363533153389028
0.41264539483463203
0.008745955189620071
-0.004587504320569928
0.031582650301218
0.025872765474182886
0.008745955189620071
0.9855454614541987
-0.04822583158841095
0.014528820895002485
0.005803631496348789
-0.004587504320569928
-0.04822583158841095
0.3437655065946876
0.9302465788119196
0.0005785774557865164
-0.0013645230647678682
0.004088832387167092
0.0013572669147098608
0.0005785774557865164
0.9868952619569364
-0.0006062740671449611
0.0006598791431375389
-0.0026510177932237452
-0.0013645230647678682
-0.0006062740671449611
0.9974895048691601
-2.0568065776075457e-05
0.002201995539040868
0.004088832387167092
0.0006598791431375389
-2.0568065776075457e-05
0.9896306569519401
-0.017345178436656866
0.0013572669147098608
-0.0026510177932237452
0.002201995539040868
-0.017345178436656866
0.7488757621760223
0.3124408850784213
0.006472195060903674
-0.0005013575907062299
0.18954397533245704
-0.04185992244043401
0.006472195060903674
0.9207369245215813
-0.20685992317544374
0.001044206280972175
0.009715501082379126
-0.0005013575907062299
-0.20685992317544374
0.2511562086517513
0.004255415078050385
-0.0017512578902769624
0.18954397533245704
0.001044206280972175
0.004255415078050385
0.9299964260077164
-0.04423350412305187
-0.04185992244043401
0.009715501082379126
-0.0017512578902769624
-0.04423350412305187
0.40710474427219173
0.5720944292113822
-0.003185950126753506
-0.005236281114789703
0.02363233410871921
0.00550302253143818
-0.003185950126753506
0.7547485612891827
0.05080387612302539
0.004690154567618915
0.0018900130744851594
-0.005236281114789703
0.05080387612302539
0.605644859251731
0.0009729579839234418
0.001046861939048672
0.02363233410871921
0.004690154567618915
0.0009729579839234418
0.9762229267322484
0.010546149151993622
0.00550302253143818
0.0018900130744851594
0.001046861939048672
0.010546149151993622
0.5509301130503625
0.36408574651729864
-0.0016396950707366891
-0.0025175321358334615
-0.014035227214198824
0.00972235576381205
-0.0016396950707366891
0.21420497249175716
-0.028156948865252867
0.00046106817885703717
0.0001997170177249485
-0.0025175321358334615
-0.028156948865252867
0.23444677448682957
-0.0002473509320007649
-0.00037856939316626635
-0.014035227214198824
0.00046106817885703717
-0.0002473509320007649
0.11263883676103077
-0.013008350657492514
0.00972235576381205
0.0001997170177249485
-0.00037856939316626635
-0.013008350657492514
0.41229066552540056
0.969076030933338
-0.005896989931326159
-0.0014361625655452846
-0.0531983092757461
0.004835150768043232
-0.005896989931326159
0.8988215902075127
-0.0009612750865344446
-0.10402284000219167
0.003927519423184548
-0.0014361625655452846
-0.0009612750865344446
0.9934221647432491
-0.003073940830594294
-0.002742201751052241
-0.0531983092757461
-0.10402284000219167
-0.003073940830594294
0.7695763344682703
0.016107670877941998
0.004835150768043232
0.003927519423184548
-0.002742201751052241
0.016107670877941998
0.9785644950681905
0.9275370102210407
0.10185073828830814
0.017636859241820006
-0.14775530887771954
0.000761156440892365
0.10185073828830814
0.3152289546008118
0.0007399980257455599
0.012668618910423304
-0.010287630630126663
0.017636859241820006
0.0007399980257455599
0.21003276763555417
-0.0009909664759539456
0.06317466086491784
-0.14775530887771954
0.012668618910423304
-0.0009909664759539456
0.47092904427906745
-0.0014193100820669138
0.000761156440892365
-0.010287630630126663
0.06317466086491784
-0.0014193100820669138
0.9768838576364388
0.8168428042045726
-0.0050069056891651744
-0.04890358578495827
-0.12119158665332781
-0.020241908347216467
-0.0050069056891651744
0.5825477858216166
-0.005069021953160399
-0.0023216031360757984
0.011099779525162326
-0.04890358578495827
-0.005069021953160399
0.6997271136848189
0.0243052591791784
0.001679885902406101
-0.12119158665332781
-0.0023216031360757984
0.0243052591791784
0.6325621973975839
-0.01073561777310751
-0.020241908347216467
0.011099779525162326
0.001679885902406101
-0.01073561777310751
0.6985956966014739
0.21296104584486514
-0.0005683363989557416
-0.0015984244285902054
0.07922648564637808
0.0028905530460072376
-0.0005683363989557416
0.44766422536593115
0.006182724984953383
-0.007807176625951353
-0.007634450672570294
-0.0015984244285902054
0.006182724984953383
0.1709301889095641
-0.010059396978341215
-0.00553591884019044
0.07922648564637808
-0.007807176625951353
-0.010059396978341215
0.35736456122922855
0.002085866940761583
0.0028905530460072376
-0.007634450672570294
-0.00553591884019044
0.002085866940761583
0.18267745720728878
0.5748669532451003
-0.009591932859364024
0.008794696724317994
-0.019938425186162914
0.003881233934747493
-0.009591932859364024
0.5878132708218066
-0.00783625701141724
-0.0027197607374183337
-0.004260974361494337
0.008794696724317994
-0.00783625701141724
0.744271845634719
-0.0037758390460795625
-0.002054594666601886
-0.019938425186162914
-0.0027197607374183337
-0.0037758390460795625
0.5887137865430635
-0.007055471468052214
0.003881233934747493
-0.004260974361494337
-0.002054594666601886
-0.007055471468052214
0.6457128703789545
0.36933666421733735
0.0005228117775331222
0.0037165083081479064
0.01169181225289834
-0.005041480987572948
0.0005228117775331222
0.48444999385656473
0.0091512636491633
-0.005564177479223024
0.008468799457663117
0.0037165083081479064
0.0091512636491633
0.23131739987815111
0.006091459494104826
-0.009860407343597478
0.01169181225289834
-0.005564177479223024
0.006091459494104826
0.45635975401871587
0.012361755160769816
-0.005041480987572948
0.008468799457663117
-0.009860407343597478
0.012361755160769816
0.2907803900526334
0.9791337499533519
-0.011945988342486993
0.000567723150384854
-0.04407366234361185
0.0063688909495101574
-0.011945988342486993
0.8514385777745979
-0.004568530440445139
0.014269063627440444
0.0061384387707975364
0.000567723150384854
-0.004568530440445139
0.9961848218565901
0.0015763625628332284
-0.0007491797358220182
-0.04407366234361185
0.014269063627440444
0.0015763625628332284
0.8750662605246249
0.0103212983676567
0.0063688909495101574
0.0061384387707975364
-0.0007491797358220182
0.0103212983676567
0.9896753820620472
0.5227895969732215
0.011003770045556317
-0.2510847431474498
-0.022373751239193072
-0.177524848711643
0.011003770045556317
0.5075399222881603
-0.004618878643833713
-0.032994273223829376
0.07596950762161102
-0.2510847431474498
-0.004618878643833713
0.5449779444633097
0.0854921589174287
0.13420766297901757
-0.022373751239193072
-0.032994273223829376
0.0854921589174287
0.49588179339870087
0.09375067182079974
-0.177524848711643
0.07596950762161102
0.13420766297901757
0.09375067182079974
0.6890288040283143
0.0
0.0
0.0
0.0
0.0
0.0
0.0
0.0
0.0
0.0
0.0
0.0
0.0
0.0
0.0
0.0
0.0
0.0
0.0
0.0
0.0
0.0
0.0
0.0
0.0
0.0
0.0
0.0
0.0
0.0
0.0
0.0
0.0
0.0
0.0
0.0
0.0
0.0
0.0
0.0
0.0
0.0
0.0
0.0
0.0
0.0
0.0
0.0
0.0
0.0
0.0
0.0
0.0
0.0
0.0
0.0
0.0
0.0
0.0
0.0
0.0
0.0
0.0
0.0
0.0
0.0
0.0
0.0
0.0
0.0
0.0
0.0
0.0
0.0
0.0
0.0
0.0
0.0
0.0
0.0
0.0
0.0
0.0
0.0
0.0
0.0
0.0
0.0
0.0
0.0
0.0
0.0
0.0
0.0
0.0
0.0
0.0
0.0
0.0
0.0
0.0
0.0
0.0
0.0
0.0
0.0
0.0
0.0
0.0
0.0
0.0
0.0
0.0
0.0
0.0
0.0
0.0
0.0
0.0
0.0
0.0
0.0
0.0
0.0
0.0
0.0
0.0
0.0
0.0
0.0
0.0
0.0
0.0
0.0
0.0
0.0
0.0
0.0
0.0
0.0
0.0
0.0
0.0
0.0
0.0
0.0
0.0
0.0
0.0
0.0
0.0
0.0
0.0
0.0
0.0
0.0
0.0
0.0
0.0
0.0
0.0
0.0
0.0
0.0
0.0
0.0
0.0
0.0
0.0
0.0
0.0
0.0
0.0
0.0
0.0
0.0
0.0
0.0
0.0
0.0
0.0
0.0
0.0
0.0
0.0
0.0
0.0
0.0
0.0
0.0
0.0
0.0
0.0
0.0
0.0
0.0
0.0
0.0
0.0
0.0
0.0
0.0
0.0
0.0
0.0
0.0
0.0
0.0
0.0
0.0
0.0
0.0
0.0
0.0
0.0
0.0
0.0
0.0
0.0
0.0
0.0
0.0
0.0
0.0
0.0
0.0
0.0
0.0
0.0
0.0
0.0
0.0
0.0
0.0
0.0
0.0
0.0
0.0
0.0
0.0
0.0
0.0
0.0
0.0
0.0
0.0
0.0
0.0
0.0
0.0
0.0
0.0
0.0
0.0
0.0
0.0
0.0
0.0
0.0
0.0
0.0
0.0
0.0
0.0
0.0
0.0
0.0
0.0
0.0
0.0
0.0
0.0
0.0
0.0
0.0
0.0
0.0
0.0
0.0
0.0
0.0
0.0
0.0
0.0
0.0
0.0
0.0
0.0
0.0
0.0
0.0
0.0
0.0
0.0
0.0
0.0
0.0
0.0
0.0
0.0
0.0
0.0
0.0
0.0
0.0
0.0
0.0
0.0
0.0
0.0
0.0
0.0
0.0
0.0
0.0
0.0
0.0
0.0
0.0
0.0
0.0
0.0
0.0
0.0
0.0
0.0
0.0
0.0
0.0
0.0
0.0
0.0
0.0
0.0
0.0
0.0
0.0
0.0
0.0
0.0
0.0
0.0
0.0
0.0
0.0
0.0
0.0
0.0
0.0
0.0
0.0
0.0
0.0
0.0
0.0
0.0
0.0
0.0
0.0
0.0
0.0
0.0
0.0
0.0
0.0
0.0
0.0
0.0
0.0
0.0
0.0
0.0
0.0
0.0
0.0
0.0
0.0
0.0
0.0
0.0
0.0
0.0
0.0
0.0
0.0
0.0
0.0
0.0
0.0
0.0
0.0
0.0
0.0
0.0
0.0
0.0
0.0
0.0
0.0
0.0
0.0
0.0
0.0
0.0
0.0
0.0
0.0
0.0
0.0
0.0
0.0
0.0
0.0
0.0
0.0
0.0
0.0
0.0
0.0
0.0
0.0
0.0
0.0
0.0
0.0
0.0
0.0
0.0
0.0
0.0
0.0
0.0
0.0
0.0
0.0
0.0
0.0
0.0
0.0
0.0
0.0
0.0
0.0
0.0
0.0
0.0
0.0
0.0
0.0
0.0
0.0
0.0
0.0
0.0
0.0
0.0
0.0
0.0
0.0
0.0
0.0
0.0
0.0
0.0
0.0
0.0
0.0
0.0
0.0
0.0
0.0
0.0
0.0
0.0
0.0
0.0
0.0
0.0
0.0
0.0
0.0
0.0
0.0
0.0
0.0
0.0
0.0
0.0
0.0
0.0
0.0
0.0
0.0
0.0
0.0
0.0
0.0
0.0
0.0
0.0
0.0
0.0
0.0
0.0
0.0
0.0
0.0
0.0
0.0
0.0
0.0
0.0
0.0
0.0
0.0
0.0
0.0
0.0
0.0
0.0
0.0
0.0
0.0
0.0
0.0
0.0
0.0
0.0
0.0
0.0
0.0
0.0
0.0
0.0
0.0
0.0
0.0
0.0
0.0
0.0
0.0
0.0
0.0
0.0
0.0
0.0
0.0
0.0
0.0
0.0
0.0
0.0
0.0
0.0
0.0
0.0
0.0
0.0
0.0
0.0
0.0
0.0
0.0
0.0
0.0
0.0
0.0
0.0
0.0
0.0
0.0
0.0
0.0
0.0
0.0
0.0
0.0
0.0
0.0
0.0
0.0
0.0
0.0
0.0
0.0
0.0
0.0
0.0
0.0
0.0
0.0
0.0
0.0
0.0
0.0
0.0
0.0
0.0
0.0
0.0
0.0
0.0
0.0
0.0
0.0
0.0
0.0
0.0
0.0
0.0
0.0
0.0
0.0
0.0
0.0
0.0
0.0
0.0
0.0
0.0
0.0
0.0
0.0
0.0
0.0
0.0
0.0
0.0
0.0
0.0
0.0
0.0
0.0
0.0
0.0
0.0
0.0
0.0
0.0
0.0
0.0
0.0
0.0
0.0
0.0
0.0
0.0
0.0
0.0
0.0
0.0
0.0
0.0
0.0
0.0
0.0
0.0
0.0
0.0
0.0
0.0
0.0
0.0
0.0
0.0
0.0
0.0
0.0
0.0
0.0
0.0
0.0
0.0
0.0
0.0
0.0
0.0
0.0
0.0
0.0
0.0
0.0
0.0
0.0
0.0
0.0
0.0
0.0
0.0
0.0
0.0
0.0
0.0
0.0
0.0
0.0
0.0
0.0
0.0
0.0
0.0
0.0
0.0
0.0
0.0
0.0
0.0
0.0
0.0
0.0
0.0
0.0
0.0
0.0
0.0
0.0
0.0
0.0
0.0
0.0
0.0
0.0
0.0
0.0
0.0
0.0
0.0
0.0
0.0
0.0
0.0
0.0
0.0
0.0
0.0
0.0
0.0
0.0
0.0
0.0
0.0
0.0
0.0
0.0
0.0
0.0
0.0
0.0
0.0
0.0
0.0
0.0
0.0
0.0
0.0
0.0
0.0
0.0
0.0
0.0
0.0
0.0
0.0
0.0
0.0
0.0
0.0
0.0
0.0
0.0
0.0
0.0
0.0
0.0
0.0
0.0
0.0
0.0
0.0
0.0
0.0
0.0
0.0
0.0
0.0
0.0
0.0
0.0
0.0
0.0
0.0
0.0
0.0
0.0
0.0
0.0
0.0
0.0
0.0
0.0
0.0
0.0
0.0
0.0
0.0
0.0
0.0
0.0
0.0
0.0
0.0
0.0
0.0
0.0
0.0
0.0
0.0
0.0
0.0
0.0
0.0
0.0
0.0
0.0
0.0
0.0
0.0
0.0
0.0
0.0
0.0
0.0
0.0
0.0
0.0
0.0
0.0
0.0
0.0
0.0
0.0
0.0
0.0
0.0
0.0
0.0
0.0
0.0
0.0
0.0
0.0
0.0
0.0
0.0
0.0
0.0
0.0
0.0
0.0
0.0
0.0
0.0
0.0
0.0
0.0
0.0
0.0
0.0
0.0
0.0
0.0
0.0
0.0
0.0
0.0
0.0
0.0
0.0
0.0
0.0
0.0
0.0
0.0
0.0
0.0
0.0
0.0
0.0
0.0
0.0
0.0
0.0
0.0
0.0
0.0
0.0
0.0
0.0
0.0
0.0
0.0
0.0
0.0
0.0
0.0
0.0
0.0
0.0
0.0
0.0
0.0
0.0
0.0
0.0
0.0
0.0
0.0
0.0
0.0
0.0
0.0
0.0
0.0
0.0
0.0
0.0
0.0
0.0
0.0
0.0
0.0
0.0
0.0
0.0
0.0
0.0
0.0
0.0
0.0
0.0
0.0
0.0
0.0
0.0
0.0
0.0
0.0
0.0
0.0
0.0
0.0
0.0
0.0
0.0
0.0
0.0
0.0
0.0
0.0
0.0
0.0
0.0
0.0
0.0
0.0
0.0
0.0
0.0
0.0
0.0
0.0
0.0
0.0
0.0
0.0
0.0
0.0
0.0
0.0
0.0
0.0
0.0
0.0
0.0
0.0
0.0
0.0
0.0
0.0
0.0
0.0
0.0
0.0
0.0
0.0
0.0
0.0
0.0
0.0
0.0
0.0
0.0
0.0
0.0
0.0
0.0
0.0
0.0
0.0
0.0
0.0
0.0
0.0
0.0
0.0
0.0
0.0
0.0
0.0
0.0
0.0
0.0
0.0
0.0
0.0
0.0
0.0
0.0
0.0
0.0
0.0
0.0
0.0
0.0
0.0
0.0
0.0
0.0
0.0
0.0
0.0
0.0
0.0
0.0
0.0
0.0
0.0
0.0
0.0
0.0
0.0
0.0
0.0
0.0
0.0
0.0
0.0
0.0
0.0
0.0
0.0
0.0
0.0
0.0
0.0
0.0
0.0
0.0
0.0
0.0
0.0
0.0
0.0
0.0
0.0
0.0
0.0
0.0
0.0
0.0
0.0
0.0
0.0
0.0
0.0
0.0
0.0
0.0
0.0
0.0
0.0
0.0
0.0
0.0
0.0
0.0
0.0
0.0
0.0
0.0
0.0
0.0
0.0
0.0
0.0
0.0
0.0
0.0
0.0
0.0
0.0
0.0
0.0
0.0
0.0
0.0
0.0
0.0
0.0
0.0
0.0
0.0
0.0
0.0
0.0
0.0
0.0
0.0
0.0
0.0
0.0
0.0
0.0
0.0
0.0
0.0
0.0
0.0
0.0
0.0
0.0
0.0
0.0
0.0
0.0
0.0
0.0
0.0
0.0
0.0
0.0
0.0
0.0
0.0
0.0
0.0
0.0
0.0
0.0
0.0
0.0
0.0
0.0
0.0
0.0
0.0
0.0
0.0
0.0
0.0
0.0
0.0
0.0
0.0
0.0
0.0
0.0
0.0
0.0
0.0
0.0
0.0
0.0
0.0
0.0
0.0
0.0
0.0
0.0
0.0
0.0
0.0
0.0
0.0
0.0
0.0
0.0
0.0
0.0
0.0
0.0
0.0
0.0
0.0
0.0
0.0
0.0
0.0
0.0
0.0
0.0
0.0
0.0
0.0
0.0
0.0
0.0
0.0
0.0
0.0
0.0
0.0
0.0
0.0
0.0
0.0
0.0
0.0
0.0
0.0
0.0
0.0
0.0
0.0
0.0
0.0
0.0
0.0
0.0
0.0
0.0
0.0
0.0
0.0
0.0
0.0
0.0
0.0
0.0
0.0
0.0
0.0
0.0
0.0
0.0
0.0
0.0
0.0
0.0
0.0
0.0
0.0
0.0
0.0
0.0
0.0
0.0
0.0
0.0
0.0
0.0
0.0
0.0
0.0
0.0
0.0
0.0
0.0
0.0
0.0
0.0
0.0
0.0
0.0
0.0
0.0
0.0
0.0
0.0
0.0
0.0
0.0
0.0
0.0
0.0
0.0
0.0
0.0
0.0
0.0
0.0
0.0
0.0
0.0
0.0
0.0
0.0
0.0
0.0
0.0
0.0
0.0
0.0
0.0
0.0
0.0
0.0
0.0
0.0
0.0
0.0
0.0
0.0
0.0
0.0
0.0
0.0
0.0
0.0
0.0
0.0
0.0
0.0
0.0
0.0
0.0
0.0
0.0
0.0
0.0
0.0
0.0
0.0
0.0
0.0
0.0
0.0
0.0
0.0
0.0
0.0
0.0
0.0
0.0
0.0
0.0
0.0
0.0
0.0
0.0
0.0
0.0
0.0
0.0
0.0
0.0
0.0
0.0
0.0
0.0
0.0
0.0
0.0
0.0
0.0
0.0
0.0
0.0
0.0
0.0
0.0
0.0
0.0
0.0
0.0
0.0
0.0
0.0
0.0
0.0
0.0
0.0
0.0
0.0
0.0
0.0
0.0
0.0
0.0
0.0
0.0
0.0
0.0
0.0
0.0
0.0
0.0
0.0
0.0
0.0
0.0
0.0
0.0
0.0
0.0
0.0
0.0
0.0
0.0
0.0
0.0
0.0
0.0
0.0
0.0
0.0
0.0
0.0
0.0
0.0
0.0
0.0
0.0
0.0
0.0
0.0
0.0
0.0
0.0
0.0
0.0
0.0
0.0
0.0
0.0
0.0
0.0
0.0
0.0
0.0
0.0
0.0
0.0
0.0
0.0
0.0
0.0
0.0
0.0
0.0
0.0
0.0
0.0
0.0
0.0
0.0
0.0
0.0
0.0
0.0
0.0
0.0
0.0
0.0
0.0
0.0
0.0
0.0
0.0
0.0
0.0
0.0
0.0
0.0
0.0
0.0
0.0
0.0
0.0
0.0
0.0
0.0
0.0
0.0
0.0
0.0
0.0
0.0
0.0
0.0
0.0
0.0
0.0
0.0
0.0
0.0
0.0
0.0
0.0
0.0
0.0
0.0
0.0
0.0
0.0
0.0
0.0
0.0
0.0
0.0
0.0
0.0
0.0
0.0
0.0
0.0
0.0
0.0
0.0
0.0
0.0
0.0
0.0
0.0
0.0
0.0
0.0
0.0
0.0
0.0
0.0
0.0
0.0
0.0
0.0
0.0
0.0
0.0
0.0
0.0
0.0
0.0
0.0
0.0
0.0
0.0
0.0
0.0
0.0
0.0
0.0
0.0
0.0
0.0
0.0
0.0
0.0
0.0
0.0
0.0
0.0
0.0
0.0
0.0
0.0
0.0
0.0
0.0
0.0
0.0
0.0
0.0
0.0
0.0
0.0
0.0
0.0
0.0
0.0
0.0
0.0
0.0
0.0
0.0
0.0
0.0
0.0
0.0
0.0
0.0
0.0
0.0
0.0
0.0
0.0
0.0
0.0
0.0
0.0
0.0
0.0
0.0
0.0
0.0
0.0
0.0
0.0
0.0
0.0
0.0
0.0
0.0
0.0
0.0
0.0
0.0
0.0
0.0
0.0
0.0
0.0
0.0
0.0
0.0
0.0
0.0
0.0
0.0
0.0
0.0
0.0
0.0
0.0
0.0
0.0
0.0
0.0
0.0
0.0
0.0
0.0
0.0
0.0
0.0
0.0
0.0
0.0
0.0
0.0
0.0
0.0
0.0
0.0
0.0
0.0
0.0
0.0
0.0
0.0
0.0
0.0
0.0
0.0
0.0
0.0
0.0
0.0
0.0
0.0
0.0
0.0
0.0
0.0
0.0
0.0
0.0
0.0
0.0
0.0
0.0
0.0
0.0
0.0
0.0
0.0
0.0
0.0
0.0
0.0
0.0
0.0
0.0
0.0
0.0
0.0
0.0
0.0
0.0
0.0
0.0
0.0
0.0
0.0
0.0
0.0
0.0
0.0
0.0
0.0
0.0
0.0
0.0
0.0
0.0
0.0
0.0
0.0
0.0
0.0
0.0
0.0
0.0
0.0
0.0
0.0
0.0
0.0
0.0
0.0
0.0
0.0
0.0
0.0
0.0
0.0
0.0
0.0
0.0
0.0
0.0
0.0
0.0
0.0
0.0
0.0
0.0
0.0
0.0
0.0
0.0
0.0
0.0
0.0
0.0
0.0
0.0
0.0
0.0
0.0
0.0
0.0
0.0
0.0
0.0
0.0
0.0
0.0
0.0
0.0
0.0
0.0
0.0
0.0
0.0
0.0
0.0
0.0
0.0
0.0
0.0
0.0
0.0
0.0
0.0
0.0
0.0
0.0
0.0
0.0
0.0
0.0
0.0
0.0
0.0
0.0
0.0
0.0
0.0
0.0
0.0
0.0
0.0
0.0
0.0
0.0
0.0
0.0
0.0
0.0
0.0
0.0
0.0
0.0
0.0
0.0
0.0
0.0
0.0
0.0
0.0
0.0
0.0
0.0
0.0
0.0
0.0
0.0
0.0
0.0
0.0
0.0
0.0
0.0
0.0
0.0
0.0
0.0
0.0
0.0
0.0
0.0
0.0
0.0
0.0
0.0
0.0
0.0
0.0
0.0
0.0
0.0
0.0
0.0
0.0
0.0
0.0
0.0
0.0
0.0
0.0
0.0
0.0
0.0
0.0
0.0
0.0
0.0
0.0
0.0
0.0
0.0
0.0
0.0
0.0
0.0
0.0
0.0
0.0
0.0
0.0
0.0
0.0
0.0
0.0
0.0
0.0
0.0
0.0
0.0
0.0
0.0
0.0
0.0
0.0
0.0
0.0
0.0
0.0
0.0
0.0
0.0
0.0
0.0
0.0
0.0
0.0
0.0
0.0
0.0
0.0
0.0
0.0
0.0
0.0
0.0
0.0
0.0
0.0
0.0
0.0
0.0
0.0
0.0
0.0
0.0
0.0
0.0
0.0
0.0
0.0
0.0
0.0
0.0
0.0
0.0
0.0
0.0
0.0
0.0
0.0
0.0
0.0
0.0
0.0
0.0
0.0
0.0
0.0
0.0
0.0
0.0
0.0
0.0
0.0
0.0
0.0
0.0
0.0
0.0
0.0
0.0
0.0
0.0
0.0
0.0
0.0
0.0
0.0
0.0
0.0
0.0
0.0
0.0
0.0
0.0
0.0
0.0
0.0
0.0
0.0
0.0
0.0
0.0
0.0
0.0
0.0
0.0
0.0
0.0
0.0
0.0
0.0
0.0
0.0
0.0
0.0
0.0
0.0
0.0
0.0
0.0
0.0
0.0
0.0
0.0
0.0
0.0
0.0
0.0
0.0
0.0
0.0
0.0
0.0
0.0
0.0
0.0
0.0
0.0
0.0
0.0
0.0
0.0
0.0
0.0
0.0
0.0
0.0
0.0
0.0
0.0
0.0
0.0
0.0
0.0
0.0
0.0
0.0
0.0
0.0
0.0
0.0
0.0
0.0
0.0
0.0
0.0
0.0
0.0
0.0
0.0
0.0
0.0
0.0
0.0
0.0
0.0
0.0
0.0
0.0
0.0
0.0
0.0
0.0
0.0
0.0
0.0
0.0
0.0
0.0
0.0
0.0
0.0
0.0
0.0
0.0
0.0
0.0
0.0
0.0
0.0
0.0
0.0
0.0
0.0
0.0
0.0
0.0
0.0
0.0
0.0
0.0
0.0
0.0
0.0
0.0
0.0
0.0
0.0
0.0
0.0
0.0
0.0
0.0
0.0
0.0
0.0
0.0
0.0
0.0
0.0
0.0
0.0
0.0
0.0
0.0
0.0
0.0
0.0
0.0
0.0
0.0
0.0
0.0
0.0
0.0
0.0
0.0
0.0
0.0
0.0
0.0
0.0
0.0
0.0
0.0
0.0
0.0
0.0
0.0
0.0
0.0
0.0
0.0
0.0
0.0
0.0
0.0
0.0
0.0
0.0
0.0
0.0
0.0
0.0
0.0
0.0
0.0
0.0
0.0
0.0
0.0
0.0
0.0
0.0
0.0
0.0
0.0
0.0
0.0
0.0
0.0
0.0
0.0
0.0
0.0
0.0
0.0
0.0
0.0
0.0
0.0
0.0
0.0
0.0
0.0
0.0
0.0
0.0
0.0
0.0
0.0
0.0
0.0
0.0
0.0
0.0
0.0
0.0
0.0
0.0
0.0
0.0
0.0
0.0
0.0
0.0
0.0
0.0
0.0
0.0
0.0
0.0
0.0
0.0
0.0
0.0
0.0
0.0
0.0
0.0
0.0
0.0
0.0
0.0
0.0
0.0
0.0
0.0
0.0
0.0
0.0
0.0
0.0
0.0
0.0
0.0
0.0
0.0
0.0
0.0
0.0
0.0
0.0
0.0
0.0
0.0
0.0
0.0
0.0
0.0
0.0
0.0
0.0
0.0
0.0
0.0
0.0
0.0
0.0
0.0
0.0
0.0
0.0
0.0
0.0
0.0
0.0
0.0
0.0
0.0
0.0
0.0
0.0
0.0
0.0
0.0
0.0
0.0
0.0
0.0
0.0
0.0
0.0
0.0
0.0
0.0
0.0
0.0
0.0
0.0
0.0
0.0
0.0
0.0
0.0
0.0
0.0
0.0
0.0
0.0
0.0
0.0
0.0
0.0
0.0
0.0
0.0
0.0
0.0
0.0
0.0
0.0
0.0
0.0
0.0
0.0
0.0
0.0
0.0
0.0
0.0
0.0
0.0
0.0
0.0
0.0
0.0
0.0
0.0
0.0
0.0
0.0
0.0
0.0
0.0
0.0
0.0
0.0
0.0
0.0
0.0
0.0
0.0
0.0
0.0
0.0
0.0
0.0
0.0
0.0
0.0
0.0
0.0
0.0
0.0
0.0
0.0
0.0
0.0
0.0
0.0
0.0
0.0
0.0
0.0
0.0
0.0
0.0
0.0
0.0
0.0
0.0
0.0
0.0
0.0
0.0
0.0
0.0
0.0
0.0
0.0
0.0
0.0
0.0
0.0
0.0
0.0
0.0
0.0
0.0
0.0
0.0
0.0
0.0
0.0
0.0
0.0
0.0
0.0
0.0
0.0
0.0
0.0
0.0
0.0
0.0
0.0
0.0
0.0
0.0
0.0
0.0
0.0
0.0
0.0
0.0
0.0
0.0
0.0
0.0
0.0
0.0
0.0
0.0
0.0
0.0
0.0
0.0
0.0
0.0
0.0
0.0
0.0
0.0
0.0
0.0
0.0
0.0
0.0
