&CONTROL
  calculation = 'scf'
  prefix = 'O__atomic'
  outdir = './tmp'
  pseudo_dir = '/usr/share/espresso/pseudo'
  tprnfor = .true.
  forc_conv_thr = 2.0d-3
  nstep = 200
  max_seconds = 165000
/
&SYSTEM
  ibrav = 0
  nat = 73
  ntyp = 5
  ecutwfc = 80.0
  ecutrho = 640.0
  occupations = 'smearing'
  smearing = 'mv'
  degauss = 0.01
  nosym = .true.
  noinv = .true.
  nspin = 2
  starting_magnetization(1) = 0.4
  starting_magnetization(2) = 0.6
  starting_magnetization(3) = 0.2
  starting_magnetization(4) = 0.3
  starting_magnetization(5) = 0.0
/
&ELECTRONS
  conv_thr = 1.0d-6
  mixing_mode = 'local-TF'
  mixing_beta = 0.3
  electron_maxstep = 300
/
&IONS
  ion_dynamics = 'bfgs'
/
ATOMIC_SPECIES
  Co  58.933  Co_pbe_v1.2.uspp.F.UPF
  Cr  51.996  cr_pbe_v1.5.uspp.F.UPF
  Cu  63.546  Cu.paw.z_11.ld1.psl.v1.0.0-low.upf
  Ni  58.693  ni_pbe_v1.4.uspp.F.UPF
  O  15.999  O.pbe-n-kjpaw_psl.0.1.UPF
CELL_PARAMETERS angstrom
  5.937647166200523  0.0  3.6357602982769114e-16
  2.0233485575117938e-15  12.582053725309144  7.704285910699937e-16
  0.0  0.0  25.164107450618296
ATOMIC_POSITIONS angstrom
  Co  2.5291856968897417e-16  1.5727567156636428  9.43654029398186  0 0 0
  Co  1.2645928484448713e-15  7.863783578318215  9.43654029398186  0 0 0
  Cr  2.9688235831002623  1.5727567156636428  9.43654029398186  0 0 0
  Cu  2.9688235831002627  7.863783578318215  9.43654029398186  0 0 0
  Cr  1.4844117915501316  4.718270146990929  9.43654029398186  0 0 0
  Ni  1.4844117915501327  11.0092970096455  9.43654029398186  0 0 0
  Ni  4.453235374650393  4.718270146990929  9.43654029398186  0 0 0
  Co  4.453235374650394  11.0092970096455  9.436540293981862  0 0 0
  Cu  -0.013311025335347601  4.748069162154947  12.553430357198058  1 1 1
  Co  -0.01972192083837046  11.004204087446295  12.443912611956922  1 1 1
  Cr  2.9676058641537417  4.732418597482748  12.823312192865387  1 1 1
  Co  2.9442872789162355  11.010404320567831  12.699227323064598  1 1 1
  Co  1.560865881721229  1.566848251505559  12.570131113525006  1 1 1
  Cu  1.4778015519196712  7.886745455278272  12.565089708290193  1 1 1
  Cu  4.450852719638076  1.5741227403443787  12.595719281593217  1 1 1
  Co  4.351571330829278  7.883493483716734  12.495711141496418  1 1 1
  Cr  0.013829550775187304  1.6247024522742473  15.595642271566044  1 1 1
  Cr  -0.05310152168077042  7.821587181998314  15.726886276268516  1 1 1
  Cr  2.9802645091172932  1.5010067358635237  16.318900716526528  1 1 1
  Cu  2.9483199802470192  7.8939615036364525  16.10031804878216  1 1 1
  Cu  1.4938679601452023  4.773863162966468  16.010677779107233  1 1 1
  Co  1.4886947012702292  10.970443496506139  15.844775741485448  1 1 1
  Cr  4.589151555626637  4.617433259763212  16.52180607997973  1 1 1
  Cr  4.614073865873722  10.998104063585478  15.908929731731895  1 1 1
  O  7.587557090669226e-16  4.718270146990929  10.663290532199504  0 0 0
  O  1.7704299878228195e-15  11.0092970096455  10.663290532199504  0 0 0
  O  2.9688235831002623  4.718270146990929  10.663290532199504  0 0 0
  O  2.968823583100263  11.0092970096455  10.663290532199504  0 0 0
  O  7.587557090669229e-16  4.718270146990931  8.209790055764218  0 0 0
  O  1.7704299878228197e-15  11.009297009645502  8.209790055764218  0 0 0
  O  2.9688235831002623  4.718270146990931  8.209790055764218  0 0 0
  O  2.968823583100263  11.009297009645502  8.209790055764218  0 0 0
  O  1.484411791550131  0.3460064774460025  9.43654029398186  0 0 0
  O  1.484411791550132  6.637033340100575  9.43654029398186  0 0 0
  O  4.453235374650392  0.3460064774460025  9.43654029398186  0 0 0
  O  4.453235374650393  6.637033340100575  9.43654029398186  0 0 0
  O  1.4844117915501314  2.7995069538812856  9.43654029398186  0 0 0
  O  1.4844117915501325  9.090533816535856  9.43654029398186  0 0 0
  O  4.453235374650393  2.7995069538812856  9.43654029398186  0 0 0
  O  4.453235374650394  9.090533816535856  9.43654029398186  0 0 0
  O  0.03274106058459397  1.621144883697331  13.862520442870853  1 1 1
  O  -0.057361522467761626  7.809872390831501  14.058092964023267  1 1 1
  O  2.883736558124119  1.611479967898482  13.775871039503956  1 1 1
  O  2.9969396747993517  7.870250407987107  13.716624648911344  1 1 1
  O  2.529185696889745e-16  1.5727567156636444  11.355303487091508  0 0 0
  O  1.2645928484448713e-15  7.863783578318215  11.355303487091508  0 0 0
  O  2.9688235831002623  1.5727567156636444  11.355303487091508  0 0 0
  O  2.9688235831002627  7.863783578318215  11.355303487091508  0 0 0
  O  1.508596277301243  3.4736269424312454  12.660002180750901  1 1 1
  O  1.4239286449550532  9.843650476129833  12.62236473948976  1 1 1
  O  4.451411700915889  3.560842157680289  12.6272783517493  1 1 1
  O  4.4409177382013025  9.752739033393587  12.602116554248552  1 1 1
  O  1.4666094390066133  5.9280221595872415  12.711738307412315  1 1 1
  O  1.4585132401936667  12.26593733671755  12.638730770176346  1 1 1
  O  4.418115460676506  6.0223307968164335  12.633194775922677  1 1 1
  O  4.490396871477672  12.178267370394169  12.604788880153139  1 1 1
  O  -0.47606678294355387  4.568175682798565  17.854349078146324  1 1 1
  O  -0.06773187558116694  11.09855963553397  17.071442722219256  1 1 1
  O  2.985460560167587  4.766080778705117  17.0791614980083  1 1 1
  O  2.938280885637102  11.03004581195555  16.83526985441073  1 1 1
  O  -0.1712373624170477  4.82935117571303  15.209540784782643  1 1 1
  O  -0.06318686654606424  10.925858923184958  14.625458736796638  1 1 1
  O  3.0263899621647186  4.739306720619959  14.48077006370227  1 1 1
  O  3.0128170682945257  10.9450793293028  14.469653571722569  1 1 1
  O  1.4800094325494488  0.34144154317267417  15.85137858368935  1 1 1
  O  1.4371019310912143  6.703290017102136  16.244673331016795  1 1 1
  O  4.461697374804913  0.40566161967046116  15.84585188764329  1 1 1
  O  4.520627941039586  6.724812950048378  16.31323119523445  1 1 1
  O  1.4268896506304558  2.783099421494109  16.06371166780249  1 1 1
  O  1.4093798572054423  9.077443813478085  16.081188559500333  1 1 1
  O  4.450817480876341  2.8233790333830764  16.028530622415886  1 1 1
  O  4.498169419996914  9.071696851805259  16.13853523476811  1 1 1
  O  2.9398661786381775  1.4218660899254074  17.91454752021975  1 1 1
K_POINTS automatic
  4 2 1 0 0 0
HUBBARD (atomic)
U Co-3d 3.3200
U Cr-3d 3.7000
U Ni-3d 6.2000
