&CONTROL
  calculation = 'scf'
  prefix = 'OH__atomic'
  outdir = './tmp'
  pseudo_dir = '/usr/share/espresso/pseudo'
  tprnfor = .true.
  forc_conv_thr = 2.0d-3
  nstep = 200
  max_seconds = 165000
/
&SYSTEM
  ibrav = 0
  nat = 74
  ntyp = 6
  ecutwfc = 80.0
  ecutrho = 640.0
  occupations = 'smearing'
  smearing = 'mv'
  degauss = 0.01
  nosym = .true.
  noinv = .true.
  nspin = 2
  starting_magnetization(1) = 0.4
  starting_magnetization(2) = 0.6
  starting_magnetization(3) = 0.2
  starting_magnetization(4) = 0.3
  starting_magnetization(5) = 0.0
  starting_magnetization(6) = 0.0
/
&ELECTRONS
  conv_thr = 1.0d-6
  mixing_mode = 'local-TF'
  mixing_beta = 0.3
  electron_maxstep = 300
/
&IONS
  ion_dynamics = 'bfgs'
/
ATOMIC_SPECIES
  Co  58.933  Co_pbe_v1.2.uspp.F.UPF
  Cr  51.996  cr_pbe_v1.5.uspp.F.UPF
  Cu  63.546  Cu.paw.z_11.ld1.psl.v1.0.0-low.upf
  Ni  58.693  ni_pbe_v1.4.uspp.F.UPF
  O  15.999  O.pbe-n-kjpaw_psl.0.1.UPF
  H  1.008  H.pbe-rrkjus_psl.1.0.0.UPF
CELL_PARAMETERS angstrom
  5.937647166200523  0.0  3.6357602982769114e-16
  2.0233485575117938e-15  12.582053725309144  7.704285910699937e-16
  0.0  0.0  25.164107450618296
ATOMIC_POSITIONS angstrom
  Co  2.5291856968897417e-16  1.5727567156636428  9.43654029398186  0 0 0
  Co  1.2645928484448713e-15  7.863783578318215  9.43654029398186  0 0 0
  Cr  2.9688235831002623  1.5727567156636428  9.43654029398186  0 0 0
  Cu  2.9688235831002627  7.863783578318215  9.43654029398186  0 0 0
  Cr  1.4844117915501316  4.718270146990929  9.43654029398186  0 0 0
  Ni  1.4844117915501327  11.0092970096455  9.43654029398186  0 0 0
  Ni  4.453235374650393  4.718270146990929  9.43654029398186  0 0 0
  Co  4.453235374650394  11.0092970096455  9.436540293981862  0 0 0
  Cu  -0.018111652874952235  4.73407947442493  12.57345663877434  1 1 1
  Co  -0.020932431343427527  10.996225929844622  12.44535481851237  1 1 1
  Cr  2.965976332684165  4.727897464825643  12.782836038045168  1 1 1
  Co  2.947395215226975  10.998202413919762  12.686110109007547  1 1 1
  Co  1.525834228193345  1.559785903050366  12.570292540894975  1 1 1
  Cu  1.4778494788581478  7.87782126780179  12.565314224459158  1 1 1
  Cu  4.437523918710538  1.5654923757701136  12.606680731197642  1 1 1
  Co  4.352994724475252  7.876828206181785  12.491090611765568  1 1 1
  Cr  0.015038828743963473  1.5867340810200592  15.58580501276272  1 1 1
  Cr  -0.0562338796925467  7.807300257159732  15.698130915291314  1 1 1
  Cr  2.972846202040096  1.5133101320051217  15.935039833331903  1 1 1
  Cu  2.9483436046749594  7.869823039720141  16.032263559462372  1 1 1
  Cu  1.5030657876748115  4.770269693752702  15.91010498053436  1 1 1
  Co  1.4883145488105707  10.937822076372486  15.826675368438238  1 1 1
  Cr  4.592274630926918  4.6370745875327755  16.380483306316293  1 1 1
  Cr  4.630222328926875  10.974764308615118  15.920985791452576  1 1 1
  O  7.587557090669226e-16  4.718270146990929  10.663290532199504  0 0 0
  O  1.7704299878228195e-15  11.0092970096455  10.663290532199504  0 0 0
  O  2.9688235831002623  4.718270146990929  10.663290532199504  0 0 0
  O  2.968823583100263  11.0092970096455  10.663290532199504  0 0 0
  O  7.587557090669229e-16  4.718270146990931  8.209790055764218  0 0 0
  O  1.7704299878228197e-15  11.009297009645502  8.209790055764218  0 0 0
  O  2.9688235831002623  4.718270146990931  8.209790055764218  0 0 0
  O  2.968823583100263  11.009297009645502  8.209790055764218  0 0 0
  O  1.484411791550131  0.3460064774460025  9.43654029398186  0 0 0
  O  1.484411791550132  6.637033340100575  9.43654029398186  0 0 0
  O  4.453235374650392  0.3460064774460025  9.43654029398186  0 0 0
  O  4.453235374650393  6.637033340100575  9.43654029398186  0 0 0
  O  1.4844117915501314  2.7995069538812856  9.43654029398186  0 0 0
  O  1.4844117915501325  9.090533816535856  9.43654029398186  0 0 0
  O  4.453235374650393  2.7995069538812856  9.43654029398186  0 0 0
  O  4.453235374650394  9.090533816535856  9.43654029398186  0 0 0
  O  0.022357062728111766  1.5877798526396434  13.85826781187866  1 1 1
  O  -0.05258780534528418  7.814387108987581  14.024608354281638  1 1 1
  O  2.9348284497341557  1.5999450498548398  13.9944686527782  1 1 1
  O  2.995875435580112  7.854923852378419  13.720521010244978  1 1 1
  O  2.529185696889745e-16  1.5727567156636444  11.355303487091508  0 0 0
  O  1.2645928484448713e-15  7.863783578318215  11.355303487091508  0 0 0
  O  2.9688235831002623  1.5727567156636444  11.355303487091508  0 0 0
  O  2.9688235831002627  7.863783578318215  11.355303487091508  0 0 0
  O  1.5037759962183024  3.437779185605718  12.67977579437912  1 1 1
  O  1.4286245568001195  9.840621344548014  12.612457597272684  1 1 1
  O  4.441240105884924  3.539020721563356  12.631804340147777  1 1 1
  O  4.436074593190745  9.74151940068905  12.582246267936634  1 1 1
  O  1.4674279638198782  5.914830463414272  12.691202049018424  1 1 1
  O  1.4636497635623926  12.275103979927396  12.645710094482313  1 1 1
  O  4.415220392946883  6.019957864875855  12.614005341132955  1 1 1
  O  4.475691621215203  12.173249660470304  12.588398610911344  1 1 1
  O  -0.43995459409658133  4.611462062675132  17.694034279300695  1 1 1
  O  -0.053202200333754765  11.026912856296098  17.078841048819992  1 1 1
  O  2.9933319988155946  4.685446137227779  17.01674763507928  1 1 1
  O  2.9768965502386733  11.015847756918996  16.803740293783203  1 1 1
  O  -0.14138403819004977  4.856347694364131  15.059001723030347  1 1 1
  O  -0.0992215543238059  10.886685958220044  14.60707726420657  1 1 1
  O  3.0447513617527626  4.7530352444960995  14.461334242566673  1 1 1
  O  3.020587726181913  10.958253873452286  14.4503188541202  1 1 1
  O  1.4276093063638362  0.27391629214791924  15.818227169190349  1 1 1
  O  1.4329284673226905  6.691793844860902  16.207655189674373  1 1 1
  O  4.555041474893781  0.36600364307824484  15.884878620297048  1 1 1
  O  4.4957325013760645  6.682125874700301  16.222588699599314  1 1 1
  O  1.3668192195359707  2.7871676441909883  15.999756499879824  1 1 1
  O  1.4287821888952954  9.075872023155434  16.02904248322597  1 1 1
  O  4.5151110498366664  2.8372691229288294  15.910796799283167  1 1 1
  O  4.510238288487514  9.033752601756479  16.13440994697562  1 1 1
  O  2.897086002315653  1.5628797706616346  17.783669545130167  1 1 1
  H  2.7443124464438053  2.4812470026508384  18.084523966147305  1 1 1
K_POINTS automatic
  4 2 1 0 0 0
HUBBARD (atomic)
U Co-3d 3.3200
U Cr-3d 3.7000
U Ni-3d 6.2000
