&CONTROL
  calculation = 'scf'
  prefix = 'OOH__atomic'
  outdir = './tmp'
  pseudo_dir = '/usr/share/espresso/pseudo'
  tprnfor = .true.
  forc_conv_thr = 2.0d-3
  nstep = 200
  max_seconds = 165000
/
&SYSTEM
  ibrav = 0
  nat = 75
  ntyp = 6
  ecutwfc = 80.0
  ecutrho = 640.0
  occupations = 'smearing'
  smearing = 'mv'
  degauss = 0.01
  nosym = .true.
  noinv = .true.
  nspin = 2
  starting_magnetization(1) = 0.4
  starting_magnetization(2) = 0.6
  starting_magnetization(3) = 0.2
  starting_magnetization(4) = 0.3
  starting_magnetization(5) = 0.0
  starting_magnetization(6) = 0.0
/
&ELECTRONS
  conv_thr = 1.0d-6
  mixing_mode = 'local-TF'
  mixing_beta = 0.3
  electron_maxstep = 300
/
&IONS
  ion_dynamics = 'bfgs'
/
ATOMIC_SPECIES
  Co  58.933  Co_pbe_v1.2.uspp.F.UPF
  Cr  51.996  cr_pbe_v1.5.uspp.F.UPF
  Cu  63.546  Cu.paw.z_11.ld1.psl.v1.0.0-low.upf
  Ni  58.693  ni_pbe_v1.4.uspp.F.UPF
  O  15.999  O.pbe-n-kjpaw_psl.0.1.UPF
  H  1.008  H.pbe-rrkjus_psl.1.0.0.UPF
CELL_PARAMETERS angstrom
  5.937647166200523  0.0  3.6357602982769114e-16
  2.0233485575117938e-15  12.582053725309144  7.704285910699937e-16
  0.0  0.0  25.164107450618296
ATOMIC_POSITIONS angstrom
  Co  2.5291856968897417e-16  1.5727567156636428  9.43654029398186  0 0 0
  Co  1.2645928484448713e-15  7.863783578318215  9.43654029398186  0 0 0
  Cr  2.9688235831002623  1.5727567156636428  9.43654029398186  0 0 0
  Cu  2.9688235831002627  7.863783578318215  9.43654029398186  0 0 0
  Cr  1.4844117915501316  4.718270146990929  9.43654029398186  0 0 0
  Ni  1.4844117915501327  11.0092970096455  9.43654029398186  0 0 0
  Ni  4.453235374650393  4.718270146990929  9.43654029398186  0 0 0
  Co  4.453235374650394  11.0092970096455  9.436540293981862  0 0 0
  Cu  -0.011930657095233542  4.740966539116975  12.556222650057506  1 1 1
  Co  -0.02566554661756566  11.003669069343344  12.44564901436613  1 1 1
  Cr  2.9739797052646715  4.73171353500762  12.818910381956975  1 1 1
  Co  2.9374069507204887  11.005638381651407  12.681182425970785  1 1 1
  Co  1.5390764930802847  1.5717920654828736  12.572562270806564  1 1 1
  Cu  1.477559513065922  7.884166869402739  12.565011302007912  1 1 1
  Cu  4.441462819957375  1.5746005441234656  12.609245966683455  1 1 1
  Co  4.350329727382571  7.881294698367556  12.494140013133931  1 1 1
  Cr  0.016841038940765933  1.5813773451989759  15.598652828191653  1 1 1
  Cr  -0.0639356783790701  7.8085312093672385  15.698422296162432  1 1 1
  Cr  2.9611601014925992  1.5492763075271816  15.93215732789127  1 1 1
  Cu  2.9416077677722967  7.866160853639966  16.039347565906784  1 1 1
  Cu  1.4760004094797812  4.755021407303072  15.991648569722711  1 1 1
  Co  1.4619689321421474  10.92082680616037  15.817360676620094  1 1 1
  Cr  4.5948189170245755  4.663636989066486  16.525831273412425  1 1 1
  Cr  4.6086036316840095  10.982967398082637  15.901221537849384  1 1 1
  O  7.587557090669226e-16  4.718270146990929  10.663290532199504  0 0 0
  O  1.7704299878228195e-15  11.0092970096455  10.663290532199504  0 0 0
  O  2.9688235831002623  4.718270146990929  10.663290532199504  0 0 0
  O  2.968823583100263  11.0092970096455  10.663290532199504  0 0 0
  O  7.587557090669229e-16  4.718270146990931  8.209790055764218  0 0 0
  O  1.7704299878228197e-15  11.009297009645502  8.209790055764218  0 0 0
  O  2.9688235831002623  4.718270146990931  8.209790055764218  0 0 0
  O  2.968823583100263  11.009297009645502  8.209790055764218  0 0 0
  O  1.484411791550131  0.3460064774460025  9.43654029398186  0 0 0
  O  1.484411791550132  6.637033340100575  9.43654029398186  0 0 0
  O  4.453235374650392  0.3460064774460025  9.43654029398186  0 0 0
  O  4.453235374650393  6.637033340100575  9.43654029398186  0 0 0
  O  1.4844117915501314  2.7995069538812856  9.43654029398186  0 0 0
  O  1.4844117915501325  9.090533816535856  9.43654029398186  0 0 0
  O  4.453235374650393  2.7995069538812856  9.43654029398186  0 0 0
  O  4.453235374650394  9.090533816535856  9.43654029398186  0 0 0
  O  0.012870546301489807  1.6586588084744456  13.899991812267439  1 1 1
  O  -0.06554224927931356  7.809036661391586  14.026323324481684  1 1 1
  O  2.918419151064423  1.6193576038674482  13.939973550618593  1 1 1
  O  2.9934192880110206  7.8593787046022365  13.720035988269064  1 1 1
  O  2.529185696889745e-16  1.5727567156636444  11.355303487091508  0 0 0
  O  1.2645928484448713e-15  7.863783578318215  11.355303487091508  0 0 0
  O  2.9688235831002623  1.5727567156636444  11.355303487091508  0 0 0
  O  2.9688235831002627  7.863783578318215  11.355303487091508  0 0 0
  O  1.502565847950119  3.453477212778609  12.66374529256652  1 1 1
  O  1.4255483208187825  9.84731096027321  12.607950082553266  1 1 1
  O  4.449687831603514  3.548430632541938  12.613252315736911  1 1 1
  O  4.431181311636232  9.745030766466211  12.590641087279531  1 1 1
  O  1.474102902557676  5.91696477758963  12.71881796867633  1 1 1
  O  1.4544055727631682  12.288776827353242  12.646105909694796  1 1 1
  O  4.417583275574397  6.012863351778944  12.636561266554233  1 1 1
  O  4.483717259554895  12.182509514773388  12.596477601901245  1 1 1
  O  -0.48267532604818225  4.6478382297559735  17.871506780386216  1 1 1
  O  -0.07667011060058329  10.983906540466036  17.06325772905687  1 1 1
  O  2.9764480613344007  4.739538132541237  17.062888469211252  1 1 1
  O  2.9206951156323093  10.980775419661235  16.798274607110706  1 1 1
  O  -0.18347233656288775  4.801793881125906  15.186010172415207  1 1 1
  O  -0.06823381206757738  10.884755660719128  14.599350822792177  1 1 1
  O  3.0354575843603735  4.669811450841689  14.479275319704403  1 1 1
  O  2.994611529202095  10.971461845142946  14.453186645338665  1 1 1
  O  1.3343354893496255  0.32466940876834627  15.875277726806354  1 1 1
  O  1.4253674601007718  6.683053984270279  16.20420387868997  1 1 1
  O  4.53533770567179  0.34312687413946724  15.853571292670978  1 1 1
  O  4.498766816447437  6.6793818598772905  16.261130498467345  1 1 1
  O  1.3543790251506276  2.796023543412865  16.063874580350344  1 1 1
  O  1.4137045326775488  9.054956491984349  16.027535860804036  1 1 1
  O  4.538707222065158  2.7848768155828294  16.135887163818342  1 1 1
  O  4.488733503431716  9.030791751897674  16.105999097496586  1 1 1
  O  2.717277758870325  1.326672789053764  17.806338558598217  1 1 1
  O  3.85626381972833  1.3146355860972194  18.647310261589823  1 1 1
  H  4.154504689600515  2.254910079803392  18.67318321506018  1 1 1
K_POINTS automatic
  4 2 1 0 0 0
HUBBARD (atomic)
U Co-3d 3.3200
U Cr-3d 3.7000
U Ni-3d 6.2000
