&CONTROL
  calculation = 'scf'
  prefix = 'O__atomic'
  outdir = './tmp'
  pseudo_dir = '/usr/share/espresso/pseudo'
  tprnfor = .true.
  forc_conv_thr = 2.0d-3
  nstep = 200
  max_seconds = 165000
/
&SYSTEM
  ibrav = 0
  nat = 73
  ntyp = 5
  ecutwfc = 80.0
  ecutrho = 640.0
  occupations = 'smearing'
  smearing = 'mv'
  degauss = 0.01
  nosym = .true.
  noinv = .true.
  nspin = 2
  starting_magnetization(1) = 0.4
  starting_magnetization(2) = 0.2
  starting_magnetization(3) = 0.5
  starting_magnetization(4) = 0.3
  starting_magnetization(5) = 0.0
/
&ELECTRONS
  conv_thr = 1.0d-6
  mixing_mode = 'local-TF'
  mixing_beta = 0.3
  electron_maxstep = 300
/
&IONS
  ion_dynamics = 'bfgs'
/
ATOMIC_SPECIES
  Co  58.933  Co_pbe_v1.2.uspp.F.UPF
  Cu  63.546  Cu.paw.z_11.ld1.psl.v1.0.0-low.upf
  Fe  55.845  Fe.pbe-spn-kjpaw_psl.0.2.1.UPF
  Ni  58.693  ni_pbe_v1.4.uspp.F.UPF
  O  15.999  O.pbe-n-kjpaw_psl.0.1.UPF
CELL_PARAMETERS angstrom
  5.9836890966162155  0.0  3.663952849631983e-16
  2.027953248454331e-15  12.610687678965995  7.721819150546336e-16
  0.0  0.0  25.221375357931993
ATOMIC_POSITIONS angstrom
  Fe  7.604824681703743e-16  4.729007879612248  9.4580157592245  0 0 0
  Ni  1.7744590923975398e-15  11.034351719095245  9.4580157592245  0 0 0
  Cu  2.9918445483081086  4.729007879612248  9.4580157592245  0 0 0
  Ni  2.9918445483081095  11.034351719095245  9.458015759224498  0 0 0
  Ni  1.495922274154054  1.5763359598707491  9.4580157592245  0 0 0
  Cu  1.4959222741540554  7.881679799353747  9.4580157592245  0 0 0
  Co  4.487766822462162  1.5763359598707491  9.4580157592245  0 0 0
  Cu  4.487766822462162  7.881679799353747  9.458015759224498  0 0 0
  Co  0.011070164903814388  1.6019521606293066  12.53525678301518  1 1 1
  Ni  -0.0015055662015320194  7.858549975974312  12.536427727294807  1 1 1
  Ni  3.0029336194841623  1.6169230408115258  12.579224697792124  1 1 1
  Co  2.988832558123507  7.8747198375494545  12.46363517231882  1 1 1
  Cu  1.502550226460463  4.73715009320867  12.567683287390146  1 1 1
  Cu  1.5012933903472643  11.049131740032564  12.585079045900093  1 1 1
  Ni  4.481948804807069  4.747299548256309  12.528106953136506  1 1 1
  Cu  4.504892317748524  11.01704438866649  12.58611291019339  1 1 1
  Ni  0.034197021157013285  4.71733049516359  15.638377694155386  1 1 1
  Ni  0.13886623310991328  10.859154626759288  15.759657570196554  1 1 1
  Cu  3.0140594472153674  4.723536750876308  15.700832835993209  1 1 1
  Fe  2.962459689974397  10.839664289149166  15.6214121605106  1 1 1
  Co  1.5486556331311454  1.6232958784051812  15.710800845193834  1 1 1
  Co  1.553805282638476  7.735404561431369  15.694545854785494  1 1 1
  Co  4.483081906136053  1.7808965408979858  15.709835486429133  1 1 1
  Co  4.542337334738361  7.773313352596522  15.659658210789871  1 1 1
  O  2.534941560567914e-16  1.5763359598707491  10.687557807923683  0 0 0
  O  1.2674707802839571e-15  7.881679799353747  10.687557807923683  0 0 0
  O  2.9918445483081086  1.5763359598707491  10.687557807923683  0 0 0
  O  2.991844548308109  7.881679799353747  10.687557807923683  0 0 0
  O  2.534941560567914e-16  1.5763359598707491  8.228473710525313  0 0 0
  O  1.2674707802839571e-15  7.881679799353747  8.228473710525313  0 0 0
  O  2.9918445483081086  1.5763359598707491  8.228473710525313  0 0 0
  O  2.991844548308109  7.881679799353747  8.228473710525313  0 0 0
  O  1.4959222741540548  3.4994658309130626  9.4580157592245  0 0 0
  O  1.4959222741540557  9.804809670396061  9.4580157592245  0 0 0
  O  4.487766822462163  3.4994658309130626  9.4580157592245  0 0 0
  O  4.487766822462163  9.804809670396061  9.458015759224498  0 0 0
  O  1.4959222741540548  5.958549928311433  9.4580157592245  0 0 0
  O  1.495922274154056  12.263893767794428  9.458015759224498  0 0 0
  O  4.487766822462163  5.958549928311433  9.4580157592245  0 0 0
  O  4.487766822462163  12.263893767794428  9.4580157592245  0 0 0
  O  -0.018842156291474614  4.7658203561886525  13.74307795189661  1 1 1
  O  0.02249500997168193  11.042700526713853  13.810952529132848  1 1 1
  O  3.035675253724695  4.782603012660373  13.676936675432009  1 1 1
  O  3.0228361148031992  11.027637665609909  13.817424354784968  1 1 1
  O  7.604824681703743e-16  4.729007879612248  11.381145630266811  0 0 0
  O  1.7744590923975398e-15  11.034351719095245  11.381145630266811  0 0 0
  O  2.9918445483081086  4.729007879612248  11.381145630266811  0 0 0
  O  2.9918445483081095  11.034351719095245  11.38114563026681  0 0 0
  O  1.4756712329784103  0.4535082821401682  12.622296778113615  1 1 1
  O  1.5351203732547527  6.704993830996249  12.59057813073818  1 1 1
  O  4.5453539478924  0.4495633818484383  12.586081009279066  1 1 1
  O  4.459167962417384  6.69730994485446  12.543026220039811  1 1 1
  O  1.4791416640598603  2.7894951203005305  12.633506679860131  1 1 1
  O  1.530714775681496  9.033297759536346  12.577464366212899  1 1 1
  O  4.523757291913019  2.7958825767056923  12.579124957963877  1 1 1
  O  4.449962128619706  9.021583459121128  12.581757695316666  1 1 1
  O  0.06308218141648263  1.6270609801343296  16.760093222689786  1 1 1
  O  -0.004458778432523635  7.820551935197684  16.750529584101464  1 1 1
  O  3.0064448001643513  1.6234359388179347  16.805908294993046  1 1 1
  O  3.0555178550285036  7.793107154129145  16.73948163851903  1 1 1
  O  -0.010978439249264406  1.5908006046548178  14.445586732681742  1 1 1
  O  -0.003330184296390405  7.772955005681439  14.463297810290793  1 1 1
  O  3.04435954855076  1.564251976904107  14.53312473580697  1 1 1
  O  3.017339305832981  7.841704858972442  14.409557928030273  1 1 1
  O  1.5836781466150907  3.437301004172015  15.87398613914003  1 1 1
  O  1.5637367380752543  9.564530491985538  15.963956600980348  1 1 1
  O  4.463455988517792  3.5267322550160327  15.9146080306414  1 1 1
  O  4.510491895823844  9.724721027200227  15.863582163891014  1 1 1
  O  1.5690269236156993  5.949193863938165  15.852861974499799  1 1 1
  O  1.5918631596493313  12.170321553608323  15.920460242185277  1 1 1
  O  4.464412391497106  5.973676430453003  15.879557734238748  1 1 1
  O  4.270984576799957  12.449211160289915  16.196180777656906  1 1 1
  O  -0.7768652423453732  12.012129194198588  17.046665382388582  1 1 1
K_POINTS automatic
  4 2 1 0 0 0
HUBBARD (atomic)
U Co-3d 3.3200
U Fe-3d 5.3000
U Ni-3d 6.2000
