&CONTROL
  calculation = 'scf'
  prefix = 'OH__atomic'
  outdir = './tmp'
  pseudo_dir = '/usr/share/espresso/pseudo'
  tprnfor = .true.
  forc_conv_thr = 2.0d-3
  nstep = 200
  max_seconds = 165000
/
&SYSTEM
  ibrav = 0
  nat = 74
  ntyp = 6
  ecutwfc = 80.0
  ecutrho = 640.0
  occupations = 'smearing'
  smearing = 'mv'
  degauss = 0.01
  nosym = .true.
  noinv = .true.
  nspin = 2
  starting_magnetization(1) = 0.4
  starting_magnetization(2) = 0.2
  starting_magnetization(3) = 0.5
  starting_magnetization(4) = 0.3
  starting_magnetization(5) = 0.0
  starting_magnetization(6) = 0.0
/
&ELECTRONS
  conv_thr = 1.0d-6
  mixing_mode = 'local-TF'
  mixing_beta = 0.3
  electron_maxstep = 300
/
&IONS
  ion_dynamics = 'bfgs'
/
ATOMIC_SPECIES
  Co  58.933  Co_pbe_v1.2.uspp.F.UPF
  Cu  63.546  Cu.paw.z_11.ld1.psl.v1.0.0-low.upf
  Fe  55.845  Fe.pbe-spn-kjpaw_psl.0.2.1.UPF
  Ni  58.693  ni_pbe_v1.4.uspp.F.UPF
  O  15.999  O.pbe-n-kjpaw_psl.0.1.UPF
  H  1.008  H.pbe-rrkjus_psl.1.0.0.UPF
CELL_PARAMETERS angstrom
  5.9836890966162155  0.0  3.663952849631983e-16
  2.027953248454331e-15  12.610687678965995  7.721819150546336e-16
  0.0  0.0  25.221375357931993
ATOMIC_POSITIONS angstrom
  Fe  7.604824681703743e-16  4.729007879612248  9.4580157592245  0 0 0
  Ni  1.7744590923975398e-15  11.034351719095245  9.4580157592245  0 0 0
  Cu  2.9918445483081086  4.729007879612248  9.4580157592245  0 0 0
  Ni  2.9918445483081095  11.034351719095245  9.458015759224498  0 0 0
  Ni  1.495922274154054  1.5763359598707491  9.4580157592245  0 0 0
  Cu  1.4959222741540554  7.881679799353747  9.4580157592245  0 0 0
  Co  4.487766822462162  1.5763359598707491  9.4580157592245  0 0 0
  Cu  4.487766822462162  7.881679799353747  9.458015759224498  0 0 0
  Co  0.0032790216152520564  1.6095574815459612  12.531326673246607  1 1 1
  Ni  -0.001429600893675504  7.863612370477621  12.525289817501143  1 1 1
  Ni  2.991276405075654  1.6221652793110963  12.568176438878197  1 1 1
  Co  2.987775788092534  7.873670515759844  12.4620125137798  1 1 1
  Cu  1.4998539209684512  4.741510015080857  12.568551986428501  1 1 1
  Cu  1.48521806955176  11.041920030904429  12.582597817791012  1 1 1
  Ni  4.4815708690047495  4.748811875670032  12.530605309215657  1 1 1
  Cu  4.499219426696359  11.033559674209572  12.588765796760352  1 1 1
  Ni  0.007823579065576191  4.726754318947813  15.64953121741093  1 1 1
  Ni  -0.009485608720873631  11.02234787079988  15.79817676629929  1 1 1
  Cu  3.0030729249887895  4.735985720789209  15.68991008284097  1 1 1
  Fe  2.9875338539942615  11.034224476513398  15.603633936082622  1 1 1
  Co  1.5146392456039175  1.6304250692565017  15.696789841056805  1 1 1
  Co  1.498728972043296  7.835136843776472  15.650626314479414  1 1 1
  Co  4.466338187443083  1.6235031765052137  15.692039413860629  1 1 1
  Co  4.499209112775335  7.835308868872418  15.63946063467966  1 1 1
  O  2.534941560567914e-16  1.5763359598707491  10.687557807923683  0 0 0
  O  1.2674707802839571e-15  7.881679799353747  10.687557807923683  0 0 0
  O  2.9918445483081086  1.5763359598707491  10.687557807923683  0 0 0
  O  2.991844548308109  7.881679799353747  10.687557807923683  0 0 0
  O  2.534941560567914e-16  1.5763359598707491  8.228473710525313  0 0 0
  O  1.2674707802839571e-15  7.881679799353747  8.228473710525313  0 0 0
  O  2.9918445483081086  1.5763359598707491  8.228473710525313  0 0 0
  O  2.991844548308109  7.881679799353747  8.228473710525313  0 0 0
  O  1.4959222741540548  3.4994658309130626  9.4580157592245  0 0 0
  O  1.4959222741540557  9.804809670396061  9.4580157592245  0 0 0
  O  4.487766822462163  3.4994658309130626  9.4580157592245  0 0 0
  O  4.487766822462163  9.804809670396061  9.458015759224498  0 0 0
  O  1.4959222741540548  5.958549928311433  9.4580157592245  0 0 0
  O  1.495922274154056  12.263893767794428  9.458015759224498  0 0 0
  O  4.487766822462163  5.958549928311433  9.4580157592245  0 0 0
  O  4.487766822462163  12.263893767794428  9.4580157592245  0 0 0
  O  -0.023939064748131553  4.754929090663473  13.745727669712378  1 1 1
  O  0.0037242925778099866  11.038076059037024  13.838855200346059  1 1 1
  O  3.029932069584143  4.77295092046539  13.682451102463725  1 1 1
  O  2.9862657805420434  11.032038460667087  13.779257441978983  1 1 1
  O  7.604824681703743e-16  4.729007879612248  11.381145630266811  0 0 0
  O  1.7744590923975398e-15  11.034351719095245  11.381145630266811  0 0 0
  O  2.9918445483081086  4.729007879612248  11.381145630266811  0 0 0
  O  2.9918445483081095  11.034351719095245  11.38114563026681  0 0 0
  O  1.462566685278848  0.4504795849644185  12.601214219374109  1 1 1
  O  1.5306375564671706  6.703578439607748  12.581143610306395  1 1 1
  O  4.537159364174449  0.45694051693399995  12.570536113181156  1 1 1
  O  4.460549772880186  6.698506989630391  12.551912466964696  1 1 1
  O  1.4764684806719335  2.796454307605048  12.617176344633004  1 1 1
  O  1.5189851984603975  9.035806055587917  12.547559451843078  1 1 1
  O  4.510029086517049  2.8060702991496673  12.557400596780909  1 1 1
  O  4.4515329544693465  9.027369182263701  12.548996490210078  1 1 1
  O  0.043548986972094014  1.5539422095656075  16.728106439502096  1 1 1
  O  0.024749337967542244  7.90342140633095  16.713954592273673  1 1 1
  O  2.9982659237974305  1.5270780193377476  16.769278097393535  1 1 1
  O  3.0038561544507076  7.92388489916094  16.69938895370217  1 1 1
  O  -0.007723530639551963  1.6563634427980942  14.396187672051902  1 1 1
  O  -0.0052138973162020805  7.8234116575421595  14.44201583005742  1 1 1
  O  2.9763398049202308  1.5987596243571423  14.497962496986833  1 1 1
  O  2.9895492283272675  7.8695013160557785  14.380835821351878  1 1 1
  O  1.5690959337255137  3.4600995339260923  15.884705895696444  1 1 1
  O  1.5197149778460044  9.748823363302092  15.86871328991186  1 1 1
  O  4.432647668026607  3.442569114662243  15.89794490934161  1 1 1
  O  4.455870079358489  9.744951856195508  15.813418102909266  1 1 1
  O  1.5614770623776222  6.018628566547082  15.838593861145133  1 1 1
  O  1.5212894127607313  12.291058156622896  15.903847592226512  1 1 1
  O  4.442996846028862  6.021848603815725  15.865238027198208  1 1 1
  O  4.45225753747791  12.3302485062075  15.838942711388695  1 1 1
  O  -0.08080564075571084  11.00607355211665  17.67592840477839  1 1 1
  H  0.8550618800675146  11.14573009594049  17.922867141212645  1 1 1
K_POINTS automatic
  4 2 1 0 0 0
HUBBARD (atomic)
U Co-3d 3.3200
U Fe-3d 5.3000
U Ni-3d 6.2000
