&CONTROL
  calculation = 'scf'
  prefix = 'OOH__atomic'
  outdir = './tmp'
  pseudo_dir = '/usr/share/espresso/pseudo'
  tprnfor = .true.
  forc_conv_thr = 2.0d-3
  nstep = 200
  max_seconds = 165000
/
&SYSTEM
  ibrav = 0
  nat = 75
  ntyp = 6
  ecutwfc = 80.0
  ecutrho = 640.0
  occupations = 'smearing'
  smearing = 'mv'
  degauss = 0.01
  nosym = .true.
  noinv = .true.
  nspin = 2
  starting_magnetization(1) = 0.4
  starting_magnetization(2) = 0.2
  starting_magnetization(3) = 0.5
  starting_magnetization(4) = 0.3
  starting_magnetization(5) = 0.0
  starting_magnetization(6) = 0.0
/
&ELECTRONS
  conv_thr = 1.0d-6
  mixing_mode = 'local-TF'
  mixing_beta = 0.3
  electron_maxstep = 300
/
&IONS
  ion_dynamics = 'bfgs'
/
ATOMIC_SPECIES
  Co  58.933  Co_pbe_v1.2.uspp.F.UPF
  Cu  63.546  Cu.paw.z_11.ld1.psl.v1.0.0-low.upf
  Fe  55.845  Fe.pbe-spn-kjpaw_psl.0.2.1.UPF
  Ni  58.693  ni_pbe_v1.4.uspp.F.UPF
  O  15.999  O.pbe-n-kjpaw_psl.0.1.UPF
  H  1.008  H.pbe-rrkjus_psl.1.0.0.UPF
CELL_PARAMETERS angstrom
  5.9836890966162155  0.0  3.663952849631983e-16
  2.027953248454331e-15  12.610687678965995  7.721819150546336e-16
  0.0  0.0  25.221375357931993
ATOMIC_POSITIONS angstrom
  Fe  7.604824681703743e-16  4.729007879612248  9.4580157592245  0 0 0
  Ni  1.7744590923975398e-15  11.034351719095245  9.4580157592245  0 0 0
  Cu  2.9918445483081086  4.729007879612248  9.4580157592245  0 0 0
  Ni  2.9918445483081095  11.034351719095245  9.458015759224498  0 0 0
  Ni  1.495922274154054  1.5763359598707491  9.4580157592245  0 0 0
  Cu  1.4959222741540554  7.881679799353747  9.4580157592245  0 0 0
  Co  4.487766822462162  1.5763359598707491  9.4580157592245  0 0 0
  Cu  4.487766822462162  7.881679799353747  9.458015759224498  0 0 0
  Co  0.0033624996236079276  1.6062050694625074  12.535343749991437  1 1 1
  Ni  -0.0034681368877600267  7.861456170816667  12.530600632410504  1 1 1
  Ni  2.99238413415298  1.6197349715239877  12.574854002676744  1 1 1
  Co  2.9884084164906524  7.871146469075507  12.463921255380997  1 1 1
  Cu  1.4987838191648302  4.739936178634926  12.570718823027219  1 1 1
  Cu  1.4918059387340288  11.040480006108329  12.577129081440285  1 1 1
  Ni  4.47854420830458  4.747739921263439  12.532942033550551  1 1 1
  Cu  4.4954956042802126  11.03226317107422  12.587068131865585  1 1 1
  Ni  0.006619862090316495  4.727638780954786  15.650588914148875  1 1 1
  Ni  0.014407663706088723  11.033862389785007  15.849486095128334  1 1 1
  Cu  3.0013841298422568  4.737159451478981  15.700138525196133  1 1 1
  Fe  3.0061572848874145  11.035507148791256  15.62758326521974  1 1 1
  Co  1.5089640860604314  1.641431760929974  15.688009020094935  1 1 1
  Co  1.490832281074475  7.8272164295388515  15.638696561851946  1 1 1
  Co  4.456747809402832  1.6430649820481262  15.711405073127187  1 1 1
  Co  4.485249530085652  7.81994751457438  15.663025901487188  1 1 1
  O  2.534941560567914e-16  1.5763359598707491  10.687557807923683  0 0 0
  O  1.2674707802839571e-15  7.881679799353747  10.687557807923683  0 0 0
  O  2.9918445483081086  1.5763359598707491  10.687557807923683  0 0 0
  O  2.991844548308109  7.881679799353747  10.687557807923683  0 0 0
  O  2.534941560567914e-16  1.5763359598707491  8.228473710525313  0 0 0
  O  1.2674707802839571e-15  7.881679799353747  8.228473710525313  0 0 0
  O  2.9918445483081086  1.5763359598707491  8.228473710525313  0 0 0
  O  2.991844548308109  7.881679799353747  8.228473710525313  0 0 0
  O  1.4959222741540548  3.4994658309130626  9.4580157592245  0 0 0
  O  1.4959222741540557  9.804809670396061  9.4580157592245  0 0 0
  O  4.487766822462163  3.4994658309130626  9.4580157592245  0 0 0
  O  4.487766822462163  9.804809670396061  9.458015759224498  0 0 0
  O  1.4959222741540548  5.958549928311433  9.4580157592245  0 0 0
  O  1.495922274154056  12.263893767794428  9.458015759224498  0 0 0
  O  4.487766822462163  5.958549928311433  9.4580157592245  0 0 0
  O  4.487766822462163  12.263893767794428  9.4580157592245  0 0 0
  O  -0.02558269703888075  4.7517092348620045  13.751519240936307  1 1 1
  O  0.002420162790635844  11.028550545606919  13.768305899136248  1 1 1
  O  3.0266534238846656  4.7722412088322645  13.685757228910552  1 1 1
  O  2.997446180791628  11.026710955875515  13.80701886518992  1 1 1
  O  7.604824681703743e-16  4.729007879612248  11.381145630266811  0 0 0
  O  1.7744590923975398e-15  11.034351719095245  11.381145630266811  0 0 0
  O  2.9918445483081086  4.729007879612248  11.381145630266811  0 0 0
  O  2.9918445483081095  11.034351719095245  11.38114563026681  0 0 0
  O  1.4659209276354046  0.45273815737705725  12.608214298467404  1 1 1
  O  1.5305678928883308  6.701423450841252  12.592760058953113  1 1 1
  O  4.535065983828293  0.461408956631277  12.571142800378464  1 1 1
  O  4.459457292128333  6.697630002826124  12.57022705194643  1 1 1
  O  1.4780391056218163  2.793349764298122  12.62606052860543  1 1 1
  O  1.5221665452973003  9.027665633644089  12.546370127160303  1 1 1
  O  4.512375060988063  2.8035975329558225  12.569900312235227  1 1 1
  O  4.445094329733077  9.018667665580914  12.543410074393291  1 1 1
  O  0.053678981315010296  1.56580272111966  16.74101304588433  1 1 1
  O  0.04853648537645554  7.895757308440922  16.73183602194053  1 1 1
  O  3.0205714950978924  1.5402926899436888  16.787840139167685  1 1 1
  O  3.032043875069275  7.913325947535952  16.71731195127824  1 1 1
  O  -0.026708333198066054  1.6557310123792177  14.40590019974511  1 1 1
  O  -0.032836327101176545  7.828144664692451  14.453462868126143  1 1 1
  O  2.9807580536148794  1.5907227588361135  14.512430037928658  1 1 1
  O  2.9788796417161407  7.88570391729961  14.396113176011543  1 1 1
  O  1.5665485462520767  3.4661890379371663  15.888728198410094  1 1 1
  O  1.525018922543483  9.746877728037962  15.877901262297746  1 1 1
  O  4.431395628130494  3.4550445921081767  15.915888564600113  1 1 1
  O  4.469479792281848  9.768408828480593  15.930676017824803  1 1 1
  O  1.559985648930297  6.017593606541654  15.844158029110453  1 1 1
  O  1.5333785136628582  12.305420773456198  15.89343890601989  1 1 1
  O  4.441434294205249  6.008649780299153  15.882062176990914  1 1 1
  O  4.465075062994903  12.309267484729421  15.943176051026215  1 1 1
  O  0.05773376088059619  11.051327930638525  17.92608756974881  1 1 1
  O  1.3045579170497885  11.026325667879703  18.4131793432335  1 1 1
  H  1.1106668305403065  11.049196409157664  19.393275510835924  1 1 1
K_POINTS automatic
  4 2 1 0 0 0
HUBBARD (atomic)
U Co-3d 3.3200
U Fe-3d 5.3000
U Ni-3d 6.2000
