Cr               0.0000000000        1.5670776919        9.4024661515    0   0   0
Co               0.0000000000        7.8353884596        9.4024661515    0   0   0
Mn               2.9341468830        1.5670776919        9.4024661515    0   0   0
Cu               2.9341468830        7.8353884596        9.4024661515    0   0   0
Mn               1.4670734415        4.7012330757        9.4024661515    0   0   0
Cr               1.4670734415       10.9695438434        9.4024661515    0   0   0
Cu               4.4012203244        4.7012330757        9.4024661515    0   0   0
Mn               4.4012203244       10.9695438434        9.4024661515    0   0   0
Mn               0.0034783314        4.7173835835       12.5894865915
Mn              -0.0093667519       10.9458979402       12.6039092003
Cr               2.9495303776        4.7164979390       12.5879533941
Co               2.9242272892       10.9415058590       12.6211542640
Co               1.4448824138        1.5252843517       12.5335948706
Cr               1.5322908746        7.8545567579       12.5095918820
Mn               4.4140661938        1.5486987022       12.5395765630
Co               4.3953241227        7.8613215451       12.5395900169
Mn              -0.0045565707        1.5874556881       15.7988905244
Cr               0.0038044327        7.8282768087       15.5691306083
Cr               2.9173675888        1.5931112207       15.5823479613
Co               2.9375448721        7.8204059059       15.7710816653
Co               1.4666606408        4.7462753868       15.7959974005
Co               1.4718256461       10.9538625873       15.9302041440
Co               4.3995422040        4.7199262578       15.8672818264
Mn               4.4074201434       10.9544479583       15.7818800444
O                0.0000000000        4.7012330757       10.6247867512    0   0   0
O                0.0000000000       10.9695438434       10.6247867512    0   0   0
O                2.9341468830        4.7012330757       10.6247867512    0   0   0
O                2.9341468830       10.9695438434       10.6247867512    0   0   0
O                0.0000000000        4.7012330757        8.1801455518    0   0   0
O                0.0000000000       10.9695438434        8.1801455518    0   0   0
O                2.9341468830        4.7012330757        8.1801455518    0   0   0
O                2.9341468830       10.9695438434        8.1801455518    0   0   0
O                1.4670734415        0.3447570922        9.4024661515    0   0   0
O                1.4670734415        6.6130678599        9.4024661515    0   0   0
O                4.4012203244        0.3447570922        9.4024661515    0   0   0
O                4.4012203244        6.6130678599        9.4024661515    0   0   0
O                1.4670734415        2.7893982916        9.4024661515    0   0   0
O                1.4670734415        9.0577090593        9.4024661515    0   0   0
O                4.4012203244        2.7893982916        9.4024661515    0   0   0
O                4.4012203244        9.0577090593        9.4024661515    0   0   0
O                0.0173135319        1.5558598441       13.7849454845
O                0.0061168220        7.8263254127       13.8550770194
O                2.9315482630        1.5898146507       13.8614776749
O                2.9597804066        7.8053069843       13.7504591172
O                0.0000000000        1.5670776919       11.3143009356    0   0   0
O                0.0000000000        7.8353884596       11.3143009356    0   0   0
O                2.9341468830        1.5670776919       11.3143009356    0   0   0
O                2.9341468830        7.8353884596       11.3143009356    0   0   0
O                1.4753896935        3.4803908517       12.5756002600
O                1.4696360966        9.7226694150       12.6035362017
O                4.4187311251        3.4788123267       12.5998841819
O                4.3750174506        9.7137961683       12.5993222498
O                1.4644203709        5.9448311286       12.5826261739
O                1.4969843389       12.1944625221       12.5942964664
O                4.4055469974        5.9545252654       12.5814135465
O                4.3788145092       12.1683766268       12.6179098652
O                0.0309639162        4.6963542435       16.9406124700
O                0.0419573667       10.9759978947       16.9906383372
O                2.9401443906        4.7295589577       16.9259664261
O                2.8690746891       10.9411552809       16.9846371454
O               -0.0015387233        4.7465874105       14.6095322715
O                0.0395057517       10.9501956708       14.5730473321
O                2.9245777258        4.7199246510       14.5762234143
O                2.8944551205       10.9525296378       14.5466548824
O                1.5161381842        0.4147506040       16.0334016643
O                1.4369443894        6.6529587562       15.9585540750
O                4.3307048517        0.3827581673       15.9834629981
O                4.4464102333        6.6649004051       16.0047631430
O                1.5003812362        2.7813366784       15.9773368295
O                1.4361061293        8.9805475389       15.9950218743
O                4.3339040377        2.7718567443       15.9766558395
O                4.4399124406        9.0178926413       15.9963610532
