&CONTROL
  calculation = 'scf'
  prefix = 's0_O__2x1v_mir__g1'
  outdir = './tmp'
  pseudo_dir = '/usr/share/espresso/pseudo'
  tprnfor = .true.
  forc_conv_thr = 2.0d-3
  nstep = 200
  max_seconds = 165000
/
&SYSTEM
  ibrav = 0
  nat = 37
  ntyp = 2
  ecutwfc = 80.0
  ecutrho = 640.0
  occupations = 'smearing'
  smearing = 'mv'
  degauss = 0.01
/
&ELECTRONS
  conv_thr = 1.0d-6
  mixing_mode = 'local-TF'
  mixing_beta = 0.3
  electron_maxstep = 200
/
&IONS
  ion_dynamics = 'bfgs'
/
ATOMIC_SPECIES
  Ti  47.867  ti_pbe_v1.4.uspp.F.UPF
  O  15.999  O.pbe-n-kjpaw_psl.0.1.UPF
CELL_PARAMETERS angstrom
  5.91740000  0.00000000  0.00000000
  0.00000000  6.49647284  0.00000000
  0.00000000  0.00000000  25.98589137
ATOMIC_POSITIONS angstrom
  Ti  0.00000000  4.87235463  9.74470926  0 0 0
  Ti  1.47935000  1.62411821  9.74470926  0 0 0
  Ti  0.00000000  1.62411821  13.16798054  1 1 1
  Ti  1.42993913  4.87235463  13.05668341  1 1 1
  Ti  0.00000000  4.87235463  16.99106519  1 1 1
  Ti  1.47189277  1.62411821  16.53539208  1 1 1
  O  0.00000000  1.62411821  11.01295069  0 0 0
  O  0.00000000  1.62411821  8.47646783  0 0 0
  O  1.47935000  3.60411320  9.74470926  0 0 0
  O  1.47935000  6.14059606  9.74470926  0 0 0
  O  0.00000000  4.87235463  14.23439589  1 1 1
  O  0.00000000  4.87235463  11.72470425  0 0 0
  O  1.48363508  0.34161923  13.02622942  1 1 1
  O  1.48363508  2.90661719  13.02622942  1 1 1
  O  0.00000000  1.62411821  17.60150108  1 1 1
  O  0.00000000  1.62411821  15.02267501  1 1 1
  O  1.54146774  3.62374945  16.54014532  1 1 1
  O  1.54146774  6.12095981  16.54014532  1 1 1
  Ti  2.95870000  4.87235463  9.74470926  0 0 0
  Ti  4.43805000  1.62411821  9.74470926  0 0 0
  Ti  2.95870000  1.62411821  13.16086179  1 1 1
  Ti  4.48746087  4.87235463  13.05668341  1 1 1
  Ti  2.95870000  4.87235463  16.15701109  1 1 1
  Ti  4.44550723  1.62411821  16.53539208  1 1 1
  O  2.95870000  1.62411821  11.01295069  0 0 0
  O  2.95870000  1.62411821  8.47646783  0 0 0
  O  4.43805000  3.60411320  9.74470926  0 0 0
  O  4.43805000  6.14059606  9.74470926  0 0 0
  O  2.95870000  4.87235463  14.31102858  1 1 1
  O  2.95870000  4.87235463  11.72470425  0 0 0
  O  4.43376492  0.34161923  13.02622942  1 1 1
  O  4.43376492  2.90661719  13.02622942  1 1 1
  O  2.95870000  1.62411821  17.62116199  1 1 1
  O  2.95870000  1.62411821  15.01915015  1 1 1
  O  4.37593226  3.62374945  16.54014532  1 1 1
  O  4.37593226  6.12095981  16.54014532  1 1 1
  O  0.00000000  4.87235463  18.64503401  1 1 1
K_POINTS automatic
  4 4 1 0 0 0
