&CONTROL
  calculation = 'scf'
  prefix = 's0_OH__2x1v_mir__g1'
  outdir = './tmp'
  pseudo_dir = '/usr/share/espresso/pseudo'
  tprnfor = .true.
  forc_conv_thr = 2.0d-3
  nstep = 200
  max_seconds = 165000
/
&SYSTEM
  ibrav = 0
  nat = 38
  ntyp = 3
  ecutwfc = 80.0
  ecutrho = 640.0
  occupations = 'smearing'
  smearing = 'mv'
  degauss = 0.01
/
&ELECTRONS
  conv_thr = 1.0d-6
  mixing_mode = 'local-TF'
  mixing_beta = 0.3
  electron_maxstep = 200
/
&IONS
  ion_dynamics = 'bfgs'
/
ATOMIC_SPECIES
  H  1.008  H.pbe-rrkjus_psl.1.0.0.UPF
  Ti  47.867  ti_pbe_v1.4.uspp.F.UPF
  O  15.999  O.pbe-n-kjpaw_psl.0.1.UPF
CELL_PARAMETERS angstrom
  5.91740000  0.00000000  0.00000000
  0.00000000  6.49647284  0.00000000
  0.00000000  0.00000000  25.98589137
ATOMIC_POSITIONS angstrom
  Ti  0.00000000  4.87235463  9.74470926  0 0 0
  Ti  1.47935000  1.62411821  9.74470926  0 0 0
  Ti  -0.00409461  1.62411821  13.18771741  1 1 1
  Ti  1.43464741  4.87235463  13.03801517  1 1 1
  Ti  0.01155208  4.87235463  16.86258276  1 1 1
  Ti  1.47305177  1.62411821  16.54160825  1 1 1
  O  0.00000000  1.62411821  11.01295069  0 0 0
  O  0.00000000  1.62411821  8.47646783  0 0 0
  O  1.47935000  3.60411320  9.74470926  0 0 0
  O  1.47935000  6.14059606  9.74470926  0 0 0
  O  0.00350183  4.87235463  14.24153214  1 1 1
  O  0.00000000  4.87235463  11.72470425  0 0 0
  O  1.48148078  0.33900087  13.03501907  1 1 1
  O  1.48148078  2.90923555  13.03501907  1 1 1
  O  -0.00423544  1.62411821  17.61534622  1 1 1
  O  -0.00845933  1.62411821  15.03172623  1 1 1
  O  1.50398261  3.64666741  16.50174903  1 1 1
  O  1.50398261  6.09804185  16.50174903  1 1 1
  Ti  2.95870000  4.87235463  9.74470926  0 0 0
  Ti  4.43805000  1.62411821  9.74470926  0 0 0
  Ti  2.95565218  1.62411821  13.16770747  1 1 1
  Ti  4.49667535  4.87235463  13.04987642  1 1 1
  Ti  2.96964892  4.87235463  16.12147693  1 1 1
  Ti  4.41978411  1.62411821  16.55518065  1 1 1
  O  2.95870000  1.62411821  11.01295069  0 0 0
  O  2.95870000  1.62411821  8.47646783  0 0 0
  O  4.43805000  3.60411320  9.74470926  0 0 0
  O  4.43805000  6.14059606  9.74470926  0 0 0
  O  2.96125099  4.87235463  14.29994708  1 1 1
  O  2.95870000  4.87235463  11.72470425  0 0 0
  O  4.43162937  0.33931705  13.03541009  1 1 1
  O  4.43162937  2.90891937  13.03541009  1 1 1
  O  2.94450408  1.62411821  17.63037165  1 1 1
  O  2.95548304  1.62411821  15.03257577  1 1 1
  O  4.40674001  3.64453474  16.50802596  1 1 1
  O  4.40674001  6.10017452  16.50802596  1 1 1
  O  0.00567729  4.87235463  18.65177700  1 1 1
  H  0.76584396  4.87235463  19.25498592  1 1 1
K_POINTS automatic
  4 4 1 0 0 0
