0.8928244897448305
-7.388298944270728e-06
-0.0025795024763004813
0.009536897588498634
0.009870170411560094
-7.388298944270728e-06
0.9799830443171313
0.0007308623224910921
-0.00010076870681399387
-0.00028491236942954356
-0.0025795024763004813
0.0007308623224910921
0.988282818497917
6.006087363333312e-06
0.001035219230392911
0.009536897588498634
-0.00010076870681399387
6.006087363333312e-06
0.990550310960059
-0.0011345366567777307
0.009870170411560094
-0.00028491236942954356
0.001035219230392911
-0.0011345366567777307
0.6599298863324989
0.2655123993134836
-0.00045485682587038316
0.0009398522642223142
-0.022710948559831422
0.0018900011024803598
-0.00045485682587038316
0.13477646870885857
-0.00250862933461369
-0.0001378186273687886
0.0004971268010733793
0.0009398522642223142
-0.00250862933461369
0.12534818976221962
4.457906690080838e-05
-0.0008564926193457689
-0.022710948559831422
-0.0001378186273687886
4.457906690080838e-05
0.11999985819830061
-0.005721143235519198
0.0018900011024803598
0.0004971268010733793
-0.0008564926193457689
-0.005721143235519198
0.41337967790866176
0.8778112250480554
0.003461777536187861
0.002692134541782167
0.013672403802288726
-0.004979822033302754
0.003461777536187861
0.9835182483274806
-0.00022723853368724888
-0.00017812530125240492
-0.0013451107774862198
0.002692134541782167
-0.00022723853368724888
0.9929441841335037
1.3662899430992125e-06
0.00025928007929273186
0.013672403802288726
-0.00017812530125240492
1.3662899430992125e-06
0.9888876544946594
0.0024858696584324253
-0.004979822033302754
-0.0013451107774862198
0.00025928007929273186
0.0024858696584324253
0.6603837202715392
0.2568959575581776
0.0009760388705458229
-0.00044051595755124125
-0.022744712050290057
-0.0032111035905796025
0.0009760388705458229
0.14090503236869106
0.005034136020361196
-0.000460141268178174
-7.157386623923591e-05
-0.00044051595755124125
0.005034136020361196
0.12711279424250202
-0.00023033051679555085
-0.0006858153545098051
-0.022744712050290057
-0.000460141268178174
-0.00023033051679555085
0.11765975839132813
0.005605398512571531
-0.0032111035905796025
-7.157386623923591e-05
-0.0006858153545098051
0.005605398512571531
0.4173398252511023
0.5194983445280188
0.0032344377111386655
0.025351853509369672
0.02941725383465297
-0.0004128225310131987
0.0032344377111386655
0.8834925946946128
-0.020069016832580718
0.0009848101764883181
-0.0031069964369036277
0.025351853509369672
-0.020069016832580718
0.8304351903359957
0.0025316958674247592
-0.001872902542557472
0.02941725383465297
0.0009848101764883181
0.0025316958674247592
0.9671293646427903
0.011136005937036671
-0.0004128225310131987
-0.0031069964369036277
-0.001872902542557472
0.011136005937036671
0.49463481104870766
0.2610469143170706
-0.00028973210838064664
0.0005438658141241927
-0.022145459137699483
-0.004110264819440426
-0.00028973210838064664
0.12204593399356586
0.0034726846395096095
-9.806575502671649e-05
0.00022592858983907263
0.0005438658141241927
0.0034726846395096095
0.1197989828053504
0.00015746698714518012
0.001137523593384869
-0.022145459137699483
-9.806575502671649e-05
0.00015746698714518012
0.10316078081494123
0.0033196202490647095
-0.004110264819440426
0.00022592858983907263
0.001137523593384869
0.0033196202490647095
0.3778159381063454
0.8816229075783897
-0.0035281028157106704
0.0038010325481265114
0.013755597970645279
0.006406186862313664
-0.0035281028157106704
0.9835247985819329
-3.6867358364366805e-05
0.0002675680188690815
-0.0012530192640181558
0.0038010325481265114
-3.6867358364366805e-05
0.9928654202687237
3.910364984014525e-05
-0.00021220914873512303
0.013755597970645279
0.0002675680188690815
3.910364984014525e-05
0.9887446687113826
-0.002303028471532274
0.006406186862313664
-0.0012530192640181558
-0.00021220914873512303
-0.002303028471532274
0.6599809944486479
0.25422636650954117
-0.0015547368769522714
-0.00037670359569028225
-0.022520477498358116
0.0033426162829921415
-0.0015547368769522714
0.13975062922946802
-0.004761280857458202
0.00018923892129630592
-0.0006078835075415308
-0.00037670359569028225
-0.004761280857458202
0.12623152911298471
-0.00020029690053219174
0.0016381413613482851
-0.022520477498358116
0.00018923892129630592
-0.00020029690053219174
0.11748390774275967
-0.005622047024344618
0.0033426162829921415
-0.0006078835075415308
0.0016381413613482851
-0.005622047024344618
0.41665374823055995
0.8819455098953899
-0.003339545365916192
0.0011624498340770534
-0.15997795965331552
0.004777140160429807
-0.003339545365916192
0.5549299836315364
0.0007584259413451329
-0.00023311557193068366
-0.0006036913060017218
0.0011624498340770534
0.0007584259413451329
0.7000309111319643
-0.0024406340587563484
0.004850161440040052
-0.15997795965331552
-0.00023311557193068366
-0.0024406340587563484
0.6179326022153271
0.0013288611110394211
0.004777140160429807
-0.0006036913060017218
0.004850161440040052
0.0013288611110394211
0.7749479681187457
0.17176020781405577
0.001294920711744665
-0.00021590153946497161
0.10061210921517978
-0.0008497025361866885
0.001294920711744665
0.4116117296759172
0.0003832738771021862
-0.0036602879309052478
-3.3321078746920844e-05
-0.00021590153946497161
0.0003832738771021862
0.14671462585903217
0.00023025420598404172
-0.002594440326768169
0.10061210921517978
-0.0036602879309052478
0.00023025420598404172
0.3549357020733099
-0.00039673264611630803
-0.0008497025361866885
-3.3321078746920844e-05
-0.002594440326768169
-0.00039673264611630803
0.1524834610582515
0.9460106538526467
0.007809888755629303
-0.0009700133972534206
-0.09811362485501683
-0.00012287119186031397
0.007809888755629303
0.7097000145056505
0.0003316946558185106
0.007628986954080452
-0.0002520335416790965
-0.0009700133972534206
0.0003316946558185106
0.9935842616739172
-0.0010764017054529851
0.000474200112663667
-0.09811362485501683
0.007628986954080452
-0.0010764017054529851
0.7807455365816091
-0.00043124452211494775
-0.00012287119186031397
-0.0002520335416790965
0.000474200112663667
-0.00043124452211494775
0.9958159039142309
0.8746228466372707
-0.009254430980714259
-0.008762696954665193
-0.20183012648690107
-0.012595745202882992
-0.009254430980714259
0.5213499289636312
-0.008991687474209092
0.013158241443968113
0.0047751171396566115
-0.008762696954665193
-0.008991687474209092
0.6130875391786728
0.004474927254315383
-0.1178340063106906
-0.20183012648690107
0.013158241443968113
0.004474927254315383
0.5821315206379503
0.00538462253919212
-0.012595745202882992
0.0047751171396566115
-0.1178340063106906
0.00538462253919212
0.5981629646983704
0.0
0.0
0.0
0.0
0.0
0.0
0.0
0.0
0.0
0.0
0.0
0.0
0.0
0.0
0.0
0.0
0.0
0.0
0.0
0.0
0.0
0.0
0.0
0.0
0.0
0.0
0.0
0.0
0.0
0.0
0.0
0.0
0.0
0.0
0.0
0.0
0.0
0.0
0.0
0.0
0.0
0.0
0.0
0.0
0.0
0.0
0.0
0.0
0.0
0.0
0.9256040068435869
-0.0004758026798739673
-0.0007754822753206475
-0.1276193237400371
0.0010825008487810868
-0.0004758026798739673
0.6922685786854748
-0.00016371386731634153
0.0008148718133066356
0.00010852111380954798
-0.0007754822753206475
-0.00016371386731634153
0.9864169023963738
0.0003054472867703756
0.0018980277393129488
-0.1276193237400371
0.0008148718133066356
0.0003054472867703756
0.7118359853582583
0.0016682354093008026
0.0010825008487810868
0.00010852111380954798
0.0018980277393129488
0.0016682354093008026
0.9913064264951534
0.17825935311529906
0.000498400588228329
-0.000156473604573075
0.10595051487528329
-0.001013368546234199
0.000498400588228329
0.4631330704546612
0.00016180312031827812
0.0007533527651346135
-0.0002453447867379783
-0.000156473604573075
0.00016180312031827812
0.15833577754220696
-4.075650147324663e-05
-0.0009763473071453529
0.10595051487528329
0.0007533527651346135
-4.075650147324663e-05
0.3874182276140732
-0.0016895602540839077
-0.001013368546234199
-0.0002453447867379783
-0.0009763473071453529
-0.0016895602540839077
0.168070943866726
0.5217482225637952
0.007719273632451576
-0.0013205479940298116
0.01805744766218694
0.005275450898817243
0.007719273632451576
0.8709200215114778
0.030322095695788046
0.000664988349442279
0.007560769889283145
-0.0013205479940298116
0.030322095695788046
0.7541265578477718
0.0017260027340655162
-0.001155398392342204
0.01805744766218694
0.000664988349442279
0.0017260027340655162
0.9711664714262944
-0.0006817540809795739
0.005275450898817243
0.007560769889283145
-0.001155398392342204
-0.0006817540809795739
0.5058079769042656
0.3454629345123061
0.00011558743497731287
0.0028674627848097904
-0.015956272170668584
0.005398910564857967
0.00011558743497731287
0.12988481140058974
-0.004666078770274925
-0.00015832281593596793
-0.003073052187126677
0.0028674627848097904
-0.004666078770274925
0.12876225158190713
-0.0005335439286262903
-0.00011844179048934216
-0.015956272170668584
-0.00015832281593596793
-0.0005335439286262903
0.09805886899212457
0.0014866786385023326
0.005398910564857967
-0.003073052187126677
-0.00011844179048934216
0.0014866786385023326
0.37088351458583696
0.0
0.0
0.0
0.0
0.0
0.0
0.0
0.0
0.0
0.0
0.0
0.0
0.0
0.0
0.0
0.0
0.0
0.0
0.0
0.0
0.0
0.0
0.0
0.0
0.0
0.0
0.0
0.0
0.0
0.0
0.0
0.0
0.0
0.0
0.0
0.0
0.0
0.0
0.0
0.0
0.0
0.0
0.0
0.0
0.0
0.0
0.0
0.0
0.0
0.0
0.5697368851940634
-0.004135196630054611
-0.0005939047121026042
0.016662128280320303
-0.0014588829767686877
-0.004135196630054611
0.8074439866847227
0.007895785417813474
-0.0009656550950119959
0.0043130595096775685
-0.0005939047121026042
0.007895785417813474
0.62628167473083
-0.004417765932268427
0.0010383501887070298
0.016662128280320303
-0.0009656550950119959
-0.004417765932268427
0.9788522984872954
-0.007489469914995515
-0.0014588829767686877
0.0043130595096775685
0.0010383501887070298
-0.007489469914995515
0.5178984959581899
0.41815485426935717
-0.00019870100786394476
0.0013989989794096858
-0.014616420917457603
0.0016911062088920048
-0.00019870100786394476
0.1742195758385287
-0.002002226883223306
-0.0006821796116917745
-0.00463249227309896
0.0013989989794096858
-0.002002226883223306
0.18993131436625993
0.0020946443188258877
0.0003132709625600546
-0.014616420917457603
-0.0006821796116917745
0.0020946443188258877
0.1023068631546151
0.0039557394219171425
0.0016911062088920048
-0.00463249227309896
0.0003132709625600546
0.0039557394219171425
0.3948052092039511
0.9251531120215514
0.0039922418198941635
-0.0028457844933802356
0.00876866893415724
0.024161259170589644
0.0039922418198941635
0.9964745990517592
-0.00015824309147842168
0.0006131569294055894
0.0012710112802646629
-0.0028457844933802356
-0.00015824309147842168
0.9990092377439377
0.00032186210416514956
0.00360516367992552
0.00876866893415724
0.0006131569294055894
0.00032186210416514956
0.9934893065365724
-0.0036390955588512133
0.024161259170589644
0.0012710112802646629
0.00360516367992552
-0.0036390955588512133
0.8352438189294034
0.47585106327778093
0.0061356227663332845
-0.0024102040738901496
-0.02082010104660133
-0.010172865996680436
0.0061356227663332845
0.3060587795466612
0.03616434369193275
-0.010092959069449505
0.010720412784506172
-0.0024102040738901496
0.03616434369193275
0.5036825239480125
0.019780386141883922
-0.003683274749094123
-0.02082010104660133
-0.010092959069449505
0.019780386141883922
0.9723600172279286
-0.03871007919367083
-0.010172865996680436
0.010720412784506172
-0.003683274749094123
-0.03871007919367083
0.4236959872875383
0.9370029725049567
-0.02989736585788446
0.00698101244912744
-0.1115271101825398
0.0002520022501475924
-0.02989736585788446
0.6639580066651245
0.00044658541929034707
-0.008174932200238884
0.011844866918516049
0.00698101244912744
0.00044658541929034707
0.9916136691616475
0.011110419603178002
-0.005472366795886211
-0.1115271101825398
-0.008174932200238884
0.011110419603178002
0.7235688670354681
-0.001849925983051272
0.0002520022501475924
0.011844866918516049
-0.005472366795886211
-0.001849925983051272
0.9792788567992963
0.8979050801484099
-0.05222456971541405
-0.035201430384789505
-0.1780327816206345
0.02270696828066305
-0.05222456971541405
0.47972723331415734
0.019037032471851033
-0.020961014161235567
0.004022317947321968
-0.035201430384789505
0.019037032471851033
0.5214599180276855
0.005738697874323427
0.20185602143913817
-0.1780327816206345
-0.020961014161235567
0.005738697874323427
0.5911430493362245
0.0052403519381747895
0.02270696828066305
0.004022317947321968
0.20185602143913817
0.0052403519381747895
0.8596375740333669
0.9361733784289401
-0.0003743435852895868
-0.0034657487328865894
-0.10557122330963188
0.0020576465952632556
-0.0003743435852895868
0.7309335226053255
0.00018484609965846948
0.00020250573492581764
-0.003999449756611672
-0.0034657487328865894
0.00018484609965846948
0.9930915911870126
-0.004645199488802604
1.0838971207639964e-05
-0.10557122330963188
0.00020250573492581764
-0.004645199488802604
0.7602826959472322
0.003409684707596614
0.0020576465952632556
-0.003999449756611672
1.0838971207639964e-05
0.003409684707596614
0.9838386747586009
0.1563365605265426
0.00038169174733140447
-0.00012553191466731773
0.10848689987361326
-0.0019151078922268862
0.00038169174733140447
0.4044211816533003
-4.19559041040926e-05
-0.001198850489957825
0.0023181176533408204
-0.00012553191466731773
-4.19559041040926e-05
0.15083379902172223
0.0036697077297994725
7.898161661859254e-05
0.10848689987361326
-0.001198850489957825
0.0036697077297994725
0.3338444644469128
-0.004918079092135704
-0.0019151078922268862
0.0023181176533408204
7.898161661859254e-05
-0.004918079092135704
0.16879170045871605
0.9414364825620958
0.02946173948469896
0.005377720741965792
-0.10830951727429729
0.0011495841440846116
0.02946173948469896
0.6700079474768431
-0.000955978500031749
0.007594068500889143
0.009971630992726088
0.005377720741965792
-0.000955978500031749
0.9908924924880319
0.008819093113315952
0.005467324493142234
-0.10830951727429729
0.007594068500889143
0.008819093113315952
0.7235349666992231
0.004335669444764992
0.0011495841440846116
0.009971630992726088
0.005467324493142234
0.004335669444764992
0.9826987474165809
0.9012114048868892
0.05278468925685337
-0.030240506876758506
-0.1780753369372668
-0.019150395050104158
0.05278468925685337
0.47653163045576724
-0.01576282511174387
0.023313159240048238
0.004692866613191115
-0.030240506876758506
-0.01576282511174387
0.49340376059414115
0.009895484855981927
-0.19881171890168634
-0.1780753369372668
0.023313159240048238
0.009895484855981927
0.5816936542071923
-0.004149722584142641
-0.019150395050104158
0.004692866613191115
-0.19881171890168634
-0.004149722584142641
0.8718832884592101
0.9522837099610101
-0.0009059800705876296
-0.002827292052101963
-0.08542319598415012
-0.00374290411673412
-0.0009059800705876296
0.746768163045042
-0.0008621372666518659
-0.0012470075973150204
-0.008779636568124093
-0.002827292052101963
-0.0008621372666518659
0.9955420855091213
-0.006215689956299495
-0.0002645627640574279
-0.08542319598415012
-0.0012470075973150204
-0.006215689956299495
0.763940520037732
-0.0065174021819792245
-0.00374290411673412
-0.008779636568124093
-0.0002645627640574279
-0.0065174021819792245
0.9736139468851968
0.9219535872258318
0.0017446931609646312
0.03371230034169077
-0.17860444860819152
0.007254631782953046
0.0017446931609646312
0.4333255433010107
0.0019727711549056555
0.0036640922018865174
-0.0076828584316006475
0.03371230034169077
0.0019727711549056555
0.31534921605388677
-0.009479308921008862
-0.01212015265689721
-0.17860444860819152
0.0036640922018865174
-0.009479308921008862
0.529996079240722
0.02173100397814018
0.007254631782953046
-0.0076828584316006475
-0.01212015265689721
0.02173100397814018
0.9556765882707192
0.9838357543307039
3.6340068294352806e-05
0.0011813270244650483
0.002320472297959952
0.0001446849167294952
3.6340068294352806e-05
0.9939593222001838
0.00023364560121687304
0.0003729359108517822
0.002639615019704157
0.0011813270244650483
0.00023364560121687304
0.9975283359789009
0.00041384038383406957
0.0007918110341395737
0.002320472297959952
0.0003729359108517822
0.00041384038383406957
0.9952150842115508
-0.0009961661822964912
0.0001446849167294952
0.002639615019704157
0.0007918110341395737
-0.0009961661822964912
0.9551053423345229
0.4185344589045772
-0.012898694837044493
-0.004727464718615295
0.05021223446798599
-0.004536726990538683
-0.012898694837044493
0.22181133621720006
0.004152888529931863
-0.04943046233922828
-0.03342977386099547
-0.004727464718615295
0.004152888529931863
0.40892432525835815
-0.03882912660949615
0.012750190623889499
0.05021223446798599
-0.04943046233922828
-0.03882912660949615
0.9772106176314542
-0.028882221187111756
-0.004536726990538683
-0.03342977386099547
0.012750190623889499
-0.028882221187111756
0.36419388053428386
0.9401489750649478
0.0001836866945160365
-0.002183344247537136
0.006766137648616406
0.0027064910971746283
0.0001836866945160365
0.9868664548873678
0.0012201868703419264
1.6218388713378718e-05
0.006054490490285103
-0.002183344247537136
0.0012201868703419264
0.9914521418955726
0.00035708476914599947
-0.0013991905211290293
0.006766137648616406
1.6218388713378718e-05
0.00035708476914599947
0.9915033129147182
-0.005257699524540204
0.0027064910971746283
0.006054490490285103
-0.0013991905211290293
-0.005257699524540204
0.6942457059725384
0.19361060547666348
-0.004840628514499003
0.002140169118526154
-0.01653176773838631
-0.0005269761936954083
-0.004840628514499003
0.11176295460875207
0.0020201646001681835
0.000524669390892097
-0.004770911237379348
0.002140169118526154
0.0020201646001681835
0.10390107812162544
-0.00030821871212376655
0.0014677786861760213
-0.01653176773838631
0.000524669390892097
-0.00030821871212376655
0.0983525001669763
0.002435034281205241
-0.0005269761936954083
-0.004770911237379348
0.0014677786861760213
0.002435034281205241
0.3713251702867134
0.5880028740736767
-0.000158838863305514
-0.002593248872755183
0.021973417543848135
0.0025894452967481153
-0.000158838863305514
0.551612349279049
0.00027943799286604177
-0.008152495105423043
-0.0016881683104072692
-0.002593248872755183
0.00027943799286604177
0.5567327668659845
0.000666429974580073
0.002049318323573909
0.021973417543848135
-0.008152495105423043
0.000666429974580073
0.9564139840330899
0.0006185185036362182
0.0025894452967481153
-0.0016881683104072692
0.002049318323573909
0.0006185185036362182
0.5365178714498272
0.49055806959757586
0.000284957018830944
-0.009204116502282254
-0.03087991879974854
0.0053327041805082236
0.000284957018830944
0.3843483886503333
-0.011396215636991974
0.003752019300666606
-0.026944607969840557
-0.009204116502282254
-0.011396215636991974
0.36349522995476935
-0.0016604658529434026
0.0010133085847678703
-0.03087991879974854
0.003752019300666606
-0.0016604658529434026
0.12305252875494438
-0.005150981821332902
0.0053327041805082236
-0.026944607969840557
0.0010133085847678703
-0.005150981821332902
0.41314831028444365
0.9547847701830985
0.0005301532294778267
0.00044322392902439026
0.005699515898923221
-0.008897190728270039
0.0005301532294778267
0.9900514671494963
-0.0011023098601976485
-7.65912752185189e-05
0.007914503716163123
0.00044322392902439026
-0.0011023098601976485
0.9940976187106849
0.0007147175041016896
0.0017610098713557423
0.005699515898923221
-7.65912752185189e-05
0.0007147175041016896
0.9915732116649467
0.005113117229006209
-0.008897190728270039
0.007914503716163123
0.0017610098713557423
0.005113117229006209
0.6864347759510654
0.1773566301874508
0.0025717782755557933
0.003091602166573743
-0.01563370041117965
0.003069770682646213
0.0025717782755557933
0.109798371761856
-0.00256817678301218
-0.00042226868114197806
-0.005353965273917918
0.003091602166573743
-0.00256817678301218
0.09574303471121524
-0.0013206370873832486
-0.0011639993151932096
-0.01563370041117965
-0.00042226868114197806
-0.0013206370873832486
0.09766798338464004
-0.0028561953266995226
0.003069770682646213
-0.005353965273917918
-0.0011639993151932096
-0.0028561953266995226
0.3655366519299583
0.9603727807336158
0.004214018156758124
0.002092932785096328
-0.07618049347154911
-0.003715754686163709
0.004214018156758124
0.6793166778996207
-0.0023679125413721956
0.01872180588831328
0.0037615708335473775
0.002092932785096328
-0.0023679125413721956
0.9967967055997707
0.0026526382385971825
0.0014811859494748153
-0.07618049347154911
0.01872180588831328
0.0026526382385971825
0.7558823843118659
-0.011577208422204803
-0.003715754686163709
0.0037615708335473775
0.0014811859494748153
-0.011577208422204803
0.9890220490764127
0.9305222981510404
-0.02107759823929217
-0.07297806225730727
-0.13193560190755524
-0.031358816161923264
-0.02107759823929217
0.4957492086492517
-0.006621992814552021
0.002933425520607547
0.009383267140068792
-0.07297806225730727
-0.006621992814552021
0.3693884452155783
0.01751830112707703
-0.10465420471129745
-0.13193560190755524
0.002933425520607547
0.01751830112707703
0.5790450410821084
0.0033293392136944733
-0.031358816161923264
0.009383267140068792
-0.10465420471129745
0.0033293392136944733
0.8416050035091321
0.9553299726005646
-0.01803958299009442
-0.0012445979567282336
-0.08343558465792915
0.004965966562079845
-0.01803958299009442
0.7447468596508787
0.006173685656302247
0.021824065659896086
0.0007980116266981016
-0.0012445979567282336
0.006173685656302247
0.9914198753890057
-0.005053305681951606
0.0033498809240603885
-0.08343558465792915
0.021824065659896086
-0.005053305681951606
0.8016355674002069
0.010231836723051162
0.004965966562079845
0.0007980116266981016
0.0033498809240603885
0.010231836723051162
0.9863182450631773
0.14369016321655137
0.024226605497142215
-0.00048171338553164344
0.08876596451322107
-0.004807880893991355
0.024226605497142215
0.3604306382434926
-0.005496199289152878
-0.02530099275143013
-0.0013352029034139708
-0.00048171338553164344
-0.005496199289152878
0.12530496432816032
-0.0008655630472405055
0.0028924182906138306
0.08876596451322107
-0.02530099275143013
-0.0008655630472405055
0.3216056198185395
-0.009009581120535322
-0.004807880893991355
-0.0013352029034139708
0.0028924182906138306
-0.009009581120535322
0.1299558161051685
0.9632235340227377
-0.011394475014933916
0.002082085022863713
-0.07272317476740539
0.0019615567895041397
-0.011394475014933916
0.6902576480730755
0.0013697626679937459
-0.01708475495682696
0.0015804423547437715
0.002082085022863713
0.0013697626679937459
0.9969171166521157
0.004408850529604855
-0.0015823972731917784
-0.07272317476740539
-0.01708475495682696
0.004408850529604855
0.7523951241836613
0.007224099206586211
0.0019615567895041397
0.0015804423547437715
-0.0015823972731917784
0.007224099206586211
0.9894987586626707
0.9441029404381451
0.01327151326475376
-0.03942062684161077
-0.12444715631270929
0.018876326674724744
0.01327151326475376
0.48367887919791674
0.005487073987079427
0.002922070689382172
0.0022092465069245746
-0.03942062684161077
0.005487073987079427
0.31563072641347856
0.0031374348537403195
0.08521800411055991
-0.12444715631270929
0.002922070689382172
0.0031374348537403195
0.5808533891599537
-0.004879148750665169
0.018876326674724744
0.0022092465069245746
0.08521800411055991
-0.004879148750665169
0.8684483805939559
0.6322292105281669
0.0023694542782530794
-0.03017945636618714
-0.03772391381532147
0.007444627699031848
0.0023694542782530794
0.6036323971186102
-0.004713952471973841
0.005744310237280552
0.005521952120710257
-0.03017945636618714
-0.004713952471973841
0.718749096281919
-0.0048796998759565976
0.02189117748378747
-0.03772391381532147
0.005744310237280552
-0.0048796998759565976
0.6080428863589081
0.0007419994544027045
0.007444627699031848
0.005521952120710257
0.02189117748378747
0.0007419994544027045
0.6819472116843602
0.28394589428267814
-0.0020439931764463324
0.006210184296489206
0.05684684074258543
-0.0010246545654396585
-0.0020439931764463324
0.4995623554407497
0.011502480490050296
0.011832467348582686
-0.007364119869630626
0.006210184296489206
0.011502480490050296
0.22745523034908693
-0.0014571794503658918
-0.0040648432546034775
0.05684684074258543
0.011832467348582686
-0.0014571794503658918
0.42429476963286566
0.004585759113034491
-0.0010246545654396585
-0.007364119869630626
-0.0040648432546034775
0.004585759113034491
0.25454862620775104
0.0
0.0
0.0
0.0
0.0
0.0
0.0
0.0
0.0
0.0
0.0
0.0
0.0
0.0
0.0
0.0
0.0
0.0
0.0
0.0
0.0
0.0
0.0
0.0
0.0
0.0
0.0
0.0
0.0
0.0
0.0
0.0
0.0
0.0
0.0
0.0
0.0
0.0
0.0
0.0
0.0
0.0
0.0
0.0
0.0
0.0
0.0
0.0
0.0
0.0
0.0
0.0
0.0
0.0
0.0
0.0
0.0
0.0
0.0
0.0
0.0
0.0
0.0
0.0
0.0
0.0
0.0
0.0
0.0
0.0
0.0
0.0
0.0
0.0
0.0
0.0
0.0
0.0
0.0
0.0
0.0
0.0
0.0
0.0
0.0
0.0
0.0
0.0
0.0
0.0
0.0
0.0
0.0
0.0
0.0
0.0
0.0
0.0
0.0
0.0
0.0
0.0
0.0
0.0
0.0
0.0
0.0
0.0
0.0
0.0
0.0
0.0
0.0
0.0
0.0
0.0
0.0
0.0
0.0
0.0
0.0
0.0
0.0
0.0
0.0
0.0
0.0
0.0
0.0
0.0
0.0
0.0
0.0
0.0
0.0
0.0
0.0
0.0
0.0
0.0
0.0
0.0
0.0
0.0
0.0
0.0
0.0
0.0
0.0
0.0
0.0
0.0
0.0
0.0
0.0
0.0
0.0
0.0
0.0
0.0
0.0
0.0
0.0
0.0
0.0
0.0
0.0
0.0
0.0
0.0
0.0
0.0
0.0
0.0
0.0
0.0
0.0
0.0
0.0
0.0
0.0
0.0
0.0
0.0
0.0
0.0
0.0
0.0
0.0
0.0
0.0
0.0
0.0
0.0
0.0
0.0
0.0
0.0
0.0
0.0
0.0
0.0
0.0
0.0
0.0
0.0
0.0
0.0
0.0
0.0
0.0
0.0
0.0
0.0
0.0
0.0
0.0
0.0
0.0
0.0
0.0
0.0
0.0
0.0
0.0
0.0
0.0
0.0
0.0
0.0
0.0
0.0
0.0
0.0
0.0
0.0
0.0
0.0
0.0
0.0
0.0
0.0
0.0
0.0
0.0
0.0
0.0
0.0
0.0
0.0
0.0
0.0
0.0
0.0
0.0
0.0
0.0
0.0
0.0
0.0
0.0
0.0
0.0
0.0
0.0
0.0
0.0
0.0
0.0
0.0
0.0
0.0
0.0
0.0
0.0
0.0
0.0
0.0
0.0
0.0
0.0
0.0
0.0
0.0
0.0
0.0
0.0
0.0
0.0
0.0
0.0
0.0
0.0
0.0
0.0
0.0
0.0
0.0
0.0
0.0
0.0
0.0
0.0
0.0
0.0
0.0
0.0
0.0
0.0
0.0
0.0
0.0
0.0
0.0
0.0
0.0
0.0
0.0
0.0
0.0
0.0
0.0
0.0
0.0
0.0
0.0
0.0
0.0
0.0
0.0
0.0
0.0
0.0
0.0
0.0
0.0
0.0
0.0
0.0
0.0
0.0
0.0
0.0
0.0
0.0
0.0
0.0
0.0
0.0
0.0
0.0
0.0
0.0
0.0
0.0
0.0
0.0
0.0
0.0
0.0
0.0
0.0
0.0
0.0
0.0
0.0
0.0
0.0
0.0
0.0
0.0
0.0
0.0
0.0
0.0
0.0
0.0
0.0
0.0
0.0
0.0
0.0
0.0
0.0
0.0
0.0
0.0
0.0
0.0
0.0
0.0
0.0
0.0
0.0
0.0
0.0
0.0
0.0
0.0
0.0
0.0
0.0
0.0
0.0
0.0
0.0
0.0
0.0
0.0
0.0
0.0
0.0
0.0
0.0
0.0
0.0
0.0
0.0
0.0
0.0
0.0
0.0
0.0
0.0
0.0
0.0
0.0
0.0
0.0
0.0
0.0
0.0
0.0
0.0
0.0
0.0
0.0
0.0
0.0
0.0
0.0
0.0
0.0
0.0
0.0
0.0
0.0
0.0
0.0
0.0
0.0
0.0
0.0
0.0
0.0
0.0
0.0
0.0
0.0
0.0
0.0
0.0
0.0
0.0
0.0
0.0
0.0
0.0
0.0
0.0
0.0
0.0
0.0
0.0
0.0
0.0
0.0
0.0
0.0
0.0
0.0
0.0
0.0
0.0
0.0
0.0
0.0
0.0
0.0
0.0
0.0
0.0
0.0
0.0
0.0
0.0
0.0
0.0
0.0
0.0
0.0
0.0
0.0
0.0
0.0
0.0
0.0
0.0
0.0
0.0
0.0
0.0
0.0
0.0
0.0
0.0
0.0
0.0
0.0
0.0
0.0
0.0
0.0
0.0
0.0
0.0
0.0
0.0
0.0
0.0
0.0
0.0
0.0
0.0
0.0
0.0
0.0
0.0
0.0
0.0
0.0
0.0
0.0
0.0
0.0
0.0
0.0
0.0
0.0
0.0
0.0
0.0
0.0
0.0
0.0
0.0
0.0
0.0
0.0
0.0
0.0
0.0
0.0
0.0
0.0
0.0
0.0
0.0
0.0
0.0
0.0
0.0
0.0
0.0
0.0
0.0
0.0
0.0
0.0
0.0
0.0
0.0
0.0
0.0
0.0
0.0
0.0
0.0
0.0
0.0
0.0
0.0
0.0
0.0
0.0
0.0
0.0
0.0
0.0
0.0
0.0
0.0
0.0
0.0
0.0
0.0
0.0
0.0
0.0
0.0
0.0
0.0
0.0
0.0
0.0
0.0
0.0
0.0
0.0
0.0
0.0
0.0
0.0
0.0
0.0
0.0
0.0
0.0
0.0
0.0
0.0
0.0
0.0
0.0
0.0
0.0
0.0
0.0
0.0
0.0
0.0
0.0
0.0
0.0
0.0
0.0
0.0
0.0
0.0
0.0
0.0
0.0
0.0
0.0
0.0
0.0
0.0
0.0
0.0
0.0
0.0
0.0
0.0
0.0
0.0
0.0
0.0
0.0
0.0
0.0
0.0
0.0
0.0
0.0
0.0
0.0
0.0
0.0
0.0
0.0
0.0
0.0
0.0
0.0
0.0
0.0
0.0
0.0
0.0
0.0
0.0
0.0
0.0
0.0
0.0
0.0
0.0
0.0
0.0
0.0
0.0
0.0
0.0
0.0
0.0
0.0
0.0
0.0
0.0
0.0
0.0
0.0
0.0
0.0
0.0
0.0
0.0
0.0
0.0
0.0
0.0
0.0
0.0
0.0
0.0
0.0
0.0
0.0
0.0
0.0
0.0
0.0
0.0
0.0
0.0
0.0
0.0
0.0
0.0
0.0
0.0
0.0
0.0
0.0
0.0
0.0
0.0
0.0
0.0
0.0
0.0
0.0
0.0
0.0
0.0
0.0
0.0
0.0
0.0
0.0
0.0
0.0
0.0
0.0
0.0
0.0
0.0
0.0
0.0
0.0
0.0
0.0
0.0
0.0
0.0
0.0
0.0
0.0
0.0
0.0
0.0
0.0
0.0
0.0
0.0
0.0
0.0
0.0
0.0
0.0
0.0
0.0
0.0
0.0
0.0
0.0
0.0
0.0
0.0
0.0
0.0
0.0
0.0
0.0
0.0
0.0
0.0
0.0
0.0
0.0
0.0
0.0
0.0
0.0
0.0
0.0
0.0
0.0
0.0
0.0
0.0
0.0
0.0
0.0
0.0
0.0
0.0
0.0
0.0
0.0
0.0
0.0
0.0
0.0
0.0
0.0
0.0
0.0
0.0
0.0
0.0
0.0
0.0
0.0
0.0
0.0
0.0
0.0
0.0
0.0
0.0
0.0
0.0
0.0
0.0
0.0
0.0
0.0
0.0
0.0
0.0
0.0
0.0
0.0
0.0
0.0
0.0
0.0
0.0
0.0
0.0
0.0
0.0
0.0
0.0
0.0
0.0
0.0
0.0
0.0
0.0
0.0
0.0
0.0
0.0
0.0
0.0
0.0
0.0
0.0
0.0
0.0
0.0
0.0
0.0
0.0
0.0
0.0
0.0
0.0
0.0
0.0
0.0
0.0
0.0
0.0
0.0
0.0
0.0
0.0
0.0
0.0
0.0
0.0
0.0
0.0
0.0
0.0
0.0
0.0
0.0
0.0
0.0
0.0
0.0
0.0
0.0
0.0
0.0
0.0
0.0
0.0
0.0
0.0
0.0
0.0
0.0
0.0
0.0
0.0
0.0
0.0
0.0
0.0
0.0
0.0
0.0
0.0
0.0
0.0
0.0
0.0
0.0
0.0
0.0
0.0
0.0
0.0
0.0
0.0
0.0
0.0
0.0
0.0
0.0
0.0
0.0
0.0
0.0
0.0
0.0
0.0
0.0
0.0
0.0
0.0
0.0
0.0
0.0
0.0
0.0
0.0
0.0
0.0
0.0
0.0
0.0
0.0
0.0
0.0
0.0
0.0
0.0
0.0
0.0
0.0
0.0
0.0
0.0
0.0
0.0
0.0
0.0
0.0
0.0
0.0
0.0
0.0
0.0
0.0
0.0
0.0
0.0
0.0
0.0
0.0
0.0
0.0
0.0
0.0
0.0
0.0
0.0
0.0
0.0
0.0
0.0
0.0
0.0
0.0
0.0
0.0
0.0
0.0
0.0
0.0
0.0
0.0
0.0
0.0
0.0
0.0
0.0
0.0
0.0
0.0
0.0
0.0
0.0
0.0
0.0
0.0
0.0
0.0
0.0
0.0
0.0
0.0
0.0
0.0
0.0
0.0
0.0
0.0
0.0
0.0
0.0
0.0
0.0
0.0
0.0
0.0
0.0
0.0
0.0
0.0
0.0
0.0
0.0
0.0
0.0
0.0
0.0
0.0
0.0
0.0
0.0
0.0
0.0
0.0
0.0
0.0
0.0
0.0
0.0
0.0
0.0
0.0
0.0
0.0
0.0
0.0
0.0
0.0
0.0
0.0
0.0
0.0
0.0
0.0
0.0
0.0
0.0
0.0
0.0
0.0
0.0
0.0
0.0
0.0
0.0
0.0
0.0
0.0
0.0
0.0
0.0
0.0
0.0
0.0
0.0
0.0
0.0
0.0
0.0
0.0
0.0
0.0
0.0
0.0
0.0
0.0
0.0
0.0
0.0
0.0
0.0
0.0
0.0
0.0
0.0
0.0
0.0
0.0
0.0
0.0
0.0
0.0
0.0
0.0
0.0
0.0
0.0
0.0
0.0
0.0
0.0
0.0
0.0
0.0
0.0
0.0
0.0
0.0
0.0
0.0
0.0
0.0
0.0
0.0
0.0
0.0
0.0
0.0
0.0
0.0
0.0
0.0
0.0
0.0
0.0
0.0
0.0
0.0
0.0
0.0
0.0
0.0
0.0
0.0
0.0
0.0
0.0
0.0
0.0
0.0
0.0
0.0
0.0
0.0
0.0
0.0
0.0
0.0
0.0
0.0
0.0
0.0
0.0
0.0
0.0
0.0
0.0
0.0
0.0
0.0
0.0
0.0
0.0
0.0
0.0
0.0
0.0
0.0
0.0
0.0
0.0
0.0
0.0
0.0
0.0
0.0
0.0
0.0
0.0
0.0
0.0
0.0
0.0
0.0
0.0
0.0
0.0
0.0
0.0
0.0
0.0
0.0
0.0
0.0
0.0
0.0
0.0
0.0
0.0
0.0
0.0
0.0
0.0
0.0
0.0
0.0
0.0
0.0
0.0
0.0
0.0
0.0
0.0
0.0
0.0
0.0
0.0
0.0
0.0
0.0
0.0
0.0
0.0
0.0
0.0
0.0
0.0
0.0
0.0
0.0
0.0
0.0
0.0
0.0
0.0
0.0
0.0
0.0
0.0
0.0
0.0
0.0
0.0
0.0
0.0
0.0
0.0
0.0
0.0
0.0
0.0
0.0
0.0
0.0
0.0
0.0
0.0
0.0
0.0
0.0
0.0
0.0
0.0
0.0
0.0
0.0
0.0
0.0
0.0
0.0
0.0
0.0
0.0
0.0
0.0
0.0
0.0
0.0
0.0
0.0
0.0
0.0
0.0
0.0
0.0
0.0
0.0
0.0
0.0
0.0
0.0
0.0
0.0
0.0
0.0
0.0
0.0
0.0
0.0
0.0
0.0
0.0
0.0
0.0
0.0
0.0
0.0
0.0
0.0
0.0
0.0
0.0
0.0
0.0
0.0
0.0
0.0
0.0
0.0
0.0
0.0
0.0
0.0
0.0
0.0
0.0
0.0
0.0
0.0
0.0
0.0
0.0
0.0
0.0
0.0
0.0
0.0
0.0
0.0
0.0
0.0
0.0
0.0
0.0
0.0
0.0
0.0
0.0
0.0
0.0
0.0
0.0
0.0
0.0
0.0
0.0
0.0
0.0
0.0
0.0
0.0
0.0
0.0
0.0
0.0
0.0
0.0
0.0
0.0
0.0
0.0
0.0
0.0
0.0
0.0
0.0
0.0
0.0
0.0
0.0
0.0
0.0
0.0
0.0
0.0
0.0
0.0
0.0
0.0
0.0
0.0
0.0
0.0
0.0
0.0
0.0
0.0
0.0
0.0
0.0
0.0
0.0
0.0
0.0
0.0
0.0
0.0
0.0
0.0
0.0
0.0
0.0
0.0
0.0
0.0
0.0
0.0
0.0
0.0
0.0
0.0
0.0
0.0
0.0
0.0
0.0
0.0
0.0
0.0
0.0
0.0
0.0
0.0
0.0
0.0
0.0
0.0
0.0
0.0
0.0
0.0
0.0
0.0
0.0
0.0
0.0
0.0
0.0
0.0
0.0
0.0
0.0
0.0
0.0
0.0
0.0
0.0
0.0
0.0
0.0
0.0
0.0
0.0
0.0
0.0
0.0
0.0
0.0
0.0
0.0
0.0
0.0
0.0
0.0
0.0
0.0
0.0
0.0
0.0
0.0
0.0
0.0
0.0
0.0
0.0
0.0
0.0
0.0
0.0
0.0
0.0
0.0
0.0
0.0
0.0
0.0
0.0
0.0
0.0
0.0
0.0
0.0
0.0
0.0
0.0
0.0
0.0
0.0
0.0
0.0
0.0
0.0
0.0
0.0
0.0
0.0
0.0
0.0
0.0
0.0
0.0
0.0
0.0
0.0
0.0
0.0
0.0
0.0
0.0
0.0
0.0
0.0
0.0
0.0
0.0
0.0
0.0
0.0
0.0
0.0
0.0
0.0
0.0
0.0
0.0
0.0
0.0
0.0
0.0
0.0
0.0
0.0
0.0
0.0
0.0
0.0
0.0
0.0
0.0
0.0
0.0
0.0
0.0
0.0
0.0
0.0
0.0
0.0
0.0
0.0
0.0
0.0
0.0
0.0
0.0
0.0
0.0
0.0
0.0
0.0
0.0
0.0
0.0
0.0
0.0
0.0
0.0
0.0
0.0
0.0
0.0
0.0
0.0
0.0
0.0
0.0
0.0
0.0
0.0
0.0
0.0
0.0
0.0
0.0
0.0
0.0
0.0
0.0
0.0
0.0
0.0
0.0
0.0
0.0
0.0
0.0
0.0
0.0
0.0
0.0
0.0
0.0
0.0
0.0
0.0
0.0
0.0
0.0
0.0
0.0
0.0
0.0
0.0
0.0
0.0
0.0
0.0
0.0
0.0
0.0
0.0
0.0
0.0
0.0
0.0
0.0
0.0
0.0
0.0
0.0
0.0
0.0
0.0
0.0
0.0
0.0
0.0
0.0
0.0
0.0
0.0
0.0
0.0
0.0
0.0
0.0
0.0
0.0
0.0
0.0
0.0
0.0
0.0
0.0
0.0
0.0
0.0
0.0
0.0
0.0
0.0
0.0
0.0
0.0
0.0
0.0
0.0
0.0
0.0
0.0
0.0
0.0
0.0
0.0
0.0
0.0
0.0
0.0
0.0
0.0
0.0
0.0
0.0
0.0
0.0
0.0
0.0
0.0
0.0
0.0
0.0
0.0
0.0
0.0
0.0
0.0
0.0
0.0
0.0
0.0
0.0
0.0
0.0
0.0
0.0
0.0
0.0
0.0
0.0
0.0
0.0
0.0
0.0
0.0
0.0
0.0
0.0
0.0
0.0
0.0
0.0
0.0
0.0
0.0
0.0
0.0
0.0
0.0
0.0
0.0
0.0
0.0
0.0
0.0
0.0
0.0
0.0
0.0
0.0
0.0
0.0
0.0
0.0
0.0
0.0
0.0
0.0
0.0
0.0
0.0
0.0
0.0
0.0
0.0
0.0
0.0
0.0
0.0
0.0
0.0
0.0
0.0
0.0
0.0
0.0
0.0
0.0
0.0
0.0
0.0
0.0
0.0
0.0
0.0
0.0
0.0
0.0
0.0
0.0
0.0
0.0
0.0
0.0
0.0
0.0
0.0
0.0
0.0
0.0
0.0
0.0
0.0
0.0
0.0
0.0
0.0
0.0
0.0
0.0
0.0
0.0
0.0
0.0
0.0
0.0
0.0
0.0
0.0
0.0
0.0
0.0
0.0
0.0
0.0
0.0
0.0
0.0
0.0
0.0
0.0
0.0
0.0
0.0
0.0
0.0
0.0
0.0
0.0
0.0
0.0
0.0
0.0
0.0
0.0
0.0
0.0
0.0
0.0
0.0
0.0
0.0
0.0
0.0
0.0
0.0
0.0
0.0
0.0
0.0
0.0
0.0
0.0
0.0
0.0
0.0
0.0
0.0
0.0
0.0
0.0
0.0
0.0
0.0
0.0
0.0
0.0
0.0
0.0
0.0
0.0
0.0
0.0
0.0
0.0
0.0
0.0
0.0
0.0
0.0
0.0
0.0
0.0
0.0
0.0
0.0
0.0
0.0
0.0
0.0
0.0
0.0
0.0
0.0
0.0
0.0
0.0
0.0
0.0
0.0
0.0
0.0
0.0
0.0
0.0
0.0
0.0
0.0
0.0
0.0
0.0
0.0
0.0
0.0
0.0
0.0
0.0
0.0
0.0
0.0
0.0
0.0
0.0
0.0
0.0
0.0
0.0
0.0
0.0
0.0
0.0
0.0
0.0
0.0
0.0
0.0
0.0
0.0
0.0
0.0
0.0
0.0
0.0
0.0
0.0
0.0
0.0
0.0
0.0
0.0
0.0
0.0
0.0
0.0
0.0
0.0
0.0
0.0
0.0
0.0
0.0
0.0
0.0
0.0
0.0
0.0
0.0
0.0
0.0
0.0
0.0
0.0
0.0
0.0
0.0
0.0
0.0
0.0
0.0
0.0
0.0
0.0
0.0
0.0
0.0
0.0
0.0
0.0
0.0
0.0
0.0
0.0
0.0
0.0
0.0
0.0
0.0
0.0
0.0
0.0
0.0
0.0
0.0
0.0
0.0
0.0
0.0
0.0
0.0
0.0
0.0
0.0
0.0
0.0
0.0
0.0
0.0
0.0
0.0
0.0
0.0
0.0
0.0
0.0
0.0
0.0
0.0
0.0
0.0
0.0
0.0
0.0
0.0
0.0
0.0
0.0
0.0
0.0
0.0
0.0
0.0
0.0
0.0
0.0
0.0
0.0
0.0
0.0
0.0
0.0
0.0
0.0
0.0
0.0
0.0
0.0
0.0
0.0
0.0
0.0
0.0
0.0
0.0
0.0
0.0
0.0
0.0
0.0
0.0
0.0
0.0
0.0
0.0
0.0
0.0
0.0
0.0
0.0
0.0
0.0
0.0
0.0
0.0
0.0
0.0
0.0
0.0
0.0
0.0
0.0
0.0
0.0
0.0
0.0
0.0
0.0
0.0
0.0
0.0
0.0
0.0
0.0
0.0
0.0
0.0
0.0
0.0
0.0
0.0
0.0
0.0
0.0
0.0
0.0
0.0
0.0
0.0
0.0
0.0
0.0
0.0
0.0
0.0
0.0
0.0
0.0
0.0
0.0
0.0
0.0
0.0
0.0
0.0
0.0
0.0
0.0
0.0
0.0
0.0
0.0
0.0
0.0
0.0
0.0
0.0
0.0
0.0
0.0
0.0
0.0
0.0
0.0
0.0
0.0
0.0
0.0
0.0
0.0
0.0
0.0
0.0
0.0
0.0
0.0
0.0
0.0
0.0
0.0
0.0
0.0
0.0
0.0
0.0
0.0
0.0
0.0
0.0
0.0
0.0
0.0
0.0
0.0
0.0
0.0
0.0
0.0
0.0
0.0
0.0
0.0
0.0
0.0
0.0
0.0
0.0
0.0
0.0
0.0
0.0
0.0
0.0
0.0
0.0
0.0
0.0
0.0
0.0
0.0
0.0
0.0
0.0
0.0
0.0
0.0
0.0
0.0
0.0
0.0
0.0
0.0
0.0
0.0
0.0
0.0
0.0
0.0
0.0
0.0
0.0
0.0
0.0
0.0
0.0
0.0
0.0
0.0
0.0
0.0
0.0
0.0
0.0
0.0
0.0
0.0
0.0
0.0
0.0
0.0
0.0
0.0
0.0
0.0
0.0
0.0
0.0
0.0
0.0
0.0
0.0
0.0
0.0
0.0
0.0
0.0
0.0
0.0
0.0
0.0
0.0
0.0
0.0
0.0
0.0
0.0
0.0
0.0
0.0
0.0
0.0
0.0
0.0
0.0
0.0
0.0
0.0
0.0
0.0
0.0
0.0
0.0
0.0
0.0
0.0
0.0
0.0
0.0
0.0
0.0
0.0
0.0
0.0
0.0
0.0
0.0
0.0
0.0
0.0
0.0
0.0
0.0
0.0
0.0
0.0
0.0
0.0
0.0
0.0
0.0
0.0
0.0
0.0
0.0
0.0
0.0
0.0
0.0
0.0
0.0
0.0
0.0
0.0
0.0
0.0
0.0
0.0
0.0
0.0
0.0
0.0
0.0
0.0
0.0
0.0
0.0
0.0
0.0
0.0
0.0
0.0
0.0
0.0
0.0
0.0
0.0
0.0
0.0
0.0
0.0
0.0
0.0
0.0
0.0
0.0
0.0
0.0
0.0
0.0
0.0
0.0
0.0
0.0
0.0
0.0
0.0
0.0
0.0
0.0
0.0
0.0
0.0
0.0
0.0
0.0
0.0
0.0
0.0
0.0
0.0
0.0
0.0
0.0
0.0
0.0
0.0
0.0
0.0
0.0
0.0
0.0
0.0
0.0
0.0
0.0
0.0
0.0
0.0
0.0
0.0
0.0
0.0
0.0
0.0
0.0
0.0
0.0
