&CONTROL
  restart_mode = 'from_scratch'
  calculation = 'scf'
  prefix = 'slab_c5low__pa_boundary'
  outdir = '/anvil/projects/x-che260157/sts_pa_fixed_geometry_diag_2026-10-05/runs/C1_warm_1e-6/outdir'
  pseudo_dir = '/anvil/projects/x-che260157/sts_pa_catalyst_retest_2026-10-04/trial_results/common_pseudo'
  tprnfor = .true.
  forc_conv_thr = 2.0d-3
  nstep = 30
  max_seconds = 7080
/
&SYSTEM
  ibrav = 0
  nat = 72
  ntyp = 5
  ecutwfc = 80.0
  ecutrho = 640.0
  occupations = 'smearing'
  smearing = 'mv'
  degauss = 0.01
  nosym = .true.
  noinv = .true.
  nspin = 2
  starting_magnetization(1) = 0.4
  starting_magnetization(2) = 0.6
  starting_magnetization(3) = 0.2
  starting_magnetization(4) = 0.5
  starting_magnetization(5) = 0.0
/
&ELECTRONS
  conv_thr = 1.0d-6
  mixing_mode = 'local-TF'
  mixing_beta = 0.3
  startingwfc = 'file'
  startingpot = 'file'
  electron_maxstep = 300
/
&IONS
  ion_dynamics = 'bfgs'
/
ATOMIC_SPECIES
  Co  58.933  Co_pbe_v1.2.uspp.F.UPF
  Cr  51.996  cr_pbe_v1.5.uspp.F.UPF
  Cu  63.546  Cu.paw.z_11.ld1.psl.v1.0.0-low.upf
  Mn  54.938  mn_pbe_v1.5.uspp.F.UPF
  O  15.999  O.pbe-n-kjpaw_psl.0.1.UPF
CELL_PARAMETERS angstrom
  5.868293765917553  0.0  3.593293588443649e-16
  2.016042504137234e-15  12.536621535320224  7.676466717675844e-16
  0.0  0.0  25.073243070640455
ATOMIC_POSITIONS bohr
  Cr 0 2.9613476537016838 17.768085922399081 0 0 0
  Co 2.7337649355124901e-31 14.806738268697391 17.768085922399081 0 0 0
  Mn 5.5447340182943732 2.9613476537016838 17.768085922399081 0 0 0
  Cu 5.5447340182943732 14.806738268697391 17.768085922399081 0 0 0
  Mn 2.772367009147187 8.8840429611050524 17.768085922399081 0 0 0
  Cr 2.772367009147187 20.72943357610076 17.768085922399081 0 0 0
  Cu 8.3171010272525869 8.8840429611050524 17.768085922399081 0 0 0
  Mn 8.3171010272525869 20.72943357610076 17.768085922399081 0 0 0
  Mn 0.0076865361693770288 8.9115040724620389 23.791615833325501 1 1 1
  Mn -0.01529506179527546 20.68885580828924 23.81783219642351 1 1 1
  Cr 5.5719003793159434 8.9099080635557186 23.779262481056701 1 1 1
  Co 5.5249324007895986 20.681440641678119 23.848715272609908 1 1 1
  Co 2.730050573987985 2.8813467773534498 23.688470535791421 1 1 1
  Cr 2.8932462955060858 14.841856417722161 23.63104891763156 1 1 1
  Mn 8.3477287235896576 2.929239761543557 23.696450937661961 1 1 1
  Co 8.2989213512463973 14.855631229814399 23.689012119604079 1 1 1
  Mn -0.010786809302505661 2.9977013177415239 29.850916130781439 1 1 1
  Cr 0.0074667449867994113 14.792566685934061 29.419302357821319 1 1 1
  Cr 5.5101237292455423 3.0090065705619331 29.449377586851728 1 1 1
  Co 5.5554846041707426 14.78186111936634 29.783749237563981 1 1 1
  Co 2.7703549398123908 8.9650847492287316 29.860952990308299 1 1 1
  Co 2.7833126585620751 20.697091798976661 30.101931392252059 1 1 1
  Co 8.3135362755010416 8.9203492554923187 29.989770824521191 1 1 1
  Mn 8.3273138814614747 20.699679924441 29.823109771255648 1 1 1
  O 0 8.8840429611050524 20.077937092320411 0 0 0
  O -5.4675298710249803e-31 20.72943357610076 20.077937092320411 0 0 0
  O 5.5447340182943732 8.8840429611050524 20.077937092320411 0 0 0
  O 5.5447340182943732 20.72943357610076 20.077937092320401 0 0 0
  O 0 8.8840429611050524 15.45823475247775 0 0 0
  O -5.4675298710249803e-31 20.72943357610076 15.45823475247775 0 0 0
  O 5.5447340182943732 8.8840429611050524 15.45823475247775 0 0 0
  O 5.5447340182943732 20.72943357610076 15.45823475247775 0 0 0
  O 2.772367009147187 0.65149648378035541 17.768085922399081 0 0 0
  O 2.772367009147187 12.49688709877606 17.768085922399081 0 0 0
  O 8.3171010272525869 0.65149648378035541 17.768085922399081 0 0 0
  O 8.3171010272525869 12.49688709877606 17.768085922399081 0 0 0
  O 2.772367009147187 5.2711988236230134 17.768085922399081 0 0 0
  O 2.772367009147187 17.116589438618721 17.768085922399081 0 0 0
  O 8.3171010272525869 5.2711988236230134 17.768085922399081 0 0 0
  O 8.3171010272525869 17.116589438618721 17.768085922399081 0 0 0
  O 0.033379359234207442 2.9386426671215489 26.046394219303352 1 1 1
  O 0.01403803705872103 14.792385660445429 26.174872648682008 1 1 1
  O 5.5431324362956849 3.0020846772788579 26.18713905439888 1 1 1
  O 5.5985307519194496 14.750939522964179 25.99583176470189 1 1 1
  O 0 2.9613476537016838 21.38093005988112 0 0 0
  O 2.7337649355124901e-31 14.806738268697391 21.38093005988112 0 0 0
  O 5.5447340182943732 2.9613476537016838 21.38093005988112 0 0 0
  O 5.5447340182943732 14.806738268697391 21.38093005988112 0 0 0
  O 2.790754173529634 6.5771153913812714 23.76831155500243 1 1 1
  O 2.7784162519294648 18.369661596720459 23.815030752071252 1 1 1
  O 8.3496838947798278 6.5755779185813976 23.81540563075469 1 1 1
  O 8.2685483173071432 18.353496941388141 23.811959068028109 1 1 1
  O 2.7661982776760188 11.243642321903559 23.778852621258139 1 1 1
  O 2.829799214852029 23.041015975681791 23.798234880351028 1 1 1
  O 8.3231584235490601 11.25551833535882 23.78024625963716 1 1 1
  O 8.2756992427476668 22.992200466100289 23.846561610388211 1 1 1
  O 0.057232523282088707 8.8740566608182494 32.006309907837178 1 1 1
  O 0.081110653192352083 20.744685068277491 32.107626463220122 1 1 1
  O 5.5567253555005731 8.941534144999423 31.987312736444419 1 1 1
  O 5.4193443053977468 20.67365093479923 32.09447724705111 1 1 1
  O -0.0062253324962554856 8.9668060809553545 27.59976628260744 1 1 1
  O 0.076357941201912916 20.69597624708096 27.537092260148501 1 1 1
  O 5.5270896479989364 8.9221852453447408 27.542760585405521 1 1 1
  O 5.4700768391297343 20.69677987368263 27.485760899245179 1 1 1
  O 2.8708672644564399 0.78102954477486108 30.296733443563362 1 1 1
  O 2.710946170171213 12.56860977404356 30.15172137144588 1 1 1
  O 8.1857784771320414 0.72065158495181647 30.201838200925639 1 1 1
  O 8.4069739591575097 12.59024003536522 30.243952770290321 1 1 1
  O 2.8428843799402901 5.2636148801936979 30.184618009929689 1 1 1
  O 2.707099350861049 16.971004633014921 30.227910117707282 1 1 1
  O 8.1902320604777774 5.2430851388735018 30.192260750377692 1 1 1
  O 8.3925654876306162 17.041501047376261 30.222744692897741 1 1 1
K_POINTS automatic
  4 2 1 0 0 0
HUBBARD (atomic)
U Co-3d 3.3200
U Cr-3d 3.7000
U Mn-3d 3.9000
