0.0
0.0
0.0
0.0
0.0
0.0
0.0
0.0
0.0
0.0
0.0
0.0
0.0
0.0
0.0
0.0
0.0
0.0
0.0
0.0
0.0
0.0
0.0
0.0
0.0
0.0
0.0
0.0
0.0
0.0
0.0
0.0
0.0
0.0
0.0
0.0
0.0
0.0
0.0
0.0
0.0
0.0
0.0
0.0
0.0
0.0
0.0
0.0
0.0
0.0
0.9486475301721984
-2.764295804948804e-05
-0.000753820660616503
0.007915359817903374
0.0017966530447274117
-2.764295804948804e-05
0.9940397036499333
0.000874390920067754
-0.0003020624352485019
0.0009167162806120596
-0.000753820660616503
0.000874390920067754
0.9993671008497416
0.0005047827726131732
-0.0009343416367358
0.007915359817903374
-0.0003020624352485019
0.0005047827726131732
0.990858142513307
-0.0029011172075318423
0.0017966530447274117
0.0009167162806120596
-0.0009343416367358
-0.0029011172075318423
0.7913898501481449
0.41790227304336613
0.04582511581925066
-0.0029028855321238905
0.1048870844828643
0.0033810832471548214
0.04582511581925066
0.7447597369742247
0.049649656350688756
-0.01479341503973859
0.00021037493894225973
-0.0029028855321238905
0.049649656350688756
0.21640167933585028
-0.00030553015551147364
0.0009383642022029622
0.1048870844828643
-0.01479341503973859
-0.00030553015551147364
0.970258973809642
0.007132301996928296
0.0033810832471548214
0.00021037493894225973
0.0009383642022029622
0.007132301996928296
0.40503620741752555
0.974490742453765
-0.0030741782761664178
0.0038072115423530045
0.005232502829532208
-0.0008279560401896871
-0.0030741782761664178
0.9948066738251671
0.0013012607036852854
0.0003166361127478013
-0.0012730901339753522
0.0038072115423530045
0.0013012607036852854
0.9942286683342559
-0.0008565106024654695
0.0009825977140001825
0.005232502829532208
0.0003166361127478013
-0.0008565106024654695
0.9930559247478916
-0.0018514895411771769
-0.0008279560401896871
-0.0012730901339753522
0.0009825977140001825
-0.0018514895411771769
0.8890017846567714
0.21193864325297818
0.008243699773784786
0.014956561983073435
0.016863263084955296
-0.003585998795915681
0.008243699773784786
0.9841857905318747
-0.0038073278267403057
-0.0010479179217106308
-0.0017914992154139493
0.014956561983073435
-0.0038073278267403057
0.9866837727641353
0.001543045581397628
-0.001148219326102052
0.016863263084955296
-0.0010479179217106308
0.001543045581397628
0.9906782931772063
0.006625389831817462
-0.003585998795915681
-0.0017914992154139493
-0.001148219326102052
0.006625389831817462
0.3301995752662669
0.9607028178249195
-0.0014747726891529906
-0.0023484321855859547
0.008375152881912845
-0.0013372222974896817
-0.0014747726891529906
0.9942424786210569
-0.0009612087857241393
0.0003619580598299471
0.0009967876222142097
-0.0023484321855859547
-0.0009612087857241393
0.9992510055029603
0.0006301962224872845
0.0007794642474654941
0.008375152881912845
0.0003619580598299471
0.0006301962224872845
0.9905143401370999
0.002575080899998203
-0.0013372222974896817
0.0009967876222142097
0.0007794642474654941
0.002575080899998203
0.7876194708060902
0.37801284444740757
-0.01632448619020371
0.001502801320423893
0.1207949045475872
-0.002027953514975166
-0.01632448619020371
0.7808589744511768
-0.03673959666783112
0.003920933232784939
-0.001487022052995037
0.001502801320423893
-0.03673959666783112
0.2146694061296215
-0.007807823526582088
-0.0008973779048786617
0.1207949045475872
0.003920933232784939
-0.007807823526582088
0.9620527845377496
-0.0068385141939269435
-0.002027953514975166
-0.001487022052995037
-0.0008973779048786617
-0.0068385141939269435
0.40390141980543237
0.9580147768209186
-0.002623637108984347
9.997467044142155e-05
-0.08591480252585011
-1.8493006571549735e-05
-0.002623637108984347
0.6756857972137369
0.0007929197042538309
-0.000711853723966637
-0.0003092842748468829
9.997467044142155e-05
0.0007929197042538309
0.9990518683320002
0.00025569677086295525
0.00012037461769966763
-0.08591480252585011
-0.000711853723966637
0.00025569677086295525
0.7597888396875132
-0.0009644700313368681
-1.8493006571549735e-05
-0.0003092842748468829
0.00012037461769966763
-0.0009644700313368681
0.9921024131107887
0.9145869711802236
0.0057246190699685165
0.005312950397063911
-0.16951488670717074
0.008084163635755683
0.0057246190699685165
0.5068941670952292
0.0018366101174992747
-0.002569686813596872
-0.000958235813077158
0.005312950397063911
0.0018366101174992747
0.3930573754296744
0.0015598031107492958
0.00660304061800109
-0.16951488670717074
-0.002569686813596872
0.0015598031107492958
0.5822884047243007
0.015632916950000304
0.008084163635755683
-0.000958235813077158
0.00660304061800109
0.015632916950000304
0.8300010761116892
0.9517565364569326
0.0009420463459701217
0.0006964747119138509
-0.09788643953942354
-0.00036350072131340137
0.0009420463459701217
0.7700181915796044
0.0005556851705122707
-0.0007221365477934181
7.201232995183513e-05
0.0006964747119138509
0.0005556851705122707
0.9893894788202444
0.0011627003090519412
6.028452608897266e-05
-0.09788643953942354
-0.0007221365477934181
0.0011627003090519412
0.7906707888911494
-0.00019034655338014467
-0.00036350072131340137
7.201232995183513e-05
6.028452608897266e-05
-0.00019034655338014467
0.9668970191284718
0.2001119909134453
-0.0013214865648693965
0.0034194801289004167
0.09994042630328705
0.0071345913121455455
-0.0013214865648693965
0.5274731368039742
0.00014285121064090618
0.00502990888300031
-0.0012790964564640297
0.0034194801289004167
0.00014285121064090618
0.9491379053543123
-0.0035816256689090767
-0.0020526295707495286
0.09994042630328705
0.00502990888300031
-0.0035816256689090767
0.389222680723658
-0.017916149936227928
0.0071345913121455455
-0.0012790964564640297
-0.0020526295707495286
-0.017916149936227928
0.9862342312049506
0.9567460205889597
0.0028181711800173994
-0.0005306007496838744
-0.08524867153134272
0.00042149110810435904
0.0028181711800173994
0.6776214796986688
-0.0013527337239629905
0.001064115777876199
-0.002256265304390751
-0.0005306007496838744
-0.0013527337239629905
0.9989308503516259
-0.0014916482863437594
-3.322566892671976e-05
-0.08524867153134272
0.001064115777876199
-0.0014916482863437594
0.7638221035177882
0.001241017895272473
0.00042149110810435904
-0.002256265304390751
-3.322566892671976e-05
0.001241017895272473
0.9924322177452025
0.9135969423269725
-0.005029200156350937
-0.0027045181037064683
-0.16920506735556293
-0.00907714280740393
-0.005029200156350937
0.5034162174769627
-0.0008311637445244876
0.0037402512361701563
0.004348910207852526
-0.0027045181037064683
-0.0008311637445244876
0.4004449739312787
0.006850842549796394
-0.020794595030526233
-0.16920506735556293
0.0037402512361701563
0.006850842549796394
0.5817422681945432
-0.01337103131673045
-0.00907714280740393
0.004348910207852526
-0.020794595030526233
-0.01337103131673045
0.8231981248711463
0.9146184895857047
-0.002662258698803293
-0.0032217128331736874
-0.14296275696889318
0.00017591863568285778
-0.002662258698803293
0.5490923877120197
0.0006770612720174348
-0.00026478315980848447
-0.0011259672679943447
-0.0032217128331736874
0.0006770612720174348
0.6515789723166585
-0.002577880650280055
-0.0015231129908980375
-0.14296275696889318
-0.00026478315980848447
-0.002577880650280055
0.6355284988582554
-5.081194841444378e-05
0.00017591863568285778
-0.0011259672679943447
-0.0015231129908980375
-5.081194841444378e-05
0.785833451945524
0.15249689938746952
0.0005341493009965644
-0.00033730012192660663
0.10657602567180685
0.00048744735522568655
0.0005341493009965644
0.40087777203069286
-0.00011751526890081263
-0.0020606908439769144
-0.000741805858765928
-0.00033730012192660663
-0.00011751526890081263
0.15892337340735735
-0.0008118818708999961
-0.0018513177631098272
0.10657602567180685
-0.0020606908439769144
-0.0008118818708999961
0.34590248401273643
0.0013339939902205487
0.00048744735522568655
-0.000741805858765928
-0.0018513177631098272
0.0013339939902205487
0.14779541798273277
0.7283057762853504
0.0028389579620423902
0.004941230137364552
0.028538350410171522
0.0009099747482786915
0.0028389579620423902
0.9872763136073175
0.0021255217405789124
0.0012657736659422347
-0.006223208484934221
0.004941230137364552
0.0021255217405789124
0.9965348818546382
-8.333973924216741e-05
0.006158863891523051
0.028538350410171522
0.0012657736659422347
-8.333973924216741e-05
0.9773796111940358
-0.004475397262363413
0.0009099747482786915
-0.006223208484934221
0.006158863891523051
-0.004475397262363413
0.6926394100366274
0.5239287948221849
0.000627266057712934
-0.0021327625770942433
0.024762355439436147
-0.024788694792442726
0.000627266057712934
0.7630647038214768
-0.10445377206313952
0.002379705996564277
-0.006365569297749415
-0.0021327625770942433
-0.10445377206313952
0.5171248377891724
-0.013058166131381329
-0.006061792104079913
0.024762355439436147
0.002379705996564277
-0.013058166131381329
0.9424259272094601
-0.011564862476967573
-0.024788694792442726
-0.006365569297749415
-0.006061792104079913
-0.011564862476967573
0.5206997293392144
0.5553277826315096
-0.010229232759718498
0.0022291292524913267
0.024217053504725132
0.003787957815314231
-0.010229232759718498
0.7904943958693051
0.017274994935266245
0.001238218358125436
0.0022325169739861243
0.0022291292524913267
0.017274994935266245
0.7201116140952093
0.005081216656564711
-0.0034885195586157264
0.024217053504725132
0.001238218358125436
0.005081216656564711
0.9676217199082595
0.0052798130243922985
0.003787957815314231
0.0022325169739861243
-0.0034885195586157264
0.0052798130243922985
0.5177995950834358
0.3959713733995998
-0.011483347069734992
0.001430462227374833
-0.027177398484576863
0.00662715047168998
-0.011483347069734992
0.15765045132659075
-0.005750125199592721
-0.0014907266771881187
-0.0012466956789999814
0.001430462227374833
-0.005750125199592721
0.16052659534799152
-0.001585664149183865
0.0038367108621365303
-0.027177398484576863
-0.0014907266771881187
-0.001585664149183865
0.1093538585723271
-0.00861248384416818
0.00662715047168998
-0.0012466956789999814
0.0038367108621365303
-0.00861248384416818
0.38776176960320674
0.0
0.0
0.0
0.0
0.0
0.0
0.0
0.0
0.0
0.0
0.0
0.0
0.0
0.0
0.0
0.0
0.0
0.0
0.0
0.0
0.0
0.0
0.0
0.0
0.0
0.0
0.0
0.0
0.0
0.0
0.0
0.0
0.0
0.0
0.0
0.0
0.0
0.0
0.0
0.0
0.0
0.0
0.0
0.0
0.0
0.0
0.0
0.0
0.0
0.0
0.5198332100380316
0.007032344238008473
-0.00404695656223982
0.016614673037436512
-0.004791214997142845
0.007032344238008473
0.8030419313548123
-0.021205789778799184
0.001386196611738748
0.0018529366701643642
-0.00404695656223982
-0.021205789778799184
0.8270775196179199
0.000285977604045094
0.00451746352934035
0.016614673037436512
0.001386196611738748
0.000285977604045094
0.9584149583861135
-0.004933957128069957
-0.004791214997142845
0.0018529366701643642
0.00451746352934035
-0.004933957128069957
0.5132874142793054
0.3493028241807167
0.008073534794242483
0.00245167784651745
-0.028254344197669746
-0.006288630544603908
0.008073534794242483
0.13339013048647516
0.004756429263568708
-0.000978121878140887
-0.0011522022338289533
0.00245167784651745
0.004756429263568708
0.12491352866317743
-0.0009748008134773511
-0.0059405537615759415
-0.028254344197669746
-0.000978121878140887
-0.0009748008134773511
0.10876846676015078
0.0082112276328522
-0.006288630544603908
-0.0011522022338289533
-0.0059405537615759415
0.0082112276328522
0.38109542214356945
0.8723877302734617
-0.007458714731423895
-0.009991594405433497
-0.1447870364501623
-0.0027623846485740422
-0.007458714731423895
0.5398786319328159
-0.0008204882493232895
0.004617775475260297
-0.00012318494611647586
-0.009991594405433497
-0.0008204882493232895
0.6549411962166973
0.001294922158142397
0.02006432415932121
-0.1447870364501623
0.004617775475260297
0.001294922158142397
0.6371504016385093
0.0030707684116564843
-0.0027623846485740422
-0.00012318494611647586
0.02006432415932121
0.0030707684116564843
0.7918837909101055
0.1750358680134968
0.008431828902185579
-0.00026147863793795484
0.12348151503890156
0.0030805058409630317
0.008431828902185579
0.37813252471951975
0.002701599598731904
-0.012259358250675189
-0.0030044495838823485
-0.00026147863793795484
0.002701599598731904
0.19869034857733342
0.0031055950561598446
-0.010552132971887365
0.12348151503890156
-0.012259358250675189
0.0031055950561598446
0.36839898168818175
0.005528034788882974
0.0030805058409630317
-0.0030044495838823485
-0.010552132971887365
0.005528034788882974
0.1734140953104847
0.0
0.0
0.0
0.0
0.0
0.0
0.0
0.0
0.0
0.0
0.0
0.0
0.0
0.0
0.0
0.0
0.0
0.0
0.0
0.0
0.0
0.0
0.0
0.0
0.0
0.0
0.0
0.0
0.0
0.0
0.0
0.0
0.0
0.0
0.0
0.0
0.0
0.0
0.0
0.0
0.0
0.0
0.0
0.0
0.0
0.0
0.0
0.0
0.0
0.0
0.0
0.0
0.0
0.0
0.0
0.0
0.0
0.0
0.0
0.0
0.0
0.0
0.0
0.0
0.0
0.0
0.0
0.0
0.0
0.0
0.0
0.0
0.0
0.0
0.0
0.0
0.0
0.0
0.0
0.0
0.0
0.0
0.0
0.0
0.0
0.0
0.0
0.0
0.0
0.0
0.0
0.0
0.0
0.0
0.0
0.0
0.0
0.0
0.0
0.0
0.0
0.0
0.0
0.0
0.0
0.0
0.0
0.0
0.0
0.0
0.0
0.0
0.0
0.0
0.0
0.0
0.0
0.0
0.0
0.0
0.0
0.0
0.0
0.0
0.0
0.0
0.0
0.0
0.0
0.0
0.0
0.0
0.0
0.0
0.0
0.0
0.0
0.0
0.0
0.0
0.0
0.0
0.0
0.0
0.0
0.0
0.0
0.0
0.0
0.0
0.5561930936388803
0.0016242208008033173
0.004653093975826881
0.05592215854112364
0.008632033234805166
0.0016242208008033173
0.9490945988269516
-0.02420801688571067
-0.0010133746341073977
-0.016743686329616717
0.004653093975826881
-0.02420801688571067
0.6496437268973876
-0.007924454317132247
0.0014405328584832912
0.05592215854112364
-0.0010133746341073977
-0.007924454317132247
0.9669170358652832
0.04271061720609997
0.008632033234805166
-0.016743686329616717
0.0014405328584832912
0.04271061720609997
0.49887343105805293
0.3795878071157446
-0.0009620120603839492
-0.005904265472396973
-0.030076985120705415
-0.004101560571769562
-0.0009620120603839492
0.11543547288148946
0.003751851677861049
-0.00048201009301872586
0.006050271703923258
-0.005904265472396973
0.003751851677861049
0.14293846613118108
0.0034924129085813385
-0.002125236033785959
-0.030076985120705415
-0.00048201009301872586
0.0034924129085813385
0.07431400916841853
-0.02274423000576487
-0.004101560571769562
0.006050271703923258
-0.002125236033785959
-0.02274423000576487
0.3155943604584988
0.0
0.0
0.0
0.0
0.0
0.0
0.0
0.0
0.0
0.0
0.0
0.0
0.0
0.0
0.0
0.0
0.0
0.0
0.0
0.0
0.0
0.0
0.0
0.0
0.0
0.0
0.0
0.0
0.0
0.0
0.0
0.0
0.0
0.0
0.0
0.0
0.0
0.0
0.0
0.0
0.0
0.0
0.0
0.0
0.0
0.0
0.0
0.0
0.0
0.0
0.5328210890265035
-0.013149135531036653
-0.0014030853462404763
0.051135029888650624
-0.010348170568801189
-0.013149135531036653
0.8181405852844684
-0.06998274115535312
0.015504062633924637
-0.00328438030492743
-0.0014030853462404763
-0.06998274115535312
0.7155098722657198
0.020989844046241334
-0.021716961029496176
0.051135029888650624
0.015504062633924637
0.020989844046241334
0.9600802275555772
-0.04401899085865323
-0.010348170568801189
-0.00328438030492743
-0.021716961029496176
-0.04401899085865323
0.5336920345826472
0.33741613453809216
-0.010085103560600184
-0.0016141659860000267
-0.03038743298237092
-0.0032424267988459122
-0.010085103560600184
0.1859714100861066
0.01661661678113169
-0.0007813553513895122
0.005551746307288892
-0.0016141659860000267
0.01661661678113169
0.177409182634809
-0.0013566231363404593
0.004086718407455628
-0.03038743298237092
-0.0007813553513895122
-0.0013566231363404593
0.0952308979826559
0.023812236534677338
-0.0032424267988459122
0.005551746307288892
0.004086718407455628
0.023812236534677338
0.36340738401070877
0.5642133375382226
0.003987792209794063
-0.00013979599235763225
0.04528656878363425
0.011373834969984337
0.003987792209794063
0.6676983342922937
0.05714261491400215
0.022833555301717448
0.011117347631859799
-0.00013979599235763225
0.05714261491400215
0.6283054211266289
0.004849471115241532
-0.005972747052215635
0.04528656878363425
0.022833555301717448
0.004849471115241532
0.9689682828475608
0.028715656117920728
0.011373834969984337
0.011117347631859799
-0.005972747052215635
0.028715656117920728
0.544983988723741
0.41266441319734437
-0.0018742683378869837
0.0007550644007194447
-0.030756491261705064
0.01742277399935617
-0.0018742683378869837
0.26474255805474955
-0.03437215665655432
-0.002046806841664118
-0.0019824730392170326
0.0007550644007194447
-0.03437215665655432
0.25156558751964464
-0.0012684290037179415
-0.007957795223105014
-0.030756491261705064
-0.002046806841664118
-0.0012684290037179415
0.11223995082744696
-0.023905095764259324
0.01742277399935617
-0.0019824730392170326
-0.007957795223105014
-0.023905095764259324
0.4043977936969048
0.9636391391025425
0.0013793232940926298
-0.004863200345068771
-0.08347628884709168
-0.0011632135437346339
0.0013793232940926298
0.7604665154932727
-0.007063396811813467
-0.001016698336190892
-0.009084940628594043
-0.004863200345068771
-0.007063396811813467
0.9941542568163049
-0.011794220983030703
0.001048165795685
-0.08347628884709168
-0.001016698336190892
-0.011794220983030703
0.7798261452311442
-0.004553972255893502
-0.0011632135437346339
-0.009084940628594043
0.001048165795685
-0.004553972255893502
0.9958676570764324
0.39986944104846417
-0.00490438488021269
-0.014452459913260371
-0.007863059888013474
-0.017813102464500845
-0.00490438488021269
0.5782523960556887
-0.011111174235085185
0.011778198767031721
-0.006881480529009754
-0.014452459913260371
-0.011111174235085185
0.8442093808205489
-0.014907240263565711
-0.03616981330195336
-0.007863059888013474
0.011778198767031721
-0.014907240263565711
0.54889667240634
-0.0111132973807513
-0.017813102464500845
-0.006881480529009754
-0.03616981330195336
-0.0111132973807513
0.7494100837440555
0.6423830045203823
0.006445433681761396
-0.011211506177110725
-0.05763108722231524
-0.010755364323347835
0.006445433681761396
0.5672444437828063
-0.0016105126938944954
-0.000981971462298621
0.006554580736241501
-0.011211506177110725
-0.0016105126938944954
0.8648398945698769
0.009504222189981962
-0.04391509923610175
-0.05763108722231524
-0.000981971462298621
0.009504222189981962
0.5932968870788565
0.008320507849600782
-0.010755364323347835
0.006554580736241501
-0.04391509923610175
0.008320507849600782
0.711925387881612
0.2393483439669673
-0.004170732228725364
-0.0017952240226649606
0.046132765534955336
0.0027941624100358904
-0.004170732228725364
0.4482108566307341
-0.003047651317600449
0.005024746224601186
-0.0036023343150717504
-0.0017952240226649606
-0.003047651317600449
0.16378369823303027
-0.006515128530850185
0.008188083186017488
0.046132765534955336
0.005024746224601186
-0.006515128530850185
0.4086792012729622
-0.00505529242992771
0.0027941624100358904
-0.0036023343150717504
0.008188083186017488
-0.00505529242992771
0.21727647599689576
0.991922113942411
-0.0017097717863015542
-0.0014322746051667033
-0.009075391356828081
7.50983725912126e-05
-0.0017097717863015542
0.9259887274565739
0.003076992533894937
0.007905682475592236
-0.0024697340820507845
-0.0014322746051667033
0.003076992533894937
0.9968452184341221
-0.004240856861955501
-0.00010197975635975237
-0.009075391356828081
0.007905682475592236
-0.004240856861955501
0.9621173170724415
0.0009832464334164437
7.50983725912126e-05
-0.0024697340820507845
-0.00010197975635975237
0.0009832464334164437
0.9971425253406333
0.8257854105584728
-0.010332004788887544
-0.019865276362375475
-0.314624738823695
0.019206869459646687
-0.010332004788887544
0.31851316726799533
0.018382190668939247
0.004290077539333363
-0.017076086096071908
-0.019865276362375475
0.018382190668939247
0.9754033681667087
-0.040698972403728495
6.093912284261768e-05
-0.314624738823695
0.004290077539333363
-0.040698972403728495
0.3800540545701549
0.03756266231185893
0.019206869459646687
-0.017076086096071908
6.093912284261768e-05
0.03756266231185893
0.9731412279221888
0.966786870491022
-0.009560191489198358
0.0025423278946804244
-0.06483745323525103
0.0012118823005287359
-0.009560191489198358
0.7794161182987884
-0.002758815067737599
0.02172160102836168
0.005503880369561298
0.0025423278946804244
-0.002758815067737599
0.992956392733743
0.00795102263487488
-0.0007989717009287306
-0.06483745323525103
0.02172160102836168
0.00795102263487488
0.798180481374
0.001688496382207547
0.0012118823005287359
0.005503880369561298
-0.0007989717009287306
0.001688496382207547
0.9804668725807848
0.9414365346345106
-0.0331313480951568
-0.026865736607253443
-0.15740450303497447
-0.009930570612668197
-0.0331313480951568
0.3576058922656583
0.0032789548554217375
-0.002307395973991044
0.005158757260181181
-0.026865736607253443
0.0032789548554217375
0.24897423896537402
5.2429238214403555e-05
0.015715730594467327
-0.15740450303497447
-0.002307395973991044
5.2429238214403555e-05
0.501816533505027
-0.03704201511631723
-0.009930570612668197
0.005158757260181181
0.015715730594467327
-0.03704201511631723
0.9763618255493952
0.0
0.0
0.0
0.0
0.0
0.0
0.0
0.0
0.0
0.0
0.0
0.0
0.0
0.0
0.0
0.0
0.0
0.0
0.0
0.0
0.0
0.0
0.0
0.0
0.0
0.0
0.0
0.0
0.0
0.0
0.0
0.0
0.0
0.0
0.0
0.0
0.0
0.0
0.0
0.0
0.0
0.0
0.0
0.0
0.0
0.0
0.0
0.0
0.0
0.0
0.0
0.0
0.0
0.0
0.0
0.0
0.0
0.0
0.0
0.0
0.0
0.0
0.0
0.0
0.0
0.0
0.0
0.0
0.0
0.0
0.0
0.0
0.0
0.0
0.0
0.0
0.0
0.0
0.0
0.0
0.0
0.0
0.0
0.0
0.0
0.0
0.0
0.0
0.0
0.0
0.0
0.0
0.0
0.0
0.0
0.0
0.0
0.0
0.0
0.0
0.0
0.0
0.0
0.0
0.0
0.0
0.0
0.0
0.0
0.0
0.0
0.0
0.0
0.0
0.0
0.0
0.0
0.0
0.0
0.0
0.0
0.0
0.0
0.0
0.0
0.0
0.0
0.0
0.0
0.0
0.0
0.0
0.0
0.0
0.0
0.0
0.0
0.0
0.0
0.0
0.0
0.0
0.0
0.0
0.0
0.0
0.0
0.0
0.0
0.0
0.0
0.0
0.0
0.0
0.0
0.0
0.0
0.0
0.0
0.0
0.0
0.0
0.0
0.0
0.0
0.0
0.0
0.0
0.0
0.0
0.0
0.0
0.0
0.0
0.0
0.0
0.0
0.0
0.0
0.0
0.0
0.0
0.0
0.0
0.0
0.0
0.0
0.0
0.0
0.0
0.0
0.0
0.0
0.0
0.0
0.0
0.0
0.0
0.0
0.0
0.0
0.0
0.0
0.0
0.0
0.0
0.0
0.0
0.0
0.0
0.0
0.0
0.0
0.0
0.0
0.0
0.0
0.0
0.0
0.0
0.0
0.0
0.0
0.0
0.0
0.0
0.0
0.0
0.0
0.0
0.0
0.0
0.0
0.0
0.0
0.0
0.0
0.0
0.0
0.0
0.0
0.0
0.0
0.0
0.0
0.0
0.0
0.0
0.0
0.0
0.0
0.0
0.0
0.0
0.0
0.0
0.0
0.0
0.0
0.0
0.0
0.0
0.0
0.0
0.0
0.0
0.0
0.0
0.0
0.0
0.0
0.0
0.0
0.0
0.0
0.0
0.0
0.0
0.0
0.0
0.0
0.0
0.0
0.0
0.0
0.0
0.0
0.0
0.0
0.0
0.0
0.0
0.0
0.0
0.0
0.0
0.0
0.0
0.0
0.0
0.0
0.0
0.0
0.0
0.0
0.0
0.0
0.0
0.0
0.0
0.0
0.0
0.0
0.0
0.0
0.0
0.0
0.0
0.0
0.0
0.0
0.0
0.0
0.0
0.0
0.0
0.0
0.0
0.0
0.0
0.0
0.0
0.0
0.0
0.0
0.0
0.0
0.0
0.0
0.0
0.0
0.0
0.0
0.0
0.0
0.0
0.0
0.0
0.0
0.0
0.0
0.0
0.0
0.0
0.0
0.0
0.0
0.0
0.0
0.0
0.0
0.0
0.0
0.0
0.0
0.0
0.0
0.0
0.0
0.0
0.0
0.0
0.0
0.0
0.0
0.0
0.0
0.0
0.0
0.0
0.0
0.0
0.0
0.0
0.0
0.0
0.0
0.0
0.0
0.0
0.0
0.0
0.0
0.0
0.0
0.0
0.0
0.0
0.0
0.0
0.0
0.0
0.0
0.0
0.0
0.0
0.0
0.0
0.0
0.0
0.0
0.0
0.0
0.0
0.0
0.0
0.0
0.0
0.0
0.0
0.0
0.0
0.0
0.0
0.0
0.0
0.0
0.0
0.0
0.0
0.0
0.0
0.0
0.0
0.0
0.0
0.0
0.0
0.0
0.0
0.0
0.0
0.0
0.0
0.0
0.0
0.0
0.0
0.0
0.0
0.0
0.0
0.0
0.0
0.0
0.0
0.0
0.0
0.0
0.0
0.0
0.0
0.0
0.0
0.0
0.0
0.0
0.0
0.0
0.0
0.0
0.0
0.0
0.0
0.0
0.0
0.0
0.0
0.0
0.0
0.0
0.0
0.0
0.0
0.0
0.0
0.0
0.0
0.0
0.0
0.0
0.0
0.0
0.0
0.0
0.0
0.0
0.0
0.0
0.0
0.0
0.0
0.0
0.0
0.0
0.0
0.0
0.0
0.0
0.0
0.0
0.0
0.0
0.0
0.0
0.0
0.0
0.0
0.0
0.0
0.0
0.0
0.0
0.0
0.0
0.0
0.0
0.0
0.0
0.0
0.0
0.0
0.0
0.0
0.0
0.0
0.0
0.0
0.0
0.0
0.0
0.0
0.0
0.0
0.0
0.0
0.0
0.0
0.0
0.0
0.0
0.0
0.0
0.0
0.0
0.0
0.0
0.0
0.0
0.0
0.0
0.0
0.0
0.0
0.0
0.0
0.0
0.0
0.0
0.0
0.0
0.0
0.0
0.0
0.0
0.0
0.0
0.0
0.0
0.0
0.0
0.0
0.0
0.0
0.0
0.0
0.0
0.0
0.0
0.0
0.0
0.0
0.0
0.0
0.0
0.0
0.0
0.0
0.0
0.0
0.0
0.0
0.0
0.0
0.0
0.0
0.0
0.0
0.0
0.0
0.0
0.0
0.0
0.0
0.0
0.0
0.0
0.0
0.0
0.0
0.0
0.0
0.0
0.0
0.0
0.0
0.0
0.0
0.0
0.0
0.0
0.0
0.0
0.0
0.0
0.0
0.0
0.0
0.0
0.0
0.0
0.0
0.0
0.0
0.0
0.0
0.0
0.0
0.0
0.0
0.0
0.0
0.0
0.0
0.0
0.0
0.0
0.0
0.0
0.0
0.0
0.0
0.0
0.0
0.0
0.0
0.0
0.0
0.0
0.0
0.0
0.0
0.0
0.0
0.0
0.0
0.0
0.0
0.0
0.0
0.0
0.0
0.0
0.0
0.0
0.0
0.0
0.0
0.0
0.0
0.0
0.0
0.0
0.0
0.0
0.0
0.0
0.0
0.0
0.0
0.0
0.0
0.0
0.0
0.0
0.0
0.0
0.0
0.0
0.0
0.0
0.0
0.0
0.0
0.0
0.0
0.0
0.0
0.0
0.0
0.0
0.0
0.0
0.0
0.0
0.0
0.0
0.0
0.0
0.0
0.0
0.0
0.0
0.0
0.0
0.0
0.0
0.0
0.0
0.0
0.0
0.0
0.0
0.0
0.0
0.0
0.0
0.0
0.0
0.0
0.0
0.0
0.0
0.0
0.0
0.0
0.0
0.0
0.0
0.0
0.0
0.0
0.0
0.0
0.0
0.0
0.0
0.0
0.0
0.0
0.0
0.0
0.0
0.0
0.0
0.0
0.0
0.0
0.0
0.0
0.0
0.0
0.0
0.0
0.0
0.0
0.0
0.0
0.0
0.0
0.0
0.0
0.0
0.0
0.0
0.0
0.0
0.0
0.0
0.0
0.0
0.0
0.0
0.0
0.0
0.0
0.0
0.0
0.0
0.0
0.0
0.0
0.0
0.0
0.0
0.0
0.0
0.0
0.0
0.0
0.0
0.0
0.0
0.0
0.0
0.0
0.0
0.0
0.0
0.0
0.0
0.0
0.0
0.0
0.0
0.0
0.0
0.0
0.0
0.0
0.0
0.0
0.0
0.0
0.0
0.0
0.0
0.0
0.0
0.0
0.0
0.0
0.0
0.0
0.0
0.0
0.0
0.0
0.0
0.0
0.0
0.0
0.0
0.0
0.0
0.0
0.0
0.0
0.0
0.0
0.0
0.0
0.0
0.0
0.0
0.0
0.0
0.0
0.0
0.0
0.0
0.0
0.0
0.0
0.0
0.0
0.0
0.0
0.0
0.0
0.0
0.0
0.0
0.0
0.0
0.0
0.0
0.0
0.0
0.0
0.0
0.0
0.0
0.0
0.0
0.0
0.0
0.0
0.0
0.0
0.0
0.0
0.0
0.0
0.0
0.0
0.0
0.0
0.0
0.0
0.0
0.0
0.0
0.0
0.0
0.0
0.0
0.0
0.0
0.0
0.0
0.0
0.0
0.0
0.0
0.0
0.0
0.0
0.0
0.0
0.0
0.0
0.0
0.0
0.0
0.0
0.0
0.0
0.0
0.0
0.0
0.0
0.0
0.0
0.0
0.0
0.0
0.0
0.0
0.0
0.0
0.0
0.0
0.0
0.0
0.0
0.0
0.0
0.0
0.0
0.0
0.0
0.0
0.0
0.0
0.0
0.0
0.0
0.0
0.0
0.0
0.0
0.0
0.0
0.0
0.0
0.0
0.0
0.0
0.0
0.0
0.0
0.0
0.0
0.0
0.0
0.0
0.0
0.0
0.0
0.0
0.0
0.0
0.0
0.0
0.0
0.0
0.0
0.0
0.0
0.0
0.0
0.0
0.0
0.0
0.0
0.0
0.0
0.0
0.0
0.0
0.0
0.0
0.0
0.0
0.0
0.0
0.0
0.0
0.0
0.0
0.0
0.0
0.0
0.0
0.0
0.0
0.0
0.0
0.0
0.0
0.0
0.0
0.0
0.0
0.0
0.0
0.0
0.0
0.0
0.0
0.0
0.0
0.0
0.0
0.0
0.0
0.0
0.0
0.0
0.0
0.0
0.0
0.0
0.0
0.0
0.0
0.0
0.0
0.0
0.0
0.0
0.0
0.0
0.0
0.0
0.0
0.0
0.0
0.0
0.0
0.0
0.0
0.0
0.0
0.0
0.0
0.0
0.0
0.0
0.0
0.0
0.0
0.0
0.0
0.0
0.0
0.0
0.0
0.0
0.0
0.0
0.0
0.0
0.0
0.0
0.0
0.0
0.0
0.0
0.0
0.0
0.0
0.0
0.0
0.0
0.0
0.0
0.0
0.0
0.0
0.0
0.0
0.0
0.0
0.0
0.0
0.0
0.0
0.0
0.0
0.0
0.0
0.0
0.0
0.0
0.0
0.0
0.0
0.0
0.0
0.0
0.0
0.0
0.0
0.0
0.0
0.0
0.0
0.0
0.0
0.0
0.0
0.0
0.0
0.0
0.0
0.0
0.0
0.0
0.0
0.0
0.0
0.0
0.0
0.0
0.0
0.0
0.0
0.0
0.0
0.0
0.0
0.0
0.0
0.0
0.0
0.0
0.0
0.0
0.0
0.0
0.0
0.0
0.0
0.0
0.0
0.0
0.0
0.0
0.0
0.0
0.0
0.0
0.0
0.0
0.0
0.0
0.0
0.0
0.0
0.0
0.0
0.0
0.0
0.0
0.0
0.0
0.0
0.0
0.0
0.0
0.0
0.0
0.0
0.0
0.0
0.0
0.0
0.0
0.0
0.0
0.0
0.0
0.0
0.0
0.0
0.0
0.0
0.0
0.0
0.0
0.0
0.0
0.0
0.0
0.0
0.0
0.0
0.0
0.0
0.0
0.0
0.0
0.0
0.0
0.0
0.0
0.0
0.0
0.0
0.0
0.0
0.0
0.0
0.0
0.0
0.0
0.0
0.0
0.0
0.0
0.0
0.0
0.0
0.0
0.0
0.0
0.0
0.0
0.0
0.0
0.0
0.0
0.0
0.0
0.0
0.0
0.0
0.0
0.0
0.0
0.0
0.0
0.0
0.0
0.0
0.0
0.0
0.0
0.0
0.0
0.0
0.0
0.0
0.0
0.0
0.0
0.0
0.0
0.0
0.0
0.0
0.0
0.0
0.0
0.0
0.0
0.0
0.0
0.0
0.0
0.0
0.0
0.0
0.0
0.0
0.0
0.0
0.0
0.0
0.0
0.0
0.0
0.0
0.0
0.0
0.0
0.0
0.0
0.0
0.0
0.0
0.0
0.0
0.0
0.0
0.0
0.0
0.0
0.0
0.0
0.0
0.0
0.0
0.0
0.0
0.0
0.0
0.0
0.0
0.0
0.0
0.0
0.0
0.0
0.0
0.0
0.0
0.0
0.0
0.0
0.0
0.0
0.0
0.0
0.0
0.0
0.0
0.0
0.0
0.0
0.0
0.0
0.0
0.0
0.0
0.0
0.0
0.0
0.0
0.0
0.0
0.0
0.0
0.0
0.0
0.0
0.0
0.0
0.0
0.0
0.0
0.0
0.0
0.0
0.0
0.0
0.0
0.0
0.0
0.0
0.0
0.0
0.0
0.0
0.0
0.0
0.0
0.0
0.0
0.0
0.0
0.0
0.0
0.0
0.0
0.0
0.0
0.0
0.0
0.0
0.0
0.0
0.0
0.0
0.0
0.0
0.0
0.0
0.0
0.0
0.0
0.0
0.0
0.0
0.0
0.0
0.0
0.0
0.0
0.0
0.0
0.0
0.0
0.0
0.0
0.0
0.0
0.0
0.0
0.0
0.0
0.0
0.0
0.0
0.0
0.0
0.0
0.0
0.0
0.0
0.0
0.0
0.0
0.0
0.0
0.0
0.0
0.0
0.0
0.0
0.0
0.0
0.0
0.0
0.0
0.0
0.0
0.0
0.0
0.0
0.0
0.0
0.0
0.0
0.0
0.0
0.0
0.0
0.0
0.0
0.0
0.0
0.0
0.0
0.0
0.0
0.0
0.0
0.0
0.0
0.0
0.0
0.0
0.0
0.0
0.0
0.0
0.0
0.0
0.0
0.0
0.0
0.0
0.0
0.0
0.0
0.0
0.0
0.0
0.0
0.0
0.0
0.0
0.0
0.0
0.0
0.0
0.0
0.0
0.0
0.0
0.0
0.0
0.0
0.0
0.0
0.0
0.0
0.0
0.0
0.0
0.0
0.0
0.0
0.0
0.0
0.0
0.0
0.0
0.0
0.0
0.0
0.0
0.0
0.0
0.0
0.0
0.0
0.0
0.0
0.0
0.0
0.0
0.0
0.0
0.0
0.0
0.0
0.0
0.0
0.0
0.0
0.0
0.0
0.0
0.0
0.0
0.0
0.0
0.0
0.0
0.0
0.0
0.0
0.0
0.0
0.0
0.0
0.0
0.0
0.0
0.0
0.0
0.0
0.0
0.0
0.0
0.0
0.0
0.0
0.0
0.0
0.0
0.0
0.0
0.0
0.0
0.0
0.0
0.0
0.0
0.0
0.0
0.0
0.0
0.0
0.0
0.0
0.0
0.0
0.0
0.0
0.0
0.0
0.0
0.0
0.0
0.0
0.0
0.0
0.0
0.0
0.0
0.0
0.0
0.0
0.0
0.0
0.0
0.0
0.0
0.0
0.0
0.0
0.0
0.0
0.0
0.0
0.0
0.0
0.0
0.0
0.0
0.0
0.0
0.0
0.0
0.0
0.0
0.0
0.0
0.0
0.0
0.0
0.0
0.0
0.0
0.0
0.0
0.0
0.0
0.0
0.0
0.0
0.0
0.0
0.0
0.0
0.0
0.0
0.0
0.0
0.0
0.0
0.0
0.0
0.0
0.0
0.0
0.0
0.0
0.0
0.0
0.0
0.0
0.0
0.0
0.0
0.0
0.0
0.0
0.0
0.0
0.0
0.0
0.0
0.0
0.0
0.0
0.0
0.0
0.0
0.0
0.0
0.0
0.0
0.0
0.0
0.0
0.0
0.0
0.0
0.0
0.0
0.0
0.0
0.0
0.0
0.0
0.0
0.0
0.0
0.0
0.0
0.0
0.0
0.0
0.0
0.0
0.0
0.0
0.0
0.0
0.0
0.0
0.0
0.0
0.0
0.0
0.0
0.0
0.0
0.0
0.0
0.0
0.0
0.0
0.0
0.0
0.0
0.0
0.0
0.0
0.0
0.0
0.0
0.0
0.0
0.0
0.0
0.0
0.0
0.0
0.0
0.0
0.0
0.0
0.0
0.0
0.0
0.0
0.0
0.0
0.0
0.0
0.0
0.0
0.0
0.0
0.0
0.0
0.0
0.0
0.0
0.0
0.0
0.0
0.0
0.0
0.0
0.0
0.0
0.0
0.0
0.0
0.0
0.0
0.0
0.0
0.0
0.0
0.0
0.0
0.0
0.0
0.0
0.0
0.0
0.0
0.0
0.0
0.0
0.0
0.0
0.0
0.0
0.0
0.0
0.0
0.0
0.0
0.0
0.0
0.0
0.0
0.0
0.0
0.0
0.0
0.0
0.0
0.0
0.0
0.0
0.0
0.0
0.0
0.0
0.0
0.0
0.0
0.0
0.0
0.0
0.0
0.0
0.0
0.0
0.0
0.0
0.0
0.0
0.0
0.0
0.0
0.0
0.0
0.0
0.0
0.0
0.0
0.0
0.0
0.0
0.0
0.0
0.0
0.0
0.0
0.0
0.0
0.0
0.0
0.0
0.0
0.0
0.0
0.0
0.0
0.0
0.0
0.0
0.0
0.0
0.0
0.0
0.0
0.0
0.0
0.0
0.0
0.0
0.0
0.0
0.0
0.0
0.0
0.0
0.0
0.0
0.0
0.0
0.0
0.0
0.0
0.0
0.0
0.0
0.0
0.0
0.0
0.0
0.0
0.0
0.0
0.0
0.0
0.0
0.0
0.0
0.0
0.0
0.0
0.0
0.0
0.0
0.0
0.0
0.0
0.0
0.0
0.0
0.0
0.0
0.0
0.0
0.0
0.0
0.0
0.0
0.0
0.0
0.0
0.0
0.0
0.0
0.0
0.0
0.0
0.0
0.0
0.0
0.0
0.0
0.0
0.0
0.0
0.0
0.0
0.0
0.0
0.0
0.0
0.0
0.0
0.0
0.0
0.0
0.0
0.0
0.0
0.0
0.0
0.0
0.0
0.0
0.0
0.0
0.0
0.0
0.0
0.0
0.0
0.0
0.0
0.0
0.0
0.0
0.0
0.0
0.0
0.0
0.0
0.0
0.0
0.0
0.0
0.0
0.0
0.0
0.0
0.0
0.0
0.0
0.0
0.0
0.0
0.0
0.0
0.0
0.0
0.0
0.0
0.0
0.0
0.0
0.0
0.0
0.0
0.0
0.0
0.0
0.0
0.0
0.0
0.0
0.0
0.0
0.0
0.0
0.0
0.0
0.0
0.0
0.0
0.0
0.0
0.0
0.0
0.0
0.0
0.0
0.0
0.0
0.0
0.0
0.0
0.0
0.0
0.0
0.0
0.0
0.0
0.0
0.0
0.0
0.0
0.0
0.0
0.0
0.0
0.0
0.0
0.0
0.0
0.0
0.0
0.0
0.0
0.0
0.0
0.0
0.0
0.0
0.0
0.0
0.0
0.0
0.0
0.0
0.0
0.0
0.0
0.0
0.0
0.0
0.0
0.0
0.0
0.0
0.0
0.0
0.0
0.0
0.0
0.0
0.0
0.0
0.0
0.0
0.0
0.0
0.0
0.0
0.0
0.0
0.0
0.0
0.0
0.0
0.0
0.0
0.0
0.0
0.0
0.0
0.0
0.0
0.0
0.0
0.0
0.0
0.0
0.0
0.0
0.0
0.0
0.0
0.0
0.0
0.0
0.0
0.0
0.0
0.0
0.0
0.0
0.0
0.0
0.0
0.0
0.0
0.0
0.0
0.0
0.0
0.0
0.0
0.0
0.0
0.0
0.0
0.0
0.0
0.0
0.0
0.0
0.0
0.0
0.0
0.0
0.0
0.0
0.0
0.0
0.0
0.0
0.0
0.0
0.0
0.0
0.0
0.0
0.0
0.0
0.0
0.0
0.0
0.0
0.0
0.0
0.0
0.0
0.0
0.0
0.0
0.0
0.0
0.0
0.0
0.0
0.0
0.0
0.0
0.0
0.0
0.0
0.0
0.0
0.0
0.0
0.0
0.0
0.0
0.0
0.0
0.0
0.0
0.0
0.0
0.0
0.0
0.0
0.0
0.0
0.0
0.0
0.0
0.0
0.0
0.0
0.0
0.0
0.0
0.0
0.0
0.0
0.0
0.0
0.0
0.0
0.0
0.0
0.0
0.0
0.0
0.0
0.0
0.0
0.0
0.0
0.0
0.0
0.0
0.0
0.0
0.0
0.0
0.0
0.0
0.0
0.0
0.0
0.0
0.0
0.0
0.0
0.0
0.0
0.0
0.0
0.0
0.0
0.0
0.0
0.0
0.0
0.0
0.0
0.0
0.0
0.0
0.0
0.0
0.0
0.0
0.0
0.0
0.0
0.0
0.0
0.0
0.0
0.0
0.0
0.0
0.0
0.0
0.0
0.0
0.0
0.0
0.0
0.0
0.0
0.0
0.0
0.0
0.0
0.0
0.0
0.0
0.0
0.0
0.0
0.0
0.0
0.0
0.0
0.0
0.0
0.0
0.0
0.0
0.0
0.0
0.0
0.0
0.0
0.0
0.0
0.0
0.0
0.0
0.0
0.0
0.0
0.0
0.0
0.0
0.0
0.0
0.0
0.0
0.0
0.0
0.0
0.0
0.0
0.0
0.0
0.0
0.0
0.0
0.0
0.0
0.0
0.0
0.0
0.0
0.0
0.0
0.0
0.0
0.0
0.0
0.0
0.0
0.0
0.0
0.0
0.0
0.0
0.0
0.0
0.0
0.0
0.0
0.0
0.0
0.0
0.0
0.0
0.0
0.0
0.0
0.0
0.0
0.0
0.0
0.0
0.0
0.0
0.0
0.0
0.0
0.0
0.0
0.0
0.0
0.0
0.0
0.0
0.0
0.0
0.0
0.0
0.0
0.0
0.0
0.0
0.0
0.0
0.0
0.0
0.0
0.0
0.0
0.0
0.0
0.0
0.0
0.0
0.0
0.0
0.0
0.0
0.0
0.0
0.0
0.0
0.0
0.0
0.0
0.0
0.0
0.0
0.0
0.0
0.0
0.0
0.0
0.0
0.0
0.0
0.0
0.0
0.0
0.0
0.0
0.0
0.0
0.0
0.0
0.0
0.0
0.0
0.0
0.0
0.0
0.0
0.0
0.0
0.0
0.0
0.0
0.0
0.0
0.0
0.0
0.0
0.0
0.0
0.0
0.0
0.0
0.0
0.0
0.0
0.0
0.0
0.0
0.0
0.0
0.0
0.0
0.0
0.0
0.0
0.0
0.0
0.0
0.0
0.0
0.0
0.0
0.0
0.0
